PLAYER_ID,PLAYER_NAME,NICKNAME,TEAM_ID,TEAM_ABBREVIATION,AGE,GP,W,L,W_PCT,MIN,FGM,FGA,FG_PCT,FG3M,FG3A,FG3_PCT,FTM,FTA,FT_PCT,OREB,DREB,REB,AST,TOV,STL,BLK,BLKA,PF,PFD,PTS,PLUS_MINUS,NBA_FANTASY_PTS,DD2,TD3,WNBA_FANTASY_PTS,GP_RANK,W_RANK,L_RANK,W_PCT_RANK,MIN_RANK,FGM_RANK,FGA_RANK,FG_PCT_RANK,FG3M_RANK,FG3A_RANK,FG3_PCT_RANK,FTM_RANK,FTA_RANK,FT_PCT_RANK,OREB_RANK,DREB_RANK,REB_RANK,AST_RANK,TOV_RANK,STL_RANK,BLK_RANK,BLKA_RANK,PF_RANK,PFD_RANK,PTS_RANK,PLUS_MINUS_RANK,NBA_FANTASY_PTS_RANK,DD2_RANK,TD3_RANK,WNBA_FANTASY_PTS_RANK,team_poss,USG_PCT_RANK,DREB_PCT_RANK,sp_work_NET_RATING_RANK,E_NET_RATING_RANK,AST_PCT,PACE_PER40,DEF_RATING_RANK,OREB_PCT,AST_RATIO_RANK,OFF_RATING_RANK,PACE_RANK,E_DEF_RATING,OFF_RATING,REB_PCT_RANK,FGA_PG,EFG_PCT_RANK,FGM_PG,PACE,sp_work_PACE,FGA_PG_RANK,E_TOV_PCT_RANK,DREB_PCT,E_NET_RATING,OREB_PCT_RANK,sp_work_PACE_RANK,sp_work_OFF_RATING_RANK,POSS,USG_PCT,E_USG_PCT,E_TOV_PCT,E_DEF_RATING_RANK,REB_PCT,PIE,TM_TOV_PCT,TS_PCT_RANK,E_OFF_RATING,sp_work_DEF_RATING,sp_work_OFF_RATING,PIE_RANK,AST_TO,FGM_PG_RANK,NET_RATING,E_PACE_RANK,EFG_PCT,AST_RATIO,NET_RATING_RANK,E_OFF_RATING_RANK,E_PACE,sp_work_DEF_RATING_RANK,AST_PCT_RANK,TS_PCT,AST_TO_RANK,DEF_RATING,E_USG_PCT_RANK,TM_TOV_PCT_RANK,sp_work_NET_RATING,AST_ADJ,POTENTIAL_AST,PASSES_RECEIVED,FT_AST,AST_TO_PASS_PCT,AST_PTS_CREATED,PASSES_MADE,SECONDARY_AST,AST_TO_PASS_PCT_ADJ,DRIVE_AST_PCT,DRIVE_PF_PCT,DRIVE_PASSES,DRIVE_PTS,DRIVE_PTS_PCT,DRIVE_FGM,DRIVE_PASSES_PCT,DRIVE_TOV,DRIVE_FT_PCT,DRIVES,DRIVE_AST,DRIVE_FTM,DRIVE_FG_PCT,DRIVE_PF,DRIVE_FGA,DRIVE_FTA,DRIVE_TOV_PCT,TIME_OF_POSS,POINTS,ELBOW_TOUCHES,AVG_SEC_PER_TOUCH,FRONT_CT_TOUCHES,PTS_PER_TOUCH,PTS_PER_ELBOW_TOUCH,POST_TOUCHES,PTS_PER_PAINT_TOUCH,AVG_DRIB_PER_TOUCH,PTS_PER_POST_TOUCH,TOUCHES,PAINT_TOUCHES,DREB_CHANCE_DEFER,AVG_OREB_DIST,DREB_CHANCE_PCT_ADJ,DREB_CHANCES,OREB_CHANCE_PCT,REB_CHANCE_DEFER,DREB_CONTEST,OREB_CONTEST,OREB_CHANCE_DEFER,DREB_CONTEST_PCT,OREB_CHANCE_PCT_ADJ,DREB_CHANCE_PCT,OREB_UNCONTEST,REB_CONTEST,AVG_REB_DIST,REB_CHANCE_PCT_ADJ,DREB_UNCONTEST,REB_CONTEST_PCT,REB_CHANCES,OREB_CHANCES,REB_CHANCE_PCT,OREB_CONTEST_PCT,REB_UNCONTEST,AVG_DREB_DIST,PLAYER_LAST_TEAM_ABBREVIATION,G,very_tight_FG3_PCT,very_tight_FG2A_FREQUENCY,very_tight_FGA,very_tight_FG3A,very_tight_FG2A,very_tight_FG2_PCT,very_tight_FG_PCT,very_tight_FG3A_FREQUENCY,very_tight_FG3M,very_tight_FG2M,very_tight_FGA_FREQUENCY,very_tight_FGM,very_tight_EFG_PCT,tight_FG3A_FREQUENCY,tight_FG3A,tight_FG3M,tight_FG2A_FREQUENCY,tight_FGA,tight_EFG_PCT,tight_FG2A,tight_FG2_PCT,tight_FG2M,tight_FG_PCT,tight_FGM,tight_FG3_PCT,tight_FGA_FREQUENCY,open_FG_PCT,open_FG2_PCT,open_FG2M,open_EFG_PCT,open_FGA,open_FG2A,open_FG2A_FREQUENCY,open_FGA_FREQUENCY,open_FGM,open_FG3M,open_FG3A,open_FG3_PCT,open_FG3A_FREQUENCY,wide_open_FG_PCT,wide_open_FGA,wide_open_FG2A,wide_open_FG3A,wide_open_FG3_PCT,wide_open_FG3M,wide_open_FG2A_FREQUENCY,wide_open_FG2M,wide_open_FG2_PCT,wide_open_EFG_PCT,wide_open_FGA_FREQUENCY,wide_open_FGM,wide_open_FG3A_FREQUENCY,PULL_UP_FG_PCT,PULL_UP_PTS,PULL_UP_FG3_PCT,PULL_UP_EFG_PCT,PULL_UP_FG3M,PULL_UP_FGM,PULL_UP_FG3A,PULL_UP_FGA,CATCH_SHOOT_FG_PCT,PAINT_TOUCH_FG_PCT,EFF_FG_PCT,ELBOW_TOUCH_FG_PCT,POST_TOUCH_FG_PCT,POST_TOUCH_PTS,PAINT_TOUCH_PTS,ELBOW_TOUCH_PTS,CATCH_SHOOT_PTS,RIGHT_CORNER_3_FG_PCT,ABOVE_BREAK_3_FGA,LEFT_CORNER_3_FG_PCT,ABOVE_BREAK_3_FGM,CORNER_3_FG_PCT,RA_FG_PCT,BACKCOURT_FG_PCT,BACKCOURT_FGA,ITP_FGA,MID_FGA,RIGHT_CORNER_3_FGM,RA_FGA,MID_FG_PCT,LEFT_CORNER_3_FGA,MID_FGM,ITP_FGM,RA_FGM,CORNER_3_FGA,ABOVE_BREAK_3_FG_PCT,ITP_FG_PCT,RIGHT_CORNER_3_FGA,BACKCOURT_FGM,CORNER_3_FGM,LEFT_CORNER_3_FGM,PLAYER_POSITION,FGA_LT_06,FGM_LT_06,PLUSMINUS,NS_LT_06_PCT,FREQ,LT_06_PCT,FGP_35_39,FGA_LT_5,FGA_30_34,FGM_25_29,FGM_15_19,FGA_25_29,FGP_LT_5,FGM_10_14,FGA_35_39,FGP_30_34,FGP_10_14,FGA_5_9,FGP_15_19,FGM_LT_5,FGM_20_24,FGA_15_19,FGA_20_24,FGP_40_PLUS,FGM_30_34,TEAM_ABBR,FGP_20_24,FGA_10_14,FGP_5_9,FGM_5_9,FGP_25_29,FGM_40_PLUS,FGA_40_PLUS,FGM_35_39,CATCH_SHOOT_FG3A,CATCH_SHOOT_FGA,CATCH_SHOOT_FG3M,CATCH_SHOOT_FGM,CATCH_SHOOT_FG3_PCT,CATCH_SHOOT_EFG_PCT,PCT_PLUSMINUS,D_FGM,NORMAL_FG_PCT,D_FGA,D_FG_PCT,three_pt_def_FG3M,three_pt_def_NS_FG3_PCT,three_pt_def_PLUSMINUS,three_pt_def_FREQ,three_pt_def_FG3_PCT,three_pt_def_FG3A,two_pt_def_FG2M,two_pt_def_NS_FG2_PCT,two_pt_def_FREQ,two_pt_def_FG2A,two_pt_def_FG2_PCT,two_pt_def_PLUSMINUS,less_6ft_def_LT_06_PCT,less_6ft_def_FREQ,less_6ft_def_NS_LT_06_PCT,less_6ft_def_PLUSMINUS,less_6ft_def_FGM_LT_06,less_6ft_def_FGA_LT_06,less_10ft_def_FREQ,less_10ft_def_LT_10_PCT,less_10ft_def_FGM_LT_10,less_10ft_def_PLUSMINUS,less_10ft_def_FGA_LT_10,less_10ft_def_NS_LT_10_PCT,more_15ft_def_DREB_CHANCE_DEFER,more_15ft_def_OREB_CHANCE_PCT,more_15ft_def_OREB_CONTEST,more_15ft_def_REB_CONTEST_PCT,more_15ft_def_REB,more_15ft_def_AVG_DREB_DIST,more_15ft_def_REB_CHANCE_DEFER,more_15ft_def_OREB_CONTEST_PCT,more_15ft_def_DREB,more_15ft_def_REB_CHANCE_PCT,more_15ft_def_DREB_CHANCES,more_15ft_def_OREB_CHANCE_DEFER,more_15ft_def_REB_CHANCES,more_15ft_def_OREB_UNCONTEST,more_15ft_def_AVG_OREB_DIST,more_15ft_def_OREB,more_15ft_def_REB_CHANCE_PCT_ADJ,more_15ft_def_REB_CONTEST,more_15ft_def_DREB_CONTEST,more_15ft_def_DREB_CONTEST_PCT,more_15ft_def_DREB_CHANCE_PCT_ADJ,more_15ft_def_OREB_CHANCES,more_15ft_def_TEAM_ABBREVIATION,more_15ft_def_DREB_UNCONTEST,more_15ft_def_DREB_CHANCE_PCT,more_15ft_def_REB_UNCONTEST,more_15ft_def_AVG_REB_DIST,more_15ft_def_OREB_CHANCE_PCT_ADJ,hustle_CHARGES_DRAWN,hustle_BOX_OUT_PLAYER_REBS,hustle_CONTESTED_SHOTS,hustle_TEAM_ABBREVIATION,hustle_BOX_OUTS,hustle_PCT_LOOSE_BALLS_RECOVERED_OFF,hustle_DEF_BOXOUTS,hustle_DEFLECTIONS,hustle_PCT_BOX_OUTS_OFF,hustle_PCT_BOX_OUTS_DEF,hustle_SCREEN_ASSISTS,hustle_PCT_BOX_OUTS_TEAM_REB,hustle_DEF_LOOSE_BALLS_RECOVERED,hustle_BOX_OUT_PLAYER_TEAM_REBS,hustle_OFF_BOXOUTS,hustle_SCREEN_AST_PTS,hustle_OFF_LOOSE_BALLS_RECOVERED,hustle_PCT_BOX_OUTS_REB,hustle_PCT_LOOSE_BALLS_RECOVERED_DEF,hustle_CONTESTED_SHOTS_2PT,hustle_CONTESTED_SHOTS_3PT,hustle_LOOSE_BALLS_RECOVERED,post_touch_POST_TOUCH_FTA,post_touch_TEAM_ABBREVIATION,post_touch_POST_TOUCH_FOULS,post_touch_POST_TOUCH_PASSES,post_touch_POST_TOUCH_FTM,post_touch_POST_TOUCH_FG_PCT,post_touch_POST_TOUCHES,post_touch_POST_TOUCH_FT_PCT,post_touch_POST_TOUCH_AST_PCT,post_touch_POST_TOUCH_TOV_PCT,post_touch_POST_TOUCH_AST,post_touch_POST_TOUCH_FGA,post_touch_TOUCHES,post_touch_POST_TOUCH_PTS_PCT,post_touch_POST_TOUCH_PASSES_PCT,post_touch_POST_TOUCH_FOULS_PCT,post_touch_POST_TOUCH_FGM,post_touch_POST_TOUCH_PTS,post_touch_POST_TOUCH_TOV,AVG_SPEED_DEF,DIST_FEET,DIST_MILES,DIST_MILES_DEF,DIST_MILES_OFF,AVG_SPEED,MIN1,AVG_SPEED_OFF,year,date,playoffs,GAME_ID,HTM,VTM,opp_team,team,opp_id,series_key
1629660,Ty Jerome,Ty,1610612739,CLE,27.0,1,1,0,1.0,26.28333333333333,10,15,0.667,5,8,0.625,3,5,0.6,1,4,5,3,0,0,0,1,1,3,28,17,38.5,0,0,41.0,1,1,1,1,30,5,15,11,2,6,13,11,7,27,29,19,23,19,55,43,27,71,34,11,5,11,12,5,1,9,88,17,21,13,15,0.214,72.29,55,0.034,38,8,79,107.1,141.7,36,15.0,12,10.0,86.75,86.75,15,1,0.182,29.4,42,86,8,48,0.283,0.297,0.0,55,0.098,0.263,0.0,13,136.4,108.5,141.7,6,0.0,5,33.2,64,0.833,15.0,13,10,89.01,55,21,0.814,44,108.5,15,1,33.2,3,9,40,0.0,0.083,8,36,0,0.083,0.0,0.0,3,10,1.0,5,0.3,0,0.0,10,0,0,0.714,0,7,0,0.0,4.1,28,1,4.59,25,0.519,0.0,0,0.0,3.83,0.0,54,0,0.0,26.8,0.8,5.0,0.5,0.0,0.0,0.0,0.0,0.0,0.5,0.8,1.0,0.0,14.1,0.714,4.0,0.0,7.0,2.0,0.714,0.0,5.0,10.9,CLE,1.0,1.0,0.0,1.0,1.0,0.0,,1.0,0.067,1.0,0.0,0.067,1.0,1.5,0.067,1.0,1.0,0.467,8.0,0.813,7.0,0.714,5.0,0.75,6.0,1.0,0.533,,,,,,,,,,,,,,0.5,6.0,0.0,6.0,0.5,3.0,0.0,0.0,,0.75,0.4,3.0,0.4,0.727,19,0.6,0.864,3.0,8,5.0,11,0.667,0.0,0.833,0.0,0.0,0,0,0,6,1.0,7.0,0.0,4.0,1.0,0.0,0.0,0.0,4.0,3.0,1.0,0.0,1.0,0.0,3.0,2.0,0.0,1.0,0.571,0.5,1.0,0.0,1.0,0.0,G-F,4.0,3.0,0.149,0.601,0.4,0.75,0.0,0.0,3.0,3.0,0.0,4.0,0.0,5.0,0.0,0.333,0.833,1.0,0.0,0.0,1.0,0.0,1.0,0.0,1.0,CLE,1.0,6.0,0.0,0.0,0.75,0.0,0.0,0.0,3.0,3,2.0,2,0.667,1.0,0.041,5.0,0.459,10.0,0.5,0.0,0.403,-0.403,0.3,0.0,3.0,5.0,0.54,0.7,7.0,0.714,0.174,0.75,0.4,0.601,0.149,3.0,4.0,0.5,0.8,4.0,0.232,5.0,0.568,0.0,0.5,0.0,0.0,5.0,10.9,0.0,0.0,4.0,0.714,5.0,0.0,7.0,1.0,26.8,1.0,0.714,0.0,0.0,0.0,0.8,2.0,CLE,4.0,0.8,5.0,14.1,0.5,0.0,0.0,0.0,CLE,0.0,0.0,0.0,0.0,0.0,0.0,0.0,0.0,1.0,0.0,0.0,0.0,0.0,0.0,1.0,0.0,0.0,1.0,0.0,CLE,0.0,0.0,0.0,0.0,0.0,0.0,0.0,0.0,0.0,0.0,54.0,0.0,0.0,0.0,0.0,0.0,0.0,3.46,9642.0,1.83,0.81,1.02,3.84,26.28,4.21,2025,20250420,True,42400101,,,MIA,CLE,1610612748,CLE_MIA_2025
1628386,Jarrett Allen,Jarrett,1610612739,CLE,27.0,1,1,0,1.0,30.33333333333333,5,8,0.625,0,0,0.0,2,2,1.0,6,5,11,1,2,3,1,2,2,1,12,15,36.7,1,0,32.0,1,1,1,1,24,21,33,16,48,74,48,18,20,1,1,11,4,47,16,4,9,87,61,32,25,16,14,1,1,16,88,47,25,21,18,0.042,74.51,61,0.231,61,10,63,111.7,136.8,9,8.0,28,5.0,89.41,89.41,33,76,0.172,28.3,2,63,10,57,0.169,0.173,16.8,61,0.2,0.128,16.7,28,140.0,112.5,136.8,31,0.5,21,24.3,69,0.625,8.3,21,9,88.71,61,63,0.676,38,112.5,48,75,24.3,1,2,15,0.0,0.053,3,19,0,0.053,0.0,0.0,0,0,0.0,0,0.0,0,0.0,1,0,0,0.0,0,0,0,0.0,0.7,12,1,1.27,21,0.375,2.0,1,0.667,0.63,0.0,32,12,2.0,6.0,0.625,10.0,0.545,2.0,1.0,5.0,0.0,0.2,0.545,0.5,1.0,6.0,5.9,0.611,4.0,0.545,20.0,11.0,0.55,0.833,5.0,5.8,CLE,1.0,,0.125,1.0,0.0,1.0,0.0,0.0,0.0,0.0,0.0,0.125,0.0,0.0,0.0,0.0,0.0,0.5,4.0,0.5,4.0,0.5,2.0,0.5,2.0,,0.5,1.0,1.0,3.0,1.0,3.0,3.0,0.375,0.375,3.0,0.0,0.0,,0.0,,,,,,,,,,,,,,,0,,,,0,,0,0.0,0.5,0.625,1.0,0.0,0,8,2,0,0.0,0.0,0.0,0.0,0.0,0.5,,,2.0,0.0,0.0,6.0,0.0,0.0,0.0,2.0,3.0,0.0,0.0,1.0,0.0,,0.0,0.0,C,2.0,1.0,-0.191,0.691,0.143,0.5,0.0,6.0,0.0,0.0,0.0,0.0,0.5,1.0,0.0,0.0,1.0,1.0,0.0,3.0,0.0,0.0,0.0,,0.0,CLE,0.0,1.0,1.0,1.0,0.0,,,0.0,,0,,0,,,-0.13,5.0,0.487,14.0,0.357,0.0,0.345,-0.345,0.286,0.0,4.0,5.0,0.542,0.714,10.0,0.5,-0.042,0.5,0.143,0.691,-0.191,1.0,2.0,0.286,0.5,2.0,-0.105,4.0,0.605,2.0,0.545,5.0,0.545,11.0,5.8,2.0,0.833,5.0,0.55,10.0,0.0,20.0,1.0,6.0,6.0,0.611,6.0,1.0,0.2,0.625,11.0,CLE,4.0,0.5,5.0,5.9,0.545,0.0,1.0,7.0,CLE,2.0,0.667,1.0,7.0,0.5,0.5,6.0,1.0,1.0,2.0,1.0,15.0,2.0,0.5,0.333,6.0,1.0,3.0,0.0,CLE,0.0,0.0,0.0,0.0,1.0,0.0,0.0,0.0,0.0,1.0,32.0,0.0,0.0,0.0,0.0,0.0,0.0,3.96,11702.0,2.22,1.1,1.11,4.15,30.33,4.36,2025,20250420,True,42400101,,,MIA,CLE,1610612748,CLE_MIA_2025
1642281,Jaylon Tyson,Jaylon,1610612739,CLE,22.0,1,1,0,1.0,1.3833333333333333,0,1,0.0,0,1,0.0,0,0,0.0,0,1,1,0,0,0,0,0,1,0,0,0,1.2,0,0,1.0,1,1,1,1,82,72,73,72,48,58,48,31,36,31,48,56,65,65,55,43,27,1,34,55,72,38,79,5,1,80,88,5,3,40,39,0.0,72.29,1,0.0,65,82,79,0.0,0.0,4,1.0,72,0.0,86.75,86.75,73,1,0.5,0.0,48,79,82,2,0.333,0.333,0.0,1,0.25,0.4,0.0,72,0.0,0.0,0.0,1,0.0,72,0.0,88,0.0,0.0,40,82,69.4,1,65,0.0,44,0.0,8,1,0.0,0,0,2,0.0,0.0,0,1,0,0.0,0.0,0.0,0,0,0.0,0,0.0,0,0.0,0,0,0,0.0,0,0,0,0.0,0.2,0,0,3.51,2,0.0,0.0,0,0.0,2.0,0.0,3,0,0.0,0.0,1.0,1.0,0.0,0.0,0.0,0.0,0.0,0.0,0.0,1.0,0.0,0.0,4.5,1.0,1.0,0.0,1.0,0.0,1.0,0.0,1.0,4.5,,,,,,,,,,,,,,,,,,,,,,,,,,,,,0.0,,0.0,0.0,1.0,0.0,0.0,1.0,0.0,0.0,1.0,0.0,1.0,,,,,,,,,,,,,,,0,,,0.0,0,0.0,0,0.0,0.0,0.0,0.0,0.0,0,0,0,0,0.0,1.0,0.0,0.0,0.0,0.0,0.0,0.0,,,0.0,0.0,,0.0,,,0.0,0.0,0.0,,0.0,0.0,0.0,0.0,,,,,,,,,0.0,,0.0,,1.0,0.0,,,,,,,0.0,0.0,,0.0,0.0,,CLE,0.0,,,,0.0,0.0,0.0,,1.0,1,0.0,0,0.0,0.0,-0.459,0.0,0.459,1.0,0.0,0.0,0.306,-0.306,1.0,0.0,1.0,,,,,,,,,,,,,,,,,,,0.0,0.0,0.0,0.0,1.0,4.5,0.0,0.0,1.0,1.0,1.0,0.0,1.0,0.0,0.0,0.0,1.0,0.0,0.0,0.0,1.0,0.0,CLE,1.0,1.0,1.0,4.5,0.0,,,,,,,,,,,,,,,,,,,,,,,0.0,CLE,0.0,0.0,0.0,0.0,0.0,0.0,0.0,0.0,0.0,0.0,3.0,0.0,0.0,0.0,0.0,0.0,0.0,0.0,526.0,0.1,0.04,0.06,3.83,1.38,6.71,2025,20250420,True,42400101,,,MIA,CLE,1610612748,CLE_MIA_2025
1629750,Javonte Green,Javonte,1610612739,CLE,31.0,1,1,0,1.0,1.35,0,0,0.0,0,0,0.0,0,0,0.0,0,1,1,0,0,0,0,0,0,0,0,0,1.2,0,0,1.0,1,1,1,1,89,72,85,72,48,74,48,31,36,31,48,56,65,65,55,43,27,1,1,55,72,38,79,5,1,80,88,86,3,40,39,0.0,74.07,1,0.0,65,82,66,0.0,0.0,4,0.0,72,0.0,88.89,88.89,85,1,0.5,0.0,48,66,82,2,0.0,0.0,0.0,1,0.25,-0.667,0.0,72,0.0,0.0,0.0,93,0.0,72,0.0,87,0.0,0.0,40,82,71.11,1,65,0.0,44,0.0,86,1,0.0,0,0,0,0.0,0.0,0,1,0,0.0,0.0,0.0,0,0,0.0,0,0.0,0,0.0,0,0,0,0.0,0,0,0,0.0,0.4,0,0,23.8,0,0.0,0.0,0,0.0,12.0,0.0,1,0,0.0,0.0,1.0,1.0,0.0,0.0,0.0,0.0,0.0,0.0,0.0,1.0,0.0,0.0,7.3,1.0,1.0,0.0,1.0,0.0,1.0,0.0,1.0,7.3,,,,,,,,,,,,,,,,,,,,,,,,,,,,,,,,,,,,,,,,,,,,,,,,,,,,,,,,0,,,,0,,0,0.0,0.0,0.0,0.0,0.0,0,0,0,0,0.0,0.0,0.0,0.0,0.0,0.0,,,,,0.0,0.0,,0.0,,,0.0,0.0,0.0,,0.0,,0.0,0.0,,,,,,,,,0.0,,0.0,,0.0,0.0,,,,,,,0.0,0.0,,0.0,,,CLE,0.0,,,,0.0,,,,,0,,0,,,,,,,,,,,,,,,,,,,,,,,,,,,,,,,,0.0,0.0,0.0,0.0,1.0,7.3,0.0,0.0,1.0,1.0,1.0,0.0,1.0,0.0,0.0,0.0,1.0,0.0,0.0,0.0,1.0,0.0,CLE,1.0,1.0,1.0,7.3,0.0,,,,,,,,,,,,,,,,,,,,,,,0.0,CLE,0.0,0.0,0.0,0.0,0.0,0.0,0.0,0.0,0.0,0.0,1.0,0.0,0.0,0.0,0.0,0.0,0.0,0.0,463.0,0.09,0.04,0.04,4.04,1.35,0.0,2025,20250420,True,42400101,,,MIA,CLE,1610612748,CLE_MIA_2025
1629622,Max Strus,Max,1610612739,CLE,29.0,1,1,0,1.0,21.4,3,5,0.6,3,5,0.6,0,0,0.0,0,1,1,1,0,0,0,0,0,0,9,18,11.7,0,0,14.0,1,1,1,1,44,30,44,19,9,19,14,31,36,31,48,56,65,47,55,43,27,1,1,55,30,10,50,5,1,46,88,67,66,9,9,0.043,77.57,69,0.0,34,3,34,126.1,165.9,76,5.0,8,3.0,93.08,93.08,44,1,0.067,41.7,48,34,3,41,0.109,0.11,0.0,79,0.033,0.072,0.0,8,167.8,119.0,165.9,47,0.0,30,46.8,54,0.9,16.7,9,2,89.9,69,62,0.9,44,119.0,69,1,46.8,1,1,18,0.0,0.056,2,18,0,0.056,1.0,0.0,1,0,0.0,0,1.0,0,0.0,1,1,0,0.0,0,0,0,0.0,0.9,9,0,2.31,11,0.375,0.0,0,0.0,1.58,0.0,24,0,0.0,0.0,0.5,2.0,0.0,0.0,0.0,0.0,0.0,0.0,0.0,0.5,0.0,0.0,12.4,0.5,1.0,0.0,2.0,0.0,0.5,0.0,1.0,12.4,,,,,,,,,,,,,,,,0.4,2.0,1.0,0.0,2.0,0.75,0.0,,0.0,0.5,1.0,0.5,0.4,0.5,,0.0,0.75,2.0,0.0,0.0,0.4,1.0,1.0,2.0,0.5,0.4,1.0,1.0,0.0,1.0,1.0,1.0,0.0,0.0,,1.5,0.2,1.0,0.2,1.0,3,1.0,1.5,1.0,1,1.0,1,0.5,0.0,0.9,0.0,0.0,0,0,0,6,0.0,4.0,0.0,3.0,0.0,0.0,,,0.0,0.0,0.0,0.0,0.0,1.0,0.0,0.0,0.0,1.0,0.75,0.0,0.0,,0.0,0.0,G-F,1.0,1.0,0.406,0.594,0.111,1.0,,0.0,0.0,3.0,0.0,4.0,0.0,0.0,,0.0,0.0,0.0,0.0,0.0,0.0,0.0,1.0,,0.0,CLE,0.0,0.0,0.0,0.0,0.75,,,,4.0,4,2.0,2,0.5,0.75,0.082,5.0,0.473,9.0,0.556,2.0,0.394,0.607,0.222,1.0,2.0,3.0,0.544,0.778,7.0,0.429,-0.115,1.0,0.111,0.594,0.406,1.0,1.0,0.222,1.0,2.0,0.422,2.0,0.578,0.0,0.0,0.0,0.0,1.0,12.4,0.0,0.0,1.0,0.5,2.0,0.0,2.0,0.0,0.0,0.0,0.5,0.0,0.0,0.0,0.5,0.0,CLE,1.0,0.5,1.0,12.4,0.0,0.0,0.0,3.0,CLE,1.0,1.0,1.0,0.0,0.0,1.0,2.0,1.0,0.0,1.0,0.0,5.0,1.0,0.0,0.0,2.0,1.0,1.0,0.0,CLE,0.0,0.0,0.0,0.0,0.0,0.0,0.0,0.0,0.0,0.0,24.0,0.0,0.0,0.0,0.0,0.0,0.0,4.48,9388.0,1.78,0.87,0.91,4.81,21.4,5.2,2025,20250420,True,42400101,,,MIA,CLE,1610612748,CLE_MIA_2025
1630241,Sam Merrill,Sam,1610612739,CLE,28.0,1,1,0,1.0,24.016666666666666,2,4,0.5,2,4,0.5,0,0,0.0,1,0,1,4,0,0,2,0,3,2,6,11,19.2,0,0,17.0,1,1,1,1,40,44,53,28,14,23,20,31,36,31,29,76,65,12,55,43,1,1,79,19,43,20,38,5,1,40,88,75,76,18,21,0.2,71.62,56,0.036,4,11,89,107.7,134.9,82,4.0,17,2.0,85.94,85.94,53,1,0.0,21.0,41,89,11,43,0.073,0.075,0.0,57,0.02,0.073,0.0,19,128.7,109.3,134.9,46,0.0,44,25.6,70,0.75,50.0,18,13,88.66,56,23,0.75,44,109.3,76,1,25.6,4,3,18,0.0,0.19,10,21,0,0.19,0.0,0.0,1,0,0.0,0,1.0,0,0.0,1,0,0,0.0,0,0,0,0.0,0.7,6,0,1.58,16,0.24,0.0,0,0.0,0.56,0.0,25,1,0.0,8.2,0.0,3.0,1.0,0.0,0.0,1.0,0.0,0.0,1.0,0.0,0.0,1.0,8.2,0.25,0.0,1.0,4.0,1.0,0.25,1.0,0.0,0.0,,,,,,,,,,,,,,,,,,,,,,,,,,,,,0.0,,0.0,0.0,1.0,0.0,0.0,0.25,0.0,0.0,1.0,0.0,0.25,0.667,3.0,0.0,3.0,0.667,2.0,0.0,0.0,,1.0,0.75,2.0,0.75,,0,,,0.0,0,0.0,0,0.5,0.0,0.75,0.0,0.0,0,0,0,6,1.0,3.0,0.0,1.0,1.0,0.0,0.0,0.0,0.0,0.0,1.0,0.0,0.0,0.0,0.0,0.0,0.0,1.0,0.333,0.0,1.0,0.0,1.0,0.0,G,2.0,1.0,-0.094,0.594,0.2,0.5,0.0,0.0,1.0,1.0,0.0,2.0,0.0,0.0,0.0,0.0,0.0,0.0,0.0,0.0,1.0,0.0,1.0,0.0,0.0,CLE,1.0,0.0,0.0,0.0,0.5,0.0,0.0,0.0,4.0,4,2.0,2,0.5,0.75,-0.17,3.0,0.47,10.0,0.3,1.0,0.389,0.111,0.2,0.5,2.0,2.0,0.532,0.8,8.0,0.25,-0.282,0.5,0.2,0.594,-0.094,1.0,2.0,0.5,0.4,2.0,-0.173,5.0,0.573,0.0,1.0,1.0,1.0,1.0,0.0,0.0,1.0,0.0,0.25,3.0,0.0,4.0,0.0,8.2,1.0,0.25,1.0,0.0,0.0,0.0,1.0,CLE,0.0,0.0,0.0,8.2,1.0,0.0,0.0,3.0,CLE,0.0,0.0,0.0,0.0,0.0,0.0,3.0,0.0,0.0,0.0,0.0,6.0,0.0,0.0,0.0,3.0,0.0,0.0,0.0,CLE,0.0,0.0,0.0,0.0,0.0,0.0,0.0,0.0,0.0,0.0,25.0,0.0,0.0,0.0,0.0,0.0,0.0,4.57,9993.0,1.89,0.96,0.94,4.43,24.02,4.28,2025,20250420,True,42400101,,,MIA,CLE,1610612748,CLE_MIA_2025
1629631,De'Andre Hunter,De'Andre,1610612739,CLE,27.0,1,1,0,1.0,16.016666666666666,0,4,0.0,0,0,0.0,0,0,0.0,1,2,3,1,0,0,0,0,0,1,0,-2,5.1,0,0,4.0,1,1,1,1,57,72,53,72,48,74,48,31,36,31,29,46,38,47,55,43,27,1,1,32,72,55,73,5,1,73,88,68,48,62,56,0.083,73.67,58,0.056,30,42,73,107.5,100.0,45,4.0,72,0.0,88.41,88.41,53,1,0.105,-6.7,30,73,42,30,0.108,0.118,0.0,56,0.081,-0.01,0.0,72,100.8,110.3,100.0,84,0.0,72,-10.3,61,0.0,20.0,62,48,89.19,58,52,0.0,44,110.3,66,1,-10.3,1,0,6,0.0,0.125,2,8,0,0.125,0.333,0.0,1,0,0.0,0,0.333,0,0.0,3,1,0,0.0,0,2,0,0.0,0.6,0,0,2.64,7,0.0,0.0,0,0.0,1.46,0.0,13,1,1.0,4.6,1.0,3.0,0.333,1.0,1.0,1.0,0.0,0.5,0.333,0.667,0.0,2.0,4.7,0.6,1.0,0.667,6.0,3.0,0.5,1.0,1.0,4.8,,,,,,,,,,,,,,,,0.0,0.0,0.0,1.0,4.0,0.0,4.0,0.0,0.0,0.0,0.0,,1.0,,,,,,,,,,,,,,,,,,,,,,,,,,,,0,,,,0,,0,0.0,0.0,0.0,0.0,0.0,0,0,0,0,0.0,0.0,0.0,0.0,0.0,0.0,0.0,0.0,2.0,1.0,0.0,1.0,0.0,0.0,0.0,0.0,0.0,0.0,0.0,0.0,0.0,0.0,0.0,0.0,F-G,2.0,2.0,0.364,0.637,0.25,1.0,0.0,1.0,0.0,0.0,0.0,0.0,0.0,0.0,0.0,0.0,0.0,2.0,0.0,0.0,0.0,0.0,0.0,0.0,0.0,CLE,0.0,1.0,0.0,0.0,0.0,0.0,0.0,0.0,,0,,0,,,0.167,5.0,0.458,8.0,0.625,2.0,0.379,0.021,0.625,0.4,5.0,3.0,0.516,0.375,3.0,1.0,0.484,1.0,0.25,0.637,0.364,2.0,2.0,0.375,1.0,3.0,0.437,3.0,0.563,1.0,0.333,1.0,0.667,3.0,4.8,1.0,1.0,2.0,0.5,3.0,0.0,6.0,0.0,4.6,1.0,0.6,2.0,1.0,0.5,1.0,3.0,CLE,1.0,0.667,1.0,4.7,0.333,0.0,1.0,3.0,CLE,1.0,0.0,0.0,0.0,1.0,0.0,0.0,1.0,0.0,1.0,1.0,0.0,0.0,1.0,0.0,1.0,2.0,0.0,0.0,CLE,0.0,0.0,0.0,0.0,0.0,0.0,0.0,0.0,0.0,0.0,13.0,0.0,0.0,0.0,0.0,0.0,0.0,3.91,6056.0,1.15,0.58,0.57,3.82,16.02,4.44,2025,20250420,True,42400101,,,MIA,CLE,1610612748,CLE_MIA_2025
1629731,Dean Wade,Dean,1610612739,CLE,28.0,1,1,0,1.0,6.5,0,0,0.0,0,0,0.0,0,0,0.0,0,1,1,0,0,0,0,0,0,0,0,5,1.2,0,0,1.0,1,1,1,1,80,72,85,72,48,74,48,31,36,31,48,56,65,65,55,43,27,1,1,55,72,28,79,5,1,80,88,86,15,5,10,0.0,80.0,44,0.0,65,4,31,116.7,158.3,33,0.0,72,0.0,96.0,96.0,85,1,0.2,36.1,48,31,4,12,0.0,0.0,0.0,70,0.1,0.028,0.0,72,152.7,100.0,158.3,70,0.0,72,58.3,49,0.0,0.0,5,4,90.24,44,65,0.0,44,100.0,86,1,58.3,0,1,2,0.0,0.0,0,7,0,0.0,0.0,0.0,1,0,0.0,0,1.0,0,0.0,1,0,0,0.0,0,0,0,0.0,0.2,0,0,1.65,2,0.0,0.0,0,0.0,0.86,0.0,7,0,1.0,0.0,1.0,2.0,0.0,1.0,0.0,0.0,0.0,0.0,0.0,0.5,0.0,0.0,8.2,1.0,1.0,0.0,2.0,0.0,0.5,0.0,1.0,8.2,,,,,,,,,,,,,,,,,,,,,,,,,,,,,,,,,,,,,,,,,,,,,,,,,,,,,,,,0,,,,0,,0,0.0,0.0,0.0,0.0,0.0,0,0,0,0,0.0,0.0,0.0,0.0,0.0,0.0,0.0,0.0,0.0,0.0,0.0,0.0,0.0,0.0,0.0,0.0,0.0,0.0,0.0,0.0,0.0,0.0,0.0,0.0,,,,,,,,,0.0,,0.0,0.0,0.0,0.0,0.0,,,0.0,0.0,0.0,0.0,0.0,0.0,0.0,0.0,,CLE,0.0,0.0,0.0,0.0,0.0,0.0,0.0,,,0,,0,,,,,,,,,,,,,,,,,,,,,,,,,,,,,,,,1.0,0.0,0.0,0.0,1.0,8.2,1.0,0.0,1.0,0.5,2.0,0.0,2.0,0.0,0.0,0.0,1.0,0.0,0.0,0.0,1.0,0.0,CLE,1.0,0.5,1.0,8.2,0.0,0.0,0.0,0.0,CLE,1.0,0.0,1.0,0.0,0.0,1.0,2.0,1.0,0.0,1.0,0.0,6.0,0.0,0.0,0.0,0.0,0.0,0.0,0.0,CLE,0.0,0.0,0.0,0.0,0.0,0.0,0.0,0.0,0.0,0.0,7.0,0.0,0.0,0.0,0.0,0.0,0.0,3.22,2692.0,0.51,0.22,0.29,4.31,6.5,5.56,2025,20250420,True,42400101,,,MIA,CLE,1610612748,CLE_MIA_2025
1629643,Chuma Okeke,Chuma,1610612739,CLE,26.0,1,1,0,1.0,1.3833333333333333,0,0,0.0,0,0,0.0,0,0,0.0,0,0,0,0,0,0,0,0,0,0,0,0,0.0,0,0,0.0,1,1,1,1,82,72,85,72,48,74,48,31,36,31,48,76,84,65,55,43,27,1,1,55,72,38,88,5,1,88,88,86,76,40,39,0.0,72.29,1,0.0,65,82,79,0.0,0.0,84,0.0,72,0.0,86.75,86.75,85,1,0.0,0.0,48,79,82,2,0.0,0.0,0.0,1,0.0,0.0,0.0,72,0.0,0.0,0.0,73,0.0,72,0.0,88,0.0,0.0,40,82,69.4,1,65,0.0,44,0.0,86,1,0.0,0,0,0,,0.0,0,0,0,0.0,0.0,0.0,0,0,0.0,0,0.0,0,0.0,0,0,0,0.0,0,0,0,0.0,0.0,0,0,0.0,0,0.0,0.0,0,0.0,0.0,0.0,0,0,,,,,,,,,,,,,,,,,,,,,,,,,,,,,,,,,,,,,,,,,,,,,,,,,,,,,,,,,,,,,,,,,,,,,,,,,,,,,,,,0,,,,0,,0,0.0,0.0,0.0,0.0,0.0,0,0,0,0,0.0,0.0,0.0,0.0,0.0,0.0,0.0,0.0,,,0.0,0.0,,0.0,,,0.0,0.0,0.0,,0.0,0.0,0.0,0.0,,,,,,,,,0.0,,0.0,,0.0,0.0,,,,,,,0.0,0.0,,0.0,0.0,,CLE,0.0,,,,0.0,0.0,0.0,,,0,,0,,,,,,,,,,,,,,,,,,,,,,,,,,,,,,,,,,,,,,,,,,,,,,,,,,,,,,,,,,,,,,,,,,,,,,,,,,,,,,,,,,0.0,CLE,0.0,0.0,0.0,0.0,0.0,0.0,0.0,0.0,0.0,0.0,0.0,0.0,0.0,0.0,0.0,0.0,0.0,0.0,522.0,0.1,0.04,0.06,3.84,1.38,6.72,2025,20250420,True,42400101,,,MIA,CLE,1610612748,CLE_MIA_2025
1641854,Craig Porter Jr.,Craig,1610612739,CLE,25.0,1,1,0,1.0,1.3833333333333333,0,1,0.0,0,0,0.0,0,0,0.0,1,0,1,0,0,0,0,0,0,0,0,0,1.2,0,0,1.0,1,1,1,1,82,72,73,72,48,74,48,31,36,31,29,76,65,65,55,43,27,1,1,55,72,38,79,5,1,80,88,5,76,40,39,0.0,72.29,1,0.5,65,82,79,0.0,0.0,4,1.0,72,0.0,86.75,86.75,73,1,0.0,0.0,1,79,82,2,0.333,0.333,0.0,1,0.25,0.2,0.0,72,0.0,0.0,0.0,16,0.0,72,0.0,88,0.0,0.0,40,82,69.4,1,65,0.0,44,0.0,8,1,0.0,0,1,2,0.0,0.0,0,2,0,0.0,0.0,0.0,0,0,0.0,0,0.0,0,0.0,0,0,0,0.0,0,0,0,0.0,0.2,0,1,3.4,3,0.0,0.0,0,0.0,2.67,0.0,3,0,0.0,20.1,0.0,0.0,1.0,0.0,0.0,0.0,0.0,0.0,1.0,0.0,1.0,0.0,20.1,1.0,0.0,0.0,1.0,1.0,1.0,0.0,1.0,0.0,,,,,,,,,,,,,,,,0.0,0.0,0.0,1.0,1.0,0.0,1.0,0.0,0.0,0.0,0.0,,1.0,,,,,,,,,,,,,,,,,,,,,,,,,,,,0,,,,0,,0,0.0,0.0,0.0,0.0,0.0,0,0,0,0,0.0,0.0,0.0,0.0,0.0,0.0,0.0,0.0,,,0.0,1.0,,0.0,,,0.0,0.0,0.0,,0.0,0.0,0.0,0.0,,,,,,,,,1.0,,0.0,,0.0,0.0,,,,,,,0.0,0.0,,0.0,0.0,,CLE,0.0,,,,0.0,0.0,0.0,,,0,,0,,,-0.454,0.0,0.454,1.0,0.0,0.0,0.37,-0.37,1.0,0.0,1.0,,,,,,,,,,,,,,,,,,,0.0,1.0,0.0,0.0,1.0,0.0,0.0,0.0,0.0,1.0,0.0,0.0,1.0,1.0,20.1,1.0,1.0,0.0,0.0,0.0,0.0,1.0,CLE,0.0,0.0,1.0,20.1,1.0,,,,,,,,,,,,,,,,,,,,,,,0.0,CLE,0.0,0.0,0.0,0.0,0.0,0.0,0.0,0.0,0.0,0.0,3.0,0.0,0.0,0.0,0.0,0.0,0.0,0.0,507.0,0.1,0.04,0.05,3.83,1.38,6.7,2025,20250420,True,42400101,,,MIA,CLE,1610612748,CLE_MIA_2025
1629636,Darius Garland,Darius,1610612739,CLE,25.0,1,1,0,1.0,30.816666666666663,10,17,0.588,5,9,0.556,2,2,1.0,0,3,3,5,2,1,0,1,2,2,27,16,39.1,0,0,42.0,1,1,1,1,21,5,12,22,2,3,18,18,20,1,48,27,38,6,16,18,27,71,61,19,6,15,11,5,1,8,88,12,50,17,14,0.25,74.63,62,0.0,30,9,60,113.2,139.7,62,17.0,24,10.0,89.56,89.56,12,49,0.103,29.6,48,60,9,58,0.303,0.312,8.0,64,0.055,0.175,8.0,18,142.8,114.0,139.7,21,2.5,5,25.6,67,0.735,20.0,17,8,88.88,62,10,0.755,12,114.0,12,49,25.6,5,8,43,0.0,0.172,12,29,0,0.172,0.133,0.067,4,12,0.8,5,0.267,1,1.0,15,2,2,0.625,1,8,2,0.067,5.0,27,0,5.7,18,0.509,0.0,0,0.0,6.02,0.0,53,0,0.0,0.0,1.0,3.0,0.0,0.0,1.0,0.0,0.0,0.333,0.0,1.0,0.0,1.0,9.9,0.75,2.0,0.333,4.0,1.0,0.75,0.0,2.0,9.9,CLE,1.0,,0.059,1.0,0.0,1.0,0.0,0.0,0.0,0.0,0.0,0.059,0.0,0.0,0.059,1.0,1.0,0.235,5.0,0.9,4.0,0.75,3.0,0.8,4.0,1.0,0.294,0.5,0.667,2.0,0.583,6.0,3.0,0.176,0.353,3.0,1.0,3.0,0.333,0.176,0.6,5.0,0.0,5.0,0.6,3.0,0.0,0.0,,0.9,0.294,3.0,0.294,0.444,11,0.429,0.611,3.0,4,7.0,9,1.0,0.0,0.735,0.0,0.0,0,0,0,6,0.0,9.0,0.0,5.0,0.0,0.0,,,7.0,1.0,0.0,0.0,0.0,0.0,0.0,5.0,0.0,0.0,0.556,0.714,0.0,,0.0,0.0,G,2.0,1.0,-0.094,0.594,0.25,0.5,0.0,0.0,3.0,3.0,0.0,6.0,0.0,0.0,0.0,0.667,0.0,7.0,0.0,0.0,0.0,0.0,0.0,,2.0,CLE,0.0,1.0,0.714,5.0,0.5,,,0.0,2.0,2,2.0,2,1.0,1.5,0.162,5.0,0.463,8.0,0.625,3.0,0.404,0.596,0.375,1.0,3.0,2.0,0.542,0.625,5.0,0.4,-0.142,0.5,0.25,0.594,-0.094,1.0,2.0,0.375,0.667,2.0,0.096,3.0,0.57,0.0,0.0,0.0,0.333,3.0,9.9,0.0,0.0,3.0,0.75,3.0,0.0,4.0,0.0,0.0,0.0,0.75,1.0,1.0,0.333,1.0,1.0,CLE,2.0,1.0,2.0,9.9,0.0,0.0,0.0,3.0,CLE,0.0,0.0,0.0,1.0,0.0,0.0,0.0,0.0,1.0,0.0,0.0,0.0,0.0,0.0,1.0,1.0,2.0,1.0,0.0,CLE,0.0,0.0,0.0,0.0,0.0,0.0,0.0,0.0,0.0,0.0,53.0,0.0,0.0,0.0,0.0,0.0,0.0,3.56,11814.0,2.24,1.03,1.2,4.07,30.82,4.64,2025,20250420,True,42400101,,,MIA,CLE,1610612748,CLE_MIA_2025
1630596,Evan Mobley,Evan,1610612739,CLE,23.0,1,1,0,1.0,33.2,4,10,0.4,1,3,0.333,0,0,0.0,3,4,7,1,1,0,0,0,1,0,9,10,17.9,0,0,18.0,1,1,1,1,20,25,26,43,25,37,35,31,36,31,7,19,15,47,32,43,27,1,34,55,30,22,42,5,1,38,88,57,34,34,29,0.037,74.7,74,0.097,61,14,59,120.3,131.3,24,10.0,45,4.0,89.64,89.64,26,50,0.138,15.5,15,59,14,64,0.141,0.151,8.3,74,0.117,0.049,8.3,50,135.8,123.3,131.3,60,1.0,25,7.9,62,0.45,8.3,34,11,89.18,74,64,0.45,23,123.3,54,50,7.9,2,2,21,0.0,0.026,3,39,1,0.051,0.0,0.0,0,0,0.0,0,0.0,0,0.0,2,0,0,0.0,0,2,0,0.0,1.7,9,3,2.0,21,0.18,0.667,2,0.667,0.88,1.0,50,6,1.0,5.7,0.571,8.0,0.75,1.0,0.0,2.0,0.0,0.0,0.75,0.5,1.0,2.0,4.0,0.636,4.0,0.286,12.0,4.0,0.583,0.667,5.0,2.8,CLE,1.0,,0.1,1.0,0.0,1.0,1.0,1.0,0.0,0.0,1.0,0.1,1.0,1.0,0.0,0.0,0.0,0.6,6.0,0.333,6.0,0.333,2.0,0.333,2.0,,0.6,0.0,,0.0,0.0,1.0,0.0,0.0,0.1,0.0,0.0,1.0,0.0,0.1,0.5,2.0,0.0,2.0,0.5,1.0,0.0,0.0,,0.75,0.2,1.0,0.2,0.333,3,0.5,0.5,1.0,1,2.0,3,0.0,0.667,0.45,0.5,1.0,2,4,2,0,0.0,2.0,0.0,1.0,0.0,1.0,0.0,1.0,4.0,0.0,0.0,3.0,0.0,0.0,0.0,0.0,3.0,0.0,0.5,0.0,0.0,0.0,0.0,0.0,C,6.0,6.0,0.381,0.62,0.316,1.0,0.0,3.0,0.0,1.0,0.0,2.0,1.0,0.0,0.0,0.0,0.0,3.0,0.0,3.0,0.0,0.0,0.0,0.0,0.0,CLE,0.0,1.0,0.0,0.0,0.5,0.0,1.0,0.0,1.0,1,0.0,0,0.0,0.0,0.162,12.0,0.47,19.0,0.632,3.0,0.373,0.127,0.316,0.5,6.0,9.0,0.534,0.684,13.0,0.692,0.158,1.0,0.316,0.62,0.381,6.0,6.0,0.316,1.0,6.0,0.428,6.0,0.572,1.0,0.75,2.0,0.286,7.0,2.8,1.0,0.667,4.0,0.583,8.0,0.0,12.0,1.0,5.7,3.0,0.636,2.0,0.0,0.0,0.571,4.0,CLE,4.0,0.5,5.0,4.0,0.75,0.0,3.0,10.0,CLE,4.0,0.5,1.0,2.0,0.75,0.25,4.0,1.0,1.0,4.0,3.0,10.0,1.0,0.75,0.5,7.0,3.0,2.0,0.0,CLE,0.0,1.0,0.0,1.0,2.0,0.0,0.0,0.0,0.0,1.0,50.0,1.0,0.5,0.0,1.0,2.0,0.0,3.66,12609.0,2.39,1.09,1.3,4.07,33.2,4.49,2025,20250420,True,42400101,,,MIA,CLE,1610612748,CLE_MIA_2025
1628378,Donovan Mitchell,Donovan,1610612739,CLE,28.0,1,1,0,1.0,33.31666666666667,11,19,0.579,2,9,0.222,6,7,0.857,0,5,5,4,2,4,0,0,2,6,30,10,52.0,0,0,49.0,1,1,1,1,18,3,5,23,14,3,40,1,1,19,48,11,23,12,16,2,27,1,61,1,3,22,3,5,1,2,88,11,25,31,29,0.2,75.64,70,0.0,40,14,46,120.3,131.3,43,19.0,27,11.0,90.77,90.77,5,47,0.172,15.5,48,46,14,64,0.308,0.331,7.1,74,0.083,0.199,7.1,27,135.8,119.4,131.3,17,2.0,3,11.9,68,0.632,14.3,31,11,88.86,70,23,0.679,14,119.4,10,47,11.9,5,5,45,0.0,0.133,9,30,1,0.167,0.077,0.0,2,15,1.154,7,0.154,1,0.0,13,1,0,0.875,0,8,0,0.077,4.3,30,0,4.2,25,0.484,0.0,0,0.0,3.63,0.0,62,0,0.0,0.0,0.556,9.0,0.0,0.0,1.0,0.0,0.0,0.2,0.0,0.556,0.0,1.0,8.2,0.455,4.0,0.2,11.0,2.0,0.455,0.0,4.0,8.2,,,,,,,,,,,,,,,,0.158,3.0,0.0,0.421,11.0,0.636,8.0,0.875,7.0,0.636,7.0,0.0,0.579,0.333,,0.0,0.5,3.0,0.0,0.0,0.158,1.0,1.0,3.0,0.333,0.158,0.6,5.0,2.0,3.0,0.333,1.0,0.105,2.0,1.0,0.7,0.263,3.0,0.158,0.167,3,0.167,0.25,1.0,1,6.0,6,0.333,0.0,0.632,0.0,0.0,0,0,0,3,0.0,7.0,0.0,2.0,0.0,1.0,0.0,0.0,7.0,0.0,0.0,3.0,0.0,0.0,0.0,6.0,3.0,2.0,0.286,0.857,2.0,0.0,0.0,0.0,G,2.0,2.0,0.321,0.679,0.25,1.0,0.0,5.0,0.0,2.0,0.0,7.0,0.8,0.0,0.0,0.0,0.0,5.0,0.0,4.0,0.0,0.0,2.0,0.0,0.0,CLE,0.0,0.0,1.0,5.0,0.286,0.0,0.0,0.0,3.0,3,1.0,1,0.333,0.5,0.274,6.0,0.476,8.0,0.75,2.0,0.376,0.624,0.25,1.0,2.0,4.0,0.514,0.75,6.0,0.667,0.152,1.0,0.25,0.679,0.321,2.0,2.0,0.375,0.667,2.0,0.097,3.0,0.57,0.0,0.0,0.0,0.2,5.0,8.2,0.0,0.0,5.0,0.455,9.0,0.0,11.0,0.0,0.0,0.0,0.455,1.0,1.0,0.2,0.556,2.0,CLE,4.0,0.556,4.0,8.2,0.0,0.0,1.0,1.0,CLE,1.0,0.5,1.0,4.0,0.0,1.0,0.0,1.0,2.0,1.0,0.0,0.0,2.0,1.0,0.5,0.0,1.0,4.0,0.0,CLE,0.0,0.0,0.0,0.0,0.0,0.0,0.0,0.0,0.0,0.0,62.0,0.0,0.0,0.0,0.0,0.0,0.0,3.62,12224.0,2.32,1.06,1.25,3.87,33.32,4.49,2025,20250420,True,42400101,,,MIA,CLE,1610612748,CLE_MIA_2025
1630171,Isaac Okoro,Isaac,1610612739,CLE,24.0,1,1,0,1.0,12.616666666666667,0,4,0.0,0,4,0.0,0,0,0.0,1,1,2,1,0,0,1,0,1,0,0,5,6.9,0,0,5.0,1,1,1,1,68,72,53,72,48,23,48,31,36,31,29,56,56,47,55,43,9,1,34,55,72,28,69,5,1,71,88,55,45,25,20,0.077,72.92,81,0.077,30,5,76,125.6,152.2,37,4.0,72,0.0,87.5,87.5,53,1,0.111,23.7,21,76,5,23,0.143,0.146,0.0,78,0.091,-0.031,0.0,72,149.3,130.4,152.2,87,0.0,72,21.7,51,0.0,20.0,25,6,90.01,81,57,0.0,44,130.4,55,1,21.7,1,2,11,0.0,0.083,3,12,0,0.083,0.0,0.0,0,0,0.0,0,0.0,0,0.0,0,0,0,0.0,0,0,0,0.0,0.4,0,0,1.34,11,0.0,0.0,0,0.0,0.75,0.0,16,0,0.0,19.7,1.0,1.0,0.5,0.0,1.0,0.0,0.0,1.0,0.5,1.0,1.0,1.0,10.9,0.667,0.0,0.5,3.0,2.0,0.667,0.0,1.0,2.2,,,,,,,,,,,,,,,,,,,,,,,,,,,,,,,,,,,,,,,,,,0.0,4.0,0.0,4.0,0.0,0.0,0.0,0.0,,0.0,1.0,0.0,1.0,,0,,,0.0,0,0.0,0,0.0,0.0,0.0,0.0,0.0,0,0,0,0,0.0,0.0,0.0,0.0,0.0,0.0,,,0.0,0.0,0.0,0.0,0.0,1.0,0.0,0.0,0.0,4.0,0.0,0.0,3.0,,0.0,0.0,,,,,,,,,0.0,0.0,0.0,0.0,0.0,0.0,0.0,,0.0,0.0,0.0,0.0,0.0,0.0,0.0,4.0,,0.0,CLE,0.0,0.0,0.0,0.0,0.0,,,,4.0,4,0.0,0,0.0,0.0,0.025,2.0,0.475,4.0,0.5,1.0,0.394,0.107,0.5,0.5,2.0,1.0,0.565,0.5,2.0,0.5,-0.065,,,,,,,,,,,,,0.0,0.5,0.0,0.5,2.0,2.2,0.0,0.0,1.0,0.667,1.0,0.0,3.0,1.0,19.7,1.0,0.667,1.0,1.0,1.0,1.0,2.0,CLE,0.0,1.0,1.0,10.9,0.5,0.0,0.0,2.0,CLE,0.0,0.0,0.0,0.0,0.0,0.0,2.0,0.0,0.0,0.0,0.0,4.0,0.0,0.0,0.0,1.0,1.0,0.0,0.0,CLE,0.0,0.0,0.0,0.0,0.0,0.0,0.0,0.0,0.0,0.0,16.0,0.0,0.0,0.0,0.0,0.0,0.0,4.34,5528.0,1.05,0.51,0.54,4.47,12.62,4.61,2025,20250420,True,42400101,,,MIA,CLE,1610612748,CLE_MIA_2025
1630241,Sam Merrill,Sam,1610612739,CLE,28.0,1,1,0,1.0,19.5,2,4,0.5,2,4,0.5,0,0,0.0,1,3,4,1,0,1,0,0,1,0,6,12,15.3,0,0,15.0,1,1,1,1,38,35,40,18,14,24,8,37,38,37,13,21,19,23,36,10,18,1,19,43,37,6,34,5,1,33,94,55,17,4,11,0.077,74.87,15,0.056,18,5,49,106.4,132.4,19,4.0,12,2.0,89.85,89.85,40,1,0.167,23.0,18,49,5,37,0.103,0.103,0.0,22,0.111,0.108,0.0,13,129.5,102.8,132.4,26,0.0,35,29.7,54,0.75,20.0,4,7,89.35,15,33,0.75,28,102.8,55,1,29.7,1,2,15,0.0,0.053,3,19,0,0.053,1.0,0.0,1,0,0.0,0,1.0,0,0.0,1,1,0,0.0,0,0,0,0.0,0.5,6,1,1.23,13,0.261,0.0,0,0.0,0.43,0.0,23,1,0.0,13.2,0.75,4.0,1.0,0.0,0.0,1.0,0.0,0.0,1.0,0.75,0.0,1.0,10.5,0.8,3.0,0.25,5.0,1.0,0.8,1.0,3.0,9.6,,,,,,,,,,,,,,,,,,,,,,,,,,,,,,,,,,,,,,,,,,0.5,4.0,0.0,4.0,0.5,2.0,0.0,0.0,,0.75,1.0,2.0,1.0,1.0,3,1.0,1.5,1.0,1,1.0,1,0.333,0.0,0.75,0.0,0.0,0,0,0,3,0.0,4.0,0.0,2.0,0.0,0.0,0.0,0.0,0.0,0.0,0.0,0.0,0.0,0.0,0.0,0.0,0.0,0.0,0.5,0.0,0.0,0.0,0.0,0.0,G,3.0,2.0,0.052,0.614,0.158,0.667,,0.0,0.0,2.0,0.0,4.0,0.0,0.0,,0.0,0.0,0.0,0.0,0.0,0.0,0.0,0.0,0.0,0.0,CLE,0.0,0.0,0.0,0.0,0.5,0.0,0.0,,3.0,3,1.0,1,0.333,0.5,0.101,5.0,0.455,9.0,0.556,3.0,0.381,0.119,0.667,0.5,6.0,2.0,0.565,0.333,3.0,0.667,0.101,1.0,0.111,0.643,0.357,1.0,1.0,0.222,1.0,2.0,0.404,2.0,0.597,0.0,1.0,1.0,0.25,4.0,9.6,0.0,1.0,3.0,0.8,4.0,0.0,5.0,0.0,13.2,1.0,0.8,1.0,0.0,0.0,0.75,1.0,CLE,3.0,0.75,3.0,10.5,1.0,0.0,0.0,2.0,CLE,0.0,0.0,0.0,2.0,0.0,0.0,1.0,0.0,0.0,0.0,0.0,3.0,0.0,0.0,0.0,1.0,1.0,0.0,0.0,CLE,0.0,0.0,0.0,0.0,0.0,0.0,0.0,0.0,0.0,0.0,23.0,0.0,0.0,0.0,0.0,0.0,0.0,4.22,8103.0,1.53,0.85,0.69,4.3,19.5,4.39,2025,20250423,True,42400102,,,MIA,CLE,1610612748,CLE_MIA_2025
1629622,Max Strus,Max,1610612739,CLE,29.0,1,1,0,1.0,26.35,4,8,0.5,4,8,0.5,2,2,1.0,0,1,1,6,1,2,0,0,1,1,14,-2,29.2,0,0,29.0,1,1,1,1,25,20,26,18,5,6,8,17,20,1,29,39,43,6,19,4,18,1,19,32,17,32,14,5,1,14,94,31,48,29,32,0.316,82.73,57,0.0,5,6,15,133.3,127.8,53,8.0,12,4.0,99.28,99.28,26,36,0.053,-1.3,29,15,6,54,0.169,0.176,6.3,55,0.024,0.125,6.3,9,132.0,129.1,127.8,22,6.0,20,-1.3,22,0.75,37.5,29,5,96.15,57,6,0.788,2,129.1,32,35,-1.3,7,5,37,0.0,0.171,13,35,1,0.2,1.0,0.0,1,0,0.0,0,1.0,0,0.0,1,1,0,0.0,0,0,0,0.0,1.2,14,0,1.58,28,0.298,0.0,0,0.0,0.91,0.0,47,0,1.0,0.0,0.333,4.0,0.0,1.0,0.0,0.0,0.0,0.0,0.0,0.25,0.0,0.0,6.9,0.333,1.0,0.0,4.0,0.0,0.25,0.0,1.0,6.9,,,,,,,,,,,,,,,,0.125,1.0,0.0,0.0,1.0,0.0,0.0,,0.0,0.0,0.0,0.0,0.125,0.5,,0.0,0.75,6.0,0.0,0.0,0.75,3.0,3.0,6.0,0.5,0.75,1.0,1.0,0.0,1.0,1.0,1.0,0.0,0.0,,1.5,0.125,1.0,0.125,,0,,,0.0,0,0.0,0,0.5,0.0,0.75,0.0,0.0,0,0,0,12,0.0,8.0,0.0,4.0,0.0,0.0,0.0,0.0,0.0,0.0,0.0,0.0,0.0,0.0,0.0,0.0,0.0,0.0,0.5,0.0,0.0,0.0,0.0,0.0,G-F,4.0,4.0,0.346,0.654,0.2,1.0,0.0,0.0,1.0,3.0,0.0,7.0,0.0,0.0,0.0,1.0,0.0,0.0,0.0,0.0,0.0,0.0,0.0,0.0,1.0,CLE,0.0,0.0,0.0,0.0,0.429,0.0,0.0,0.0,8.0,8,4.0,4,0.5,0.75,0.072,6.0,0.473,11.0,0.545,1.0,0.388,-0.188,0.455,0.2,5.0,5.0,0.568,0.545,6.0,0.833,0.265,1.0,0.273,0.672,0.328,3.0,3.0,0.273,1.0,3.0,0.404,3.0,0.596,1.0,0.0,0.0,0.0,1.0,6.9,1.0,0.0,1.0,0.25,4.0,0.0,4.0,0.0,0.0,0.0,0.333,0.0,0.0,0.0,0.333,0.0,CLE,1.0,0.25,1.0,6.9,0.0,0.0,0.0,3.0,CLE,0.0,1.0,0.0,2.0,0.0,0.0,4.0,0.0,0.0,0.0,0.0,10.0,1.0,0.0,0.0,1.0,2.0,1.0,0.0,CLE,0.0,0.0,0.0,0.0,0.0,0.0,0.0,0.0,0.0,0.0,47.0,0.0,0.0,0.0,0.0,0.0,0.0,4.87,11788.0,2.23,1.18,1.06,4.7,26.35,4.96,2025,20250423,True,42400102,,,MIA,CLE,1610612748,CLE_MIA_2025
1629636,Darius Garland,Darius,1610612739,CLE,25.0,1,1,0,1.0,31.73333333333333,6,14,0.429,2,8,0.25,7,8,0.875,1,1,2,9,1,0,0,0,2,5,21,-2,35.9,0,0,34.0,1,1,1,1,20,9,9,34,14,6,30,2,3,15,13,39,35,1,19,30,18,1,33,4,7,32,11,5,1,11,94,9,53,28,36,0.474,80.04,50,0.036,8,10,28,130.8,123.8,51,14.0,32,6.0,96.05,96.05,9,33,0.037,-6.0,25,28,10,63,0.275,0.274,3.6,53,0.036,0.132,3.6,26,124.8,125.0,123.8,19,9.0,9,-1.2,33,0.5,32.1,28,14,93.51,50,3,0.599,1,125.0,11,33,-1.2,10,13,55,0.0,0.2,26,45,1,0.222,0.1,0.2,5,5,0.5,1,0.5,0,0.75,10,1,3,0.333,2,3,4,0.0,6.0,21,0,5.11,21,0.3,0.0,0,2.0,4.81,0.0,70,1,1.0,2.9,0.25,5.0,1.0,1.0,0.0,0.0,0.0,0.0,1.0,0.2,1.0,0.0,9.6,0.4,1.0,0.0,6.0,1.0,0.333,0.0,2.0,16.3,,,,,,,,,,,,,,,,0.071,1.0,0.0,0.143,3.0,0.667,2.0,1.0,2.0,0.667,2.0,0.0,0.214,0.5,0.5,2.0,0.625,8.0,4.0,0.286,0.571,4.0,2.0,4.0,0.5,0.286,0.0,3.0,0.0,3.0,0.0,0.0,0.0,0.0,,0.0,0.214,0.0,0.214,0.4,10,0.333,0.5,2.0,4,6.0,10,0.0,1.0,0.5,0.0,0.0,0,2,0,0,0.0,8.0,0.0,2.0,0.0,1.0,0.0,0.0,3.0,2.0,0.0,1.0,1.0,0.0,2.0,1.0,1.0,0.0,0.25,0.333,0.0,0.0,0.0,0.0,G,6.0,4.0,0.039,0.627,0.333,0.667,0.0,1.0,2.0,2.0,1.0,6.0,1.0,0.0,0.0,0.0,0.0,1.0,1.0,1.0,1.0,1.0,1.0,0.0,0.0,CLE,1.0,2.0,1.0,1.0,0.333,0.0,0.0,0.0,2.0,2,0.0,0,0.0,0.0,0.231,7.0,0.469,10.0,0.7,2.0,0.36,0.141,0.4,0.5,4.0,5.0,0.538,0.6,6.0,0.833,0.295,0.75,0.4,0.641,0.109,3.0,4.0,0.4,0.75,3.0,0.17,4.0,0.58,1.0,1.0,0.0,0.0,2.0,16.3,1.0,0.0,1.0,0.333,5.0,0.0,6.0,1.0,2.9,1.0,0.4,0.0,0.0,0.0,0.25,1.0,CLE,1.0,0.2,2.0,9.6,1.0,0.0,0.0,3.0,CLE,0.0,0.0,0.0,1.0,0.0,0.0,0.0,0.0,0.0,0.0,0.0,0.0,0.0,0.0,0.0,2.0,1.0,0.0,0.0,CLE,0.0,0.0,0.0,0.0,0.0,0.0,0.0,0.0,0.0,0.0,70.0,0.0,0.0,0.0,0.0,0.0,0.0,3.76,12266.0,2.32,1.07,1.25,4.06,31.73,4.38,2025,20250423,True,42400102,,,MIA,CLE,1610612748,CLE_MIA_2025
1629631,De'Andre Hunter,De'Andre,1610612739,CLE,27.0,1,1,0,1.0,23.411666666666665,4,10,0.4,2,4,0.5,2,2,1.0,1,2,3,0,0,1,0,0,0,1,12,12,18.6,0,0,19.0,1,1,1,1,33,20,16,36,14,24,8,17,20,1,13,30,28,42,36,10,18,1,1,32,20,6,32,5,1,31,94,20,44,5,14,0.0,85.43,7,0.04,42,26,8,96.5,116.3,38,10.0,32,4.0,102.51,102.51,16,1,0.077,20.8,22,8,26,49,0.204,0.207,0.0,11,0.059,0.109,0.0,33,117.3,88.2,116.3,25,0.0,20,28.1,18,0.5,0.0,5,29,97.63,7,42,0.551,28,88.2,20,1,28.1,2,2,23,1.0,0.0,2,26,1,0.077,0.0,0.0,2,0,0.0,0,0.667,0,0.0,3,0,0,0.0,0,1,0,0.0,1.2,12,2,1.84,19,0.316,0.0,0,1.333,0.92,0.0,38,3,2.0,4.5,0.4,7.0,0.25,2.0,2.0,0.0,0.0,1.0,0.25,0.286,1.0,2.0,5.0,0.333,0.0,0.667,11.0,4.0,0.273,0.0,1.0,5.2,CLE,1.0,,0.1,1.0,0.0,1.0,0.0,0.0,0.0,0.0,0.0,0.1,0.0,0.0,0.0,0.0,0.0,0.2,2.0,0.0,2.0,0.0,0.0,0.0,0.0,,0.2,0.8,0.667,2.0,1.0,5.0,3.0,0.3,0.5,4.0,2.0,2.0,1.0,0.2,0.0,2.0,0.0,2.0,0.0,0.0,0.0,0.0,,0.0,0.2,0.0,0.2,0.0,0,,0.0,0.0,0,0.0,1,0.4,0.667,0.5,0.0,0.0,0,4,0,6,0.0,3.0,0.0,2.0,0.0,0.5,0.0,0.0,3.0,1.0,0.0,2.0,0.0,0.0,0.0,1.0,1.0,1.0,0.667,0.333,1.0,0.0,0.0,0.0,F-G,5.0,4.0,0.164,0.636,0.333,0.8,0.0,3.0,0.0,2.0,0.0,3.0,0.667,0.0,0.0,0.0,0.0,1.0,0.0,2.0,0.0,0.0,1.0,0.0,0.0,CLE,0.0,2.0,0.0,0.0,0.667,0.0,0.0,0.0,4.0,5,2.0,2,0.5,0.6,-0.179,2.0,0.465,7.0,0.286,0.0,0.376,-0.376,0.429,0.0,3.0,2.0,0.537,0.571,4.0,0.5,-0.037,0.667,0.429,0.633,0.034,2.0,3.0,0.429,0.667,2.0,0.093,3.0,0.574,2.0,0.25,0.0,0.667,3.0,5.2,2.0,0.0,2.0,0.273,7.0,0.0,11.0,1.0,4.5,1.0,0.333,2.0,2.0,1.0,0.4,4.0,CLE,0.0,0.286,1.0,5.0,0.25,0.0,0.0,3.0,CLE,1.0,0.0,1.0,2.0,0.0,1.0,0.0,1.0,2.0,1.0,0.0,0.0,0.0,0.0,1.0,2.0,1.0,2.0,0.0,CLE,0.0,0.0,0.0,0.0,0.0,0.0,0.0,0.0,0.0,0.0,38.0,0.0,0.0,0.0,0.0,0.0,0.0,3.46,9110.0,1.73,0.85,0.88,4.02,23.42,4.7,2025,20250423,True,42400102,,,MIA,CLE,1610612748,CLE_MIA_2025
1629660,Ty Jerome,Ty,1610612739,CLE,27.0,1,1,0,1.0,23.066666666666663,2,8,0.25,1,4,0.25,1,1,1.0,0,3,3,0,1,1,0,1,2,2,6,10,11.6,0,0,12.0,1,1,1,1,34,35,26,49,23,24,30,26,36,1,29,21,28,42,19,10,18,46,33,15,37,9,41,5,1,39,94,25,27,11,15,0.0,78.03,10,0.0,42,37,38,96.2,110.9,37,8.0,49,2.0,93.64,93.64,26,48,0.125,17.6,29,38,37,46,0.184,0.202,10.6,10,0.065,0.013,11.1,51,113.7,93.2,110.9,53,0.0,35,17.7,49,0.313,0.0,11,34,91.02,10,42,0.355,28,93.2,22,49,17.7,2,4,33,1.0,0.0,2,36,1,0.056,0.0,0.0,3,3,0.375,1,0.375,1,0.0,8,0,0,0.25,0,4,0,0.125,3.1,6,0,4.03,19,0.13,0.0,0,0.0,3.78,0.0,46,1,0.0,0.0,0.6,5.0,0.0,0.0,0.0,0.0,0.0,0.0,0.0,0.6,0.0,0.0,9.4,0.6,3.0,0.0,5.0,0.0,0.6,0.0,3.0,9.4,,,,,,,,,,,,,,,,0.0,0.0,0.0,0.375,3.0,0.333,3.0,0.333,1.0,0.333,1.0,,0.375,0.25,0.0,0.0,0.375,4.0,1.0,0.125,0.5,1.0,1.0,3.0,0.333,0.375,0.0,1.0,0.0,1.0,0.0,0.0,0.0,0.0,,0.0,0.125,0.0,0.125,0.167,3,0.25,0.25,1.0,1,4.0,6,0.0,0.0,0.313,0.0,0.0,0,0,0,0,0.0,4.0,0.0,1.0,0.0,0.0,0.0,0.0,3.0,1.0,0.0,0.0,0.0,0.0,0.0,1.0,0.0,0.0,0.25,0.333,0.0,0.0,0.0,0.0,G-F,4.0,3.0,0.146,0.604,0.25,0.75,,0.0,0.0,1.0,0.0,4.0,0.0,0.0,,0.0,0.0,3.0,0.0,0.0,0.0,0.0,0.0,0.0,0.0,CLE,0.0,1.0,0.333,1.0,0.25,0.0,0.0,,0.0,0,0.0,0,,,-0.294,1.0,0.461,6.0,0.167,1.0,0.374,-0.174,0.833,0.2,5.0,0.0,0.568,0.167,1.0,0.0,-0.568,,,,,,,,,,,,,0.0,0.0,0.0,0.0,3.0,9.4,0.0,0.0,3.0,0.6,5.0,0.0,5.0,0.0,0.0,0.0,0.6,0.0,0.0,0.0,0.6,0.0,CLE,3.0,0.6,3.0,9.4,0.0,0.0,0.0,5.0,CLE,0.0,0.0,0.0,2.0,0.0,0.0,1.0,0.0,1.0,0.0,0.0,3.0,0.0,0.0,1.0,1.0,4.0,1.0,0.0,CLE,0.0,0.0,0.0,0.0,0.0,0.0,0.0,0.0,0.0,0.0,46.0,0.0,0.0,0.0,0.0,0.0,0.0,3.6,9074.0,1.72,0.82,0.9,4.13,23.07,4.77,2025,20250423,True,42400102,,,MIA,CLE,1610612748,CLE_MIA_2025
1629731,Dean Wade,Dean,1610612739,CLE,28.0,1,1,0,1.0,5.616666666666666,0,0,0.0,0,0,0.0,0,0,0.0,0,0,0,0,0,1,0,0,0,0,0,6,3.0,0,0,2.0,1,1,1,1,57,52,62,52,38,52,38,37,38,37,29,55,58,42,36,10,18,1,1,43,54,12,56,5,1,56,94,63,55,1,1,0.0,89.02,58,0.0,42,1,2,143.1,191.7,58,0.0,52,0.0,106.82,106.82,62,1,0.0,48.6,29,2,1,12,0.0,0.0,0.0,58,0.0,0.021,0.0,54,191.7,130.8,191.7,49,0.0,52,60.9,4,0.0,0.0,1,1,102.04,58,42,0.0,28,130.8,63,1,60.9,0,0,0,0.0,0.0,0,3,0,0.0,0.0,0.0,0,0,0.0,0,0.0,0,0.0,0,0,0,0.0,0,0,0,0.0,0.1,0,0,1.91,0,0.0,0.0,0,0.0,0.33,0.0,3,0,,,,,,,,,,,,,,,,,,,,,,,,,,,,,,,,,,,,,,,,,,,,,,,,,,,,,,,,,,,,,,,,,,,,,,,,,,,,,,,,0,,,,0,,0,0.0,0.0,0.0,0.0,0.0,0,0,0,0,0.0,0.0,,0.0,0.0,,,,0.0,0.0,0.0,,0.0,,0.0,0.0,,0.0,0.0,0.0,0.0,,0.0,,,,,,,,,,0.0,0.0,0.0,,0.0,0.0,0.0,,0.0,0.0,0.0,,0.0,0.0,,0.0,,0.0,CLE,0.0,0.0,0.0,0.0,0.0,,,,,0,,0,,,0.524,1.0,0.476,1.0,1.0,1.0,0.378,0.622,1.0,1.0,1.0,,,,,,,,,,,,,,,,,,,,,,,,,,,,,,,,,,,,,,,,,,,,,,,0.0,0.0,0.0,CLE,0.0,0.0,0.0,1.0,0.0,0.0,0.0,0.0,0.0,0.0,0.0,0.0,0.0,0.0,0.0,0.0,0.0,0.0,0.0,CLE,0.0,0.0,0.0,0.0,0.0,0.0,0.0,0.0,0.0,0.0,3.0,0.0,0.0,0.0,0.0,0.0,0.0,3.94,2471.0,0.47,0.22,0.24,5.16,5.62,4.33,2025,20250423,True,42400102,,,MIA,CLE,1610612748,CLE_MIA_2025
1628378,Donovan Mitchell,Donovan,1610612739,CLE,28.0,1,1,0,1.0,35.583333333333336,10,21,0.476,7,10,0.7,3,4,0.75,0,6,6,6,1,1,0,0,2,4,30,4,48.2,0,0,51.0,1,1,1,1,12,5,4,30,2,3,7,10,8,19,29,5,10,6,19,10,18,1,33,5,5,17,5,5,1,4,94,5,12,24,25,0.333,82.06,34,0.0,18,12,18,122.2,123.3,27,21.0,20,10.0,98.47,98.47,4,32,0.207,4.7,29,18,12,73,0.304,0.313,3.4,47,0.094,0.166,3.3,20,126.9,117.8,123.3,8,6.0,5,5.5,27,0.643,20.0,24,10,95.32,34,5,0.659,2,117.8,5,32,5.5,6,11,50,0.0,0.182,18,33,0,0.182,0.0,0.1,3,1,0.1,0,0.3,1,0.5,10,0,1,0.0,1,5,2,0.1,4.9,30,0,4.78,26,0.492,0.0,0,2.0,3.87,0.0,61,1,0.0,0.0,0.857,7.0,0.0,0.0,2.0,0.0,0.0,0.333,0.0,0.857,0.0,2.0,9.0,0.667,4.0,0.333,9.0,2.0,0.667,0.0,4.0,9.0,CLE,1.0,,0.048,1.0,0.0,1.0,0.0,0.0,0.0,0.0,0.0,0.048,0.0,0.0,0.048,1.0,0.0,0.333,8.0,0.125,7.0,0.143,1.0,0.125,1.0,0.0,0.381,0.667,0.667,2.0,0.889,9.0,3.0,0.143,0.429,6.0,4.0,6.0,0.667,0.286,1.0,3.0,0.0,3.0,1.0,3.0,0.0,0.0,,1.5,0.143,3.0,0.143,0.636,19,0.714,0.864,5.0,7,7.0,11,0.667,1.0,0.643,0.0,0.0,0,2,0,6,0.0,10.0,0.0,7.0,0.0,1.0,0.0,0.0,7.0,3.0,0.0,1.0,0.333,0.0,1.0,1.0,1.0,0.0,0.7,0.143,0.0,0.0,0.0,0.0,G,4.0,4.0,0.361,0.64,0.19,1.0,0.0,2.0,1.0,6.0,0.0,9.0,0.5,2.0,0.0,1.0,0.5,3.0,0.0,1.0,0.0,1.0,1.0,0.0,1.0,CLE,0.0,4.0,0.0,0.0,0.667,0.0,0.0,0.0,3.0,3,2.0,2,0.667,1.0,-0.074,5.0,0.459,13.0,0.385,1.0,0.375,-0.232,0.538,0.143,7.0,4.0,0.518,0.462,6.0,0.667,0.149,1.0,0.154,0.6,0.4,2.0,2.0,0.231,1.0,3.0,0.439,3.0,0.561,0.0,0.0,0.0,0.333,6.0,9.0,0.0,0.0,6.0,0.667,7.0,0.0,9.0,0.0,0.0,0.0,0.667,2.0,2.0,0.333,0.857,2.0,CLE,4.0,0.857,4.0,9.0,0.0,0.0,0.0,3.0,CLE,0.0,0.0,0.0,1.0,0.0,0.0,0.0,0.0,0.0,0.0,0.0,0.0,0.0,0.0,0.0,1.0,2.0,0.0,0.0,CLE,0.0,0.0,0.0,0.0,0.0,0.0,0.0,0.0,0.0,0.0,61.0,0.0,0.0,0.0,0.0,0.0,0.0,3.49,13107.0,2.48,1.18,1.31,3.94,35.58,4.46,2025,20250423,True,42400102,,,MIA,CLE,1610612748,CLE_MIA_2025
1630596,Evan Mobley,Evan,1610612739,CLE,23.0,1,1,0,1.0,34.333333333333336,7,10,0.7,3,6,0.5,3,3,1.0,1,5,6,1,2,1,0,0,1,2,20,5,29.7,0,0,32.0,1,1,1,1,15,7,16,8,9,13,8,10,16,1,13,12,10,23,6,10,18,1,19,15,8,15,13,5,1,13,94,33,15,23,28,0.053,80.97,31,0.029,40,22,22,119.0,120.0,26,10.0,7,7.0,97.17,97.17,16,55,0.179,1.2,27,22,22,70,0.169,0.178,14.0,40,0.097,0.146,14.3,6,120.1,114.5,120.0,15,0.5,7,5.5,28,0.85,7.1,23,23,95.29,31,38,0.883,22,114.5,30,55,5.5,1,2,22,0.0,0.03,2,33,0,0.03,0.0,0.0,2,4,0.8,2,0.4,1,0.0,5,0,0,1.0,0,2,0,0.2,1.4,20,1,1.78,19,0.435,0.0,1,1.0,0.83,0.0,46,3,1.0,5.8,0.625,9.0,0.333,1.0,2.0,1.0,0.0,0.4,0.333,0.556,0.0,3.0,6.6,0.545,3.0,0.5,12.0,3.0,0.5,1.0,3.0,6.8,CLE,1.0,,0.1,1.0,0.0,1.0,1.0,1.0,0.0,0.0,1.0,0.1,1.0,1.0,0.1,1.0,0.0,0.3,4.0,0.75,3.0,1.0,3.0,0.75,3.0,0.0,0.4,0.5,,0.0,0.75,2.0,0.0,0.0,0.2,1.0,1.0,2.0,0.5,0.2,0.667,3.0,0.0,3.0,0.667,2.0,0.0,0.0,,1.0,0.3,2.0,0.3,,0,,,0.0,0,0.0,0,0.5,1.0,0.85,0.0,0.0,0,3,0,9,0.0,4.0,1.0,1.0,1.0,1.0,0.0,0.0,3.0,0.0,0.0,1.0,0.0,2.0,0.0,3.0,1.0,2.0,0.25,1.0,0.0,0.0,2.0,2.0,C,10.0,8.0,0.175,0.625,0.303,0.8,0.0,2.0,0.0,1.0,0.0,4.0,1.0,0.0,0.0,0.0,0.0,2.0,0.0,2.0,2.0,0.0,2.0,0.0,0.0,CLE,1.0,0.0,1.0,2.0,0.25,0.0,0.0,0.0,6.0,6,3.0,3,0.5,0.75,-0.121,5.0,0.478,14.0,0.357,1.0,0.363,-0.22,0.5,0.143,7.0,4.0,0.548,0.5,7.0,0.571,0.023,0.5,0.286,0.63,-0.13,2.0,4.0,0.357,0.4,2.0,-0.173,5.0,0.573,1.0,0.333,1.0,0.5,6.0,6.8,1.0,1.0,5.0,0.5,9.0,0.0,12.0,0.0,5.8,1.0,0.545,3.0,2.0,0.4,0.625,3.0,CLE,3.0,0.556,3.0,6.6,0.333,0.0,1.0,9.0,CLE,2.0,0.0,2.0,1.0,0.0,1.0,0.0,1.0,0.0,2.0,0.0,0.0,0.0,0.5,0.0,5.0,4.0,0.0,0.0,CLE,0.0,0.0,0.0,0.0,1.0,0.0,0.0,1.0,0.0,0.0,46.0,0.0,0.0,0.0,0.0,0.0,1.0,3.68,13213.0,2.5,1.18,1.33,4.07,34.33,4.5,2025,20250423,True,42400102,,,MIA,CLE,1610612748,CLE_MIA_2025
1630171,Isaac Okoro,Isaac,1610612739,CLE,24.0,1,1,0,1.0,9.85,1,2,0.5,1,1,1.0,0,0,0.0,0,1,1,0,0,1,0,1,3,0,3,1,7.2,0,0,7.0,1,1,1,1,53,43,48,18,23,43,1,37,38,37,29,39,43,42,36,10,18,46,49,43,43,26,46,5,1,45,94,54,17,17,17,0.0,79.19,64,0.0,42,2,37,154.6,157.9,30,2.0,12,1.0,95.03,95.03,48,1,0.167,13.2,29,37,2,19,0.105,0.112,0.0,61,0.083,0.016,0.0,13,167.8,145.0,157.9,52,0.0,43,12.9,55,0.75,0.0,17,2,89.28,64,42,0.75,28,145.0,54,1,12.9,0,0,5,0.0,0.0,0,8,0,0.0,0.0,0.0,0,0,0.0,0,0.0,0,0.0,1,0,0,0.0,0,1,0,0.0,0.4,3,0,2.42,4,0.3,0.0,0,0.0,1.7,0.0,10,0,0.0,0.0,1.0,1.0,0.0,0.0,0.0,0.0,0.0,0.0,0.0,1.0,0.0,0.0,14.7,1.0,1.0,0.0,1.0,0.0,1.0,0.0,1.0,14.7,,,,,,,,,,,,,,,,,,,,,,,,,,,,,0.0,0.0,0.0,0.0,1.0,1.0,0.5,0.5,0.0,0.0,0.0,,0.0,1.0,1.0,0.0,1.0,1.0,1.0,0.0,0.0,,1.5,0.5,1.0,0.5,,0,,,0.0,0,0.0,0,1.0,0.0,0.75,0.0,0.0,0,0,0,3,1.0,0.0,,0.0,1.0,,,,1.0,0.0,1.0,,0.0,,0.0,0.0,,1.0,0.0,0.0,1.0,,1.0,,F-G,1.0,1.0,0.4,0.6,0.111,1.0,,0.0,0.0,0.0,0.0,0.0,0.0,0.0,,0.0,0.0,1.0,0.0,0.0,1.0,0.0,1.0,,0.0,CLE,1.0,0.0,0.0,0.0,0.0,,,,1.0,1,1.0,1,1.0,1.5,0.323,4.0,0.477,5.0,0.8,2.0,0.383,0.283,0.6,0.667,3.0,2.0,0.538,0.4,2.0,1.0,0.462,1.0,0.2,0.6,0.4,1.0,1.0,0.4,1.0,2.0,0.429,2.0,0.571,0.0,0.0,0.0,0.0,1.0,14.7,0.0,0.0,1.0,1.0,1.0,0.0,1.0,0.0,0.0,0.0,1.0,0.0,0.0,0.0,1.0,0.0,CLE,1.0,1.0,1.0,14.7,0.0,0.0,0.0,2.0,CLE,0.0,0.0,0.0,1.0,0.0,0.0,0.0,0.0,0.0,0.0,0.0,0.0,0.0,0.0,0.0,1.0,1.0,0.0,0.0,CLE,0.0,0.0,0.0,0.0,0.0,0.0,0.0,0.0,0.0,0.0,10.0,0.0,0.0,0.0,0.0,0.0,0.0,4.36,4114.0,0.78,0.42,0.36,4.68,9.85,5.07,2025,20250423,True,42400102,,,MIA,CLE,1610612748,CLE_MIA_2025
1628386,Jarrett Allen,Jarrett,1610612739,CLE,27.0,1,1,0,1.0,30.555,3,5,0.6,0,0,0.0,3,3,1.0,2,6,8,1,2,1,1,1,1,4,9,-1,24.1,0,0,22.0,1,1,1,1,22,30,37,12,38,52,38,10,16,1,6,5,7,23,6,10,5,46,19,5,31,29,20,5,1,24,94,48,9,33,30,0.045,79.2,50,0.077,32,19,36,126.5,121.3,9,5.0,23,3.0,95.04,95.04,37,61,0.231,-0.8,14,36,19,61,0.121,0.132,21.5,51,0.154,0.092,22.2,15,125.8,125.0,121.3,35,0.5,30,-3.7,40,0.6,11.1,33,12,92.78,50,41,0.712,22,125.0,47,61,-3.7,1,0,12,0.0,0.071,3,14,0,0.071,0.0,0.0,1,0,0.0,0,1.0,0,0.0,1,0,0,0.0,0,0,0,0.0,0.5,9,4,1.26,12,0.409,1.0,0,0.714,0.55,0.0,22,7,1.0,3.5,0.857,8.0,0.25,1.0,0.0,0.0,0.0,0.0,0.25,0.75,2.0,0.0,6.6,0.615,6.0,0.0,14.0,8.0,0.571,0.0,8.0,7.6,CLE,1.0,,0.6,3.0,0.0,3.0,0.333,0.333,0.0,0.0,1.0,0.6,1.0,0.333,0.0,0.0,0.0,0.4,2.0,1.0,2.0,1.0,2.0,1.0,2.0,,0.4,,,,,,,,,,,,,,,,,,,,,,,,,,,,0,,,,0,,0,0.0,0.333,0.6,0.5,0.0,0,5,4,0,0.0,0.0,0.0,0.0,0.0,0.0,0.0,0.0,4.0,0.0,0.0,1.0,0.0,0.0,0.0,3.0,0.0,0.0,0.0,0.75,0.0,0.0,0.0,0.0,C,5.0,4.0,0.128,0.672,0.192,0.8,,3.0,0.0,0.0,0.0,0.0,0.333,0.0,,0.0,0.0,2.0,0.0,1.0,0.0,0.0,0.0,0.0,0.0,CLE,0.0,0.0,1.0,2.0,0.0,0.0,0.0,,,0,,0,,,0.172,8.0,0.495,12.0,0.667,2.0,0.353,0.147,0.333,0.5,4.0,6.0,0.572,0.667,8.0,0.75,0.178,1.0,0.25,0.659,0.341,3.0,3.0,0.25,1.0,3.0,0.39,3.0,0.61,1.0,0.25,0.0,0.0,8.0,7.6,1.0,0.0,6.0,0.571,8.0,0.0,14.0,2.0,3.5,2.0,0.615,0.0,0.0,0.0,0.857,8.0,CLE,6.0,0.75,8.0,6.6,0.25,0.0,1.0,8.0,CLE,1.0,0.0,1.0,3.0,0.0,1.0,2.0,1.0,0.0,1.0,0.0,4.0,0.0,1.0,0.0,5.0,3.0,0.0,0.0,CLE,0.0,0.0,0.0,0.0,0.0,0.0,0.0,0.0,0.0,0.0,22.0,0.0,0.0,0.0,0.0,0.0,0.0,3.94,11627.0,2.2,1.07,1.13,4.09,30.55,4.24,2025,20250423,True,42400102,,,MIA,CLE,1610612748,CLE_MIA_2025
1628386,Jarrett Allen,Jarrett,1610612739,CLE,27.0,1,1,0,1.0,25.933333333333334,8,9,0.889,0,0,0.0,6,6,1.0,2,8,10,1,1,0,0,0,1,4,22,20,34.5,1,0,33.0,1,1,1,1,37,10,30,6,46,61,46,5,5,1,13,6,7,44,24,42,26,1,19,12,9,4,16,1,1,16,91,27,6,10,10,0.071,78.66,6,0.071,60,14,44,85.4,121.6,7,9.0,8,8.0,94.4,94.4,30,39,0.276,36.9,18,44,14,51,0.21,0.212,7.3,7,0.175,0.317,7.1,5,122.2,82.4,121.6,3,1.0,10,39.2,61,0.889,7.1,10,12,92.47,6,54,0.945,22,82.4,31,38,39.2,1,4,27,0.0,0.042,2,24,0,0.042,0.0,0.0,0,0,0.0,0,0.0,0,0.0,0,0,0,0.0,0,0,0,0.0,0.9,22,2,1.36,29,0.564,0.0,1,1.111,0.38,0.0,39,9,0.0,5.5,0.8,10.0,0.286,1.0,1.0,1.0,1.0,0.125,0.333,0.8,1.0,2.0,5.6,0.667,7.0,0.2,16.0,7.0,0.625,0.5,8.0,5.6,,,,,,,,,,,,,,,,0.0,0.0,0.0,0.667,6.0,0.833,6.0,0.833,5.0,0.833,5.0,,0.667,1.0,1.0,2.0,1.0,2.0,2.0,0.222,0.222,2.0,0.0,0.0,,0.0,1.0,1.0,1.0,0.0,,0.0,0.111,1.0,1.0,1.0,0.111,1.0,0.0,,0,,,,0,,0,1.0,1.0,0.889,0.0,0.0,0,10,0,2,0.0,0.0,0.0,0.0,0.0,0.875,0.0,0.0,1.0,0.0,0.0,8.0,0.0,0.0,0.0,1.0,7.0,0.0,0.0,1.0,0.0,0.0,0.0,0.0,C,8.0,5.0,-0.031,0.656,0.195,0.625,,8.0,,0.0,0.0,0.0,0.875,0.0,,,0.0,1.0,0.0,7.0,0.0,0.0,0.0,0.0,,CLE,0.0,0.0,1.0,1.0,0.0,0.0,0.0,,,1,,1,,1.0,-0.165,5.0,0.499,15.0,0.333,3.0,0.345,0.155,0.4,0.5,6.0,2.0,0.556,0.6,9.0,0.222,-0.334,0.333,0.2,0.627,-0.294,1.0,3.0,0.333,0.4,2.0,-0.213,5.0,0.613,0.0,0.286,1.0,0.2,10.0,5.6,1.0,0.5,8.0,0.625,10.0,1.0,16.0,1.0,5.5,2.0,0.667,2.0,1.0,0.125,0.8,7.0,CLE,7.0,0.8,8.0,5.6,0.333,0.0,0.0,11.0,CLE,0.0,0.0,0.0,0.0,0.0,0.0,3.0,0.0,0.0,0.0,0.0,7.0,0.0,0.0,0.0,5.0,6.0,0.0,0.0,CLE,0.0,1.0,0.0,0.0,1.0,0.0,0.0,0.0,0.0,0.0,39.0,0.0,1.0,0.0,0.0,0.0,0.0,3.99,10109.0,1.91,0.91,1.0,4.13,25.93,4.26,2025,20250426,True,42400103,,,MIA,CLE,1610612748,CLE_MIA_2025
1630171,Isaac Okoro,Isaac,1610612739,CLE,24.0,1,1,0,1.0,8.983333333333333,4,6,0.667,1,3,0.333,0,0,0.0,1,0,1,1,0,0,0,0,3,0,9,9,11.7,0,0,12.0,1,1,1,1,66,30,49,13,26,38,27,41,44,41,21,66,61,44,52,42,26,1,51,58,39,11,54,9,1,53,91,3,66,8,7,0.167,73.47,6,0.143,45,8,76,80.8,143.8,42,6.0,14,4.0,88.16,88.16,49,1,0.0,62.9,5,76,8,16,0.316,0.316,0.0,6,0.071,0.18,0.0,14,143.8,82.4,143.8,14,0.0,30,61.4,75,0.75,14.3,8,8,89.02,6,27,0.75,43,82.4,4,1,61.4,1,1,14,0.0,0.091,2,11,0,0.091,0.0,0.0,2,2,0.667,1,0.667,0,0.0,3,0,0,1.0,0,1,0,0.0,0.9,9,0,3.29,10,0.529,0.0,0,2.0,2.76,0.0,17,2,0.0,3.1,0.0,1.0,0.333,1.0,0.0,1.0,1.0,0.0,0.5,0.0,0.0,1.0,3.1,0.333,0.0,1.0,4.0,3.0,0.25,1.0,0.0,0.0,,,,,,,,,,,,,,,,0.167,1.0,0.0,0.5,4.0,0.75,3.0,1.0,3.0,0.75,3.0,0.0,0.667,,,,,,,,,,,,,,0.5,2.0,0.0,2.0,0.5,1.0,0.0,0.0,,0.75,0.333,1.0,0.333,0.333,3,0.333,0.5,1.0,1,3.0,3,0.0,1.0,0.75,0.0,0.0,0,4,0,0,0.0,2.0,0.0,1.0,0.0,1.0,,,0.0,0.0,0.0,3.0,0.0,1.0,0.0,0.0,3.0,1.0,0.5,0.0,0.0,,0.0,0.0,F-G,1.0,1.0,0.396,0.604,0.091,1.0,,3.0,,1.0,0.0,2.0,1.0,0.0,,,0.0,0.0,0.0,3.0,0.0,0.0,1.0,,,CLE,0.0,0.0,0.0,0.0,0.5,,,,0.0,0,0.0,0,,,0.044,1.0,0.457,2.0,0.5,1.0,0.374,0.127,1.0,0.5,2.0,,,,,,,,,,,,,,,,,,,0.0,0.333,1.0,1.0,1.0,0.0,1.0,1.0,0.0,0.25,1.0,1.0,4.0,0.0,3.1,1.0,0.333,1.0,0.0,0.0,0.0,3.0,CLE,0.0,0.0,0.0,3.1,0.5,0.0,0.0,1.0,CLE,0.0,0.0,0.0,1.0,0.0,0.0,0.0,0.0,0.0,0.0,0.0,0.0,0.0,0.0,0.0,0.0,1.0,0.0,0.0,CLE,0.0,0.0,0.0,0.0,0.0,0.0,0.0,0.0,0.0,0.0,17.0,0.0,0.0,0.0,0.0,0.0,0.0,4.13,3787.0,0.72,0.33,0.39,4.28,8.98,4.41,2025,20250426,True,42400103,,,MIA,CLE,1610612748,CLE_MIA_2025
1630596,Evan Mobley,Evan,1610612739,CLE,23.0,1,1,0,1.0,31.55,8,13,0.615,2,4,0.5,1,1,1.0,1,5,6,3,2,1,1,0,1,1,19,8,34.7,0,0,34.0,1,1,1,1,28,10,16,16,16,28,13,30,39,1,21,16,18,21,13,15,10,1,19,36,13,14,15,9,1,13,91,28,21,21,22,0.167,78.61,34,0.033,36,25,45,102.2,114.5,28,13.0,19,8.0,94.33,94.33,16,48,0.161,12.8,37,45,25,62,0.208,0.225,10.8,34,0.098,0.169,11.1,17,115.0,101.6,114.5,17,1.5,10,12.9,53,0.692,16.7,21,21,93.84,34,27,0.707,17,101.6,23,47,12.9,5,4,28,0.0,0.088,6,34,2,0.147,0.0,0.0,2,2,0.333,1,0.333,1,0.0,6,0,0,0.333,0,3,0,0.167,2.1,19,2,2.56,19,0.388,1.0,2,0.667,1.78,2.5,49,3,0.0,3.6,0.714,7.0,0.143,0.0,1.0,0.0,0.0,0.2,0.143,0.714,1.0,1.0,4.6,0.462,4.0,0.167,13.0,7.0,0.462,0.0,5.0,4.8,,,,,,,,,,,,,,,,0.077,1.0,0.0,0.462,7.0,0.571,6.0,0.667,4.0,0.571,4.0,0.0,0.538,0.5,0.0,0.0,0.75,4.0,1.0,0.077,0.308,2.0,2.0,3.0,0.667,0.231,1.0,2.0,2.0,0.0,,0.0,0.154,2.0,1.0,1.0,0.154,2.0,0.0,0.5,3,1.0,0.75,1.0,1,1.0,2,0.333,0.5,0.692,1.0,1.0,5,2,2,3,0.0,4.0,0.0,2.0,0.0,0.75,,,1.0,0.0,0.0,8.0,0.0,0.0,0.0,0.0,6.0,0.0,0.5,0.0,0.0,,0.0,0.0,C,13.0,11.0,0.22,0.626,0.277,0.846,,8.0,,2.0,0.0,4.0,0.75,0.0,,,0.0,1.0,0.0,6.0,0.0,0.0,0.0,,,CLE,0.0,0.0,0.0,0.0,0.5,,,,3.0,3,1.0,1,0.333,0.5,-0.042,6.0,0.471,14.0,0.429,2.0,0.35,0.05,0.357,0.4,5.0,4.0,0.529,0.643,9.0,0.444,-0.085,1.0,0.214,0.63,0.37,3.0,3.0,0.357,0.6,3.0,0.019,5.0,0.581,0.0,0.143,0.0,0.167,6.0,4.8,0.0,0.0,5.0,0.462,7.0,0.0,13.0,1.0,3.6,1.0,0.462,1.0,1.0,0.2,0.714,7.0,CLE,4.0,0.714,5.0,4.6,0.143,0.0,0.0,10.0,CLE,0.0,0.0,0.0,0.0,0.0,0.0,1.0,0.0,2.0,0.0,0.0,2.0,0.0,0.0,1.0,5.0,5.0,2.0,0.0,CLE,0.0,0.0,0.0,1.0,2.0,0.0,0.0,0.0,0.0,2.0,49.0,2.5,0.0,0.0,2.0,5.0,0.0,3.8,12582.0,2.38,1.12,1.27,4.25,31.55,4.72,2025,20250426,True,42400103,,,MIA,CLE,1610612748,CLE_MIA_2025
1628378,Donovan Mitchell,Donovan,1610612739,CLE,28.0,1,1,0,1.0,29.966666666666665,4,14,0.286,3,8,0.375,2,5,0.4,1,1,2,1,1,0,0,2,1,2,13,9,15.9,0,0,19.0,1,1,1,1,30,30,13,58,8,5,26,20,14,39,21,52,51,44,24,42,26,71,19,27,25,11,48,9,1,41,91,17,63,20,21,0.053,78.09,24,0.031,62,28,52,100.6,113.6,66,14.0,49,4.0,93.7,93.7,13,35,0.032,13.1,40,52,28,59,0.243,0.257,5.5,28,0.032,0.005,5.6,53,113.7,100.0,113.6,67,1.0,30,13.6,57,0.393,5.6,20,23,93.35,24,60,0.401,22,100.0,14,35,13.6,2,10,44,0.0,0.03,3,33,1,0.061,0.0,0.143,2,3,0.429,1,0.286,0,0.5,7,0,1,0.25,1,4,2,0.0,4.2,13,0,4.97,26,0.255,0.0,0,0.0,4.45,0.0,51,0,0.0,9.2,0.25,4.0,0.333,0.0,0.0,0.0,0.0,0.0,0.333,0.25,1.0,0.0,5.8,0.286,1.0,0.0,7.0,3.0,0.286,0.0,2.0,2.4,,,,,,,,,,,,,,,,0.214,3.0,2.0,0.357,8.0,0.5,5.0,0.2,1.0,0.375,3.0,0.667,0.571,0.333,,0.0,0.5,3.0,0.0,0.0,0.214,1.0,1.0,3.0,0.333,0.214,0.0,3.0,1.0,2.0,0.0,0.0,0.071,0.0,0.0,0.0,0.214,0.0,0.143,0.333,6,0.5,0.5,2.0,2,4.0,6,0.25,0.0,0.393,0.0,0.0,0,0,0,3,0.0,8.0,0.0,3.0,0.0,0.5,,,3.0,1.0,0.0,2.0,0.0,0.0,0.0,0.0,1.0,0.0,0.375,0.0,0.0,,0.0,0.0,G,6.0,5.0,0.19,0.643,0.2,0.833,,4.0,,3.0,0.0,8.0,0.25,0.0,,,0.0,1.0,0.0,1.0,0.0,0.0,0.0,,,CLE,0.0,1.0,0.0,0.0,0.375,,,,4.0,4,1.0,1,0.25,0.375,-0.25,2.0,0.472,9.0,0.222,1.0,0.388,-0.054,0.333,0.333,3.0,1.0,0.525,0.667,6.0,0.167,-0.358,0.5,0.222,0.643,-0.143,1.0,2.0,0.444,0.25,1.0,-0.319,4.0,0.569,0.0,0.333,0.0,0.0,2.0,2.4,0.0,0.0,1.0,0.286,4.0,0.0,7.0,1.0,9.2,1.0,0.286,0.0,0.0,0.0,0.25,3.0,CLE,1.0,0.25,2.0,5.8,0.333,0.0,0.0,1.0,CLE,0.0,0.0,0.0,2.0,0.0,0.0,0.0,0.0,0.0,0.0,0.0,0.0,0.0,0.0,0.0,0.0,1.0,0.0,0.0,CLE,0.0,0.0,0.0,0.0,0.0,0.0,0.0,0.0,0.0,0.0,51.0,0.0,0.0,0.0,0.0,0.0,0.0,3.66,11312.0,2.14,0.98,1.16,3.89,29.97,4.5,2025,20250426,True,42400103,,,MIA,CLE,1610612748,CLE_MIA_2025
1629731,Dean Wade,Dean,1610612739,CLE,28.0,1,1,0,1.0,21.80333333333333,0,2,0.0,0,2,0.0,0,0,0.0,1,3,4,2,1,0,0,0,1,0,0,19,6.8,0,0,6.0,1,1,1,1,42,68,65,68,46,48,46,41,44,41,21,34,31,30,24,42,26,1,19,58,69,5,63,9,1,63,91,76,19,9,9,0.091,71.55,45,0.071,5,3,78,104.2,156.4,17,2.0,68,0.0,85.86,85.86,65,65,0.167,51.1,18,78,3,39,0.065,0.069,20.0,39,0.125,0.017,20.0,69,155.3,107.7,156.4,62,2.0,68,48.7,77,0.0,40.0,9,3,87.62,45,48,0.0,11,107.7,76,65,48.7,2,1,9,0.0,0.143,5,14,0,0.143,0.0,0.0,1,0,0.0,0,1.0,0,0.0,1,0,0,0.0,0,0,0,0.0,0.4,0,0,1.26,9,0.0,0.0,0,0.0,0.37,0.0,19,0,0.0,21.2,0.75,4.0,0.5,0.0,1.0,1.0,0.0,0.333,0.5,0.75,0.0,2.0,8.6,0.667,2.0,0.5,6.0,2.0,0.667,1.0,2.0,4.5,,,,,,,,,,,,,,,,,,,,,,,,,,,,,0.0,,0.0,0.0,1.0,0.0,0.0,0.5,0.0,0.0,1.0,0.0,0.5,0.0,1.0,0.0,1.0,0.0,0.0,0.0,0.0,,0.0,0.5,0.0,0.5,,0,,,0.0,0,0.0,0,0.0,0.0,0.0,0.0,0.0,0,0,0,0,0.0,1.0,0.0,0.0,0.0,0.0,,,0.0,0.0,0.0,0.0,0.0,0.0,0.0,0.0,0.0,1.0,0.0,0.0,1.0,,0.0,0.0,F-C,3.0,2.0,0.014,0.653,0.273,0.667,,0.0,,0.0,0.0,0.0,0.0,0.0,,,0.0,0.0,0.0,0.0,0.0,0.0,2.0,,,CLE,0.0,0.0,0.0,0.0,0.0,,,,2.0,2,0.0,0,0.0,0.0,0.122,6.0,0.478,10.0,0.6,3.0,0.385,0.365,0.4,0.75,4.0,3.0,0.537,0.6,6.0,0.5,-0.037,0.667,0.3,0.653,0.014,2.0,3.0,0.4,0.5,2.0,-0.084,4.0,0.584,0.0,0.5,1.0,0.5,4.0,4.5,0.0,1.0,3.0,0.667,4.0,0.0,6.0,0.0,21.2,1.0,0.667,2.0,1.0,0.333,0.75,2.0,CLE,2.0,0.75,2.0,8.6,0.5,0.0,0.0,5.0,CLE,0.0,1.0,0.0,1.0,0.0,0.0,1.0,0.0,0.0,0.0,0.0,3.0,1.0,0.0,0.0,3.0,2.0,1.0,0.0,CLE,0.0,0.0,0.0,0.0,0.0,0.0,0.0,0.0,0.0,0.0,19.0,0.0,0.0,0.0,0.0,0.0,0.0,4.1,9315.0,1.76,0.92,0.85,4.54,21.8,4.52,2025,20250426,True,42400103,,,MIA,CLE,1610612748,CLE_MIA_2025
1629631,De'Andre Hunter,De'Andre,1610612739,CLE,27.0,1,1,0,1.0,28.4,6,8,0.75,3,5,0.6,6,6,1.0,0,4,4,3,2,1,0,0,3,6,21,34,31.3,0,0,33.0,1,1,1,1,34,19,37,8,8,19,8,5,5,1,48,21,31,21,13,15,26,1,51,5,12,1,24,9,1,16,91,25,25,6,8,0.12,76.06,23,0.0,32,2,63,100.7,166.0,30,8.0,6,6.0,91.27,91.27,37,53,0.148,62.5,48,63,2,53,0.213,0.215,12.8,29,0.093,0.166,12.5,4,163.2,98.2,166.0,19,1.5,19,67.9,71,0.938,18.8,6,2,90.9,23,45,0.987,17,98.2,30,52,67.9,3,1,25,0.0,0.158,7,19,0,0.158,0.125,0.25,2,8,1.0,2,0.25,1,1.0,8,1,4,1.0,2,2,4,0.125,1.9,21,0,3.22,18,0.583,0.0,1,2.0,2.81,2.0,36,1,1.0,0.0,0.4,11.0,0.0,1.0,0.0,0.0,0.0,0.0,0.0,0.364,0.0,0.0,3.1,0.4,4.0,0.0,11.0,0.0,0.364,0.0,4.0,3.1,,,,,,,,,,,,,,,,0.125,1.0,1.0,0.25,3.0,1.167,2.0,1.0,2.0,1.0,3.0,1.0,0.375,0.6,1.0,1.0,0.8,5.0,1.0,0.125,0.625,3.0,2.0,4.0,0.5,0.5,,,,,,,,,,,,,,0.667,5,0.5,0.833,1.0,2,2.0,3,0.667,1.0,0.938,0.0,0.0,2,2,0,6,0.0,4.0,1.0,2.0,1.0,1.0,0.0,0.0,0.0,1.0,0.0,2.0,1.0,1.0,1.0,0.0,2.0,1.0,0.5,0.0,0.0,0.0,1.0,1.0,F-G,8.0,7.0,0.231,0.644,0.333,0.875,,2.0,,1.0,1.0,3.0,1.0,0.0,,,0.0,0.0,1.0,2.0,2.0,1.0,2.0,0.0,,CLE,1.0,0.0,0.0,0.0,0.333,0.0,0.0,,3.0,3,2.0,2,0.667,1.0,0.091,5.0,0.464,9.0,0.556,1.0,0.375,-0.042,0.333,0.333,3.0,4.0,0.525,0.667,6.0,0.667,0.142,1.0,0.333,0.656,0.344,3.0,3.0,0.556,0.8,4.0,0.228,5.0,0.572,1.0,0.0,0.0,0.0,4.0,3.1,1.0,0.0,4.0,0.364,11.0,0.0,11.0,0.0,0.0,0.0,0.4,0.0,0.0,0.0,0.4,0.0,CLE,4.0,0.364,4.0,3.1,0.0,0.0,0.0,1.0,CLE,1.0,0.0,1.0,1.0,0.0,1.0,0.0,1.0,0.0,1.0,0.0,0.0,0.0,0.0,0.0,1.0,0.0,0.0,2.0,CLE,1.0,0.0,2.0,0.0,1.0,1.0,0.0,0.0,0.0,0.0,36.0,2.0,0.0,1.0,0.0,2.0,0.0,3.6,10864.0,2.06,1.03,1.02,4.07,28.4,4.21,2025,20250426,True,42400103,,,MIA,CLE,1610612748,CLE_MIA_2025
1641854,Craig Porter Jr.,Craig,1610612739,CLE,25.0,1,1,0,1.0,5.266666666666667,0,0,0.0,0,0,0.0,0,0,0.0,0,0,0,1,1,1,0,0,0,0,0,8,3.5,0,0,3.0,1,1,1,1,71,68,74,68,46,61,46,41,44,41,48,66,71,44,24,15,26,1,1,58,69,14,70,9,1,70,91,71,66,2,2,0.143,87.34,1,0.0,2,4,13,73.5,145.5,71,0.0,68,0.0,104.81,104.81,74,75,0.0,71.9,48,13,4,11,0.077,0.077,50.0,2,0.0,0.04,50.0,69,145.5,66.7,145.5,57,1.0,68,78.8,29,0.0,50.0,2,4,99.71,1,35,0.0,22,66.7,73,75,78.8,1,3,8,0.0,0.125,2,8,0,0.125,0.5,0.0,2,0,0.0,0,1.0,0,0.0,2,1,0,0.0,0,0,0,0.0,0.5,0,0,3.66,6,0.0,0.0,0,0.0,3.56,0.0,9,0,,,,,,,,,,,,,,,,,,,,,,,,,,,,,,,,,,,,,,,,,,,,,,,,,,,,,,,,,,,,,,,,,,,,,,,,,,,,,,,,0,,,,0,,0,0.0,0.0,0.0,0.0,0.0,0,0,0,0,0.0,0.0,,0.0,0.0,0.0,,,0.0,0.0,0.0,0.0,0.0,,0.0,0.0,0.0,0.0,0.0,0.0,0.0,,0.0,,G,1.0,0.0,-0.585,0.585,0.25,0.0,,0.0,,0.0,0.0,0.0,0.0,0.0,,,0.0,0.0,0.0,0.0,0.0,0.0,0.0,,,CLE,0.0,0.0,0.0,0.0,0.0,,,,,0,,0,,,-0.107,1.0,0.44,3.0,0.333,1.0,0.348,0.152,0.667,0.5,2.0,0.0,0.527,0.333,1.0,0.0,-0.527,0.0,0.333,0.585,-0.585,0.0,1.0,0.333,0.0,0.0,-0.558,1.0,0.558,,,,,,,,,,,,,,,,,,,,,,,,,,,,,0.0,0.0,1.0,CLE,0.0,0.0,0.0,1.0,0.0,0.0,0.0,0.0,0.0,0.0,0.0,0.0,0.0,0.0,0.0,0.0,1.0,0.0,0.0,CLE,0.0,0.0,0.0,0.0,0.0,0.0,0.0,0.0,0.0,0.0,9.0,0.0,0.0,0.0,0.0,0.0,0.0,5.11,2113.0,0.4,0.17,0.23,4.23,5.27,3.61,2025,20250426,True,42400103,,,MIA,CLE,1610612748,CLE_MIA_2025
1629660,Ty Jerome,Ty,1610612739,CLE,27.0,1,1,0,1.0,21.75,5,11,0.455,1,3,0.333,2,2,1.0,1,2,3,11,0,2,0,1,0,3,13,33,39.1,1,0,32.0,1,1,1,1,43,22,23,32,26,38,27,20,24,1,21,42,44,1,52,3,26,49,1,18,25,2,9,1,1,19,91,13,38,1,1,0.55,77.24,8,0.083,3,1,56,86.2,168.3,31,11.0,33,5.0,92.69,92.69,23,1,0.095,82.7,16,56,1,41,0.255,0.265,0.0,8,0.091,0.237,0.0,33,169.0,83.7,168.3,8,0.0,22,84.6,67,0.5,47.8,1,1,91.14,8,1,0.547,43,83.7,13,1,84.6,12,10,39,0.0,0.289,28,38,1,0.316,0.182,0.0,3,6,0.545,3,0.273,0,0.0,11,2,0,0.429,0,7,0,0.0,4.7,13,0,5.33,23,0.245,0.0,0,0.0,5.04,0.0,53,1,0.0,39.0,0.667,3.0,0.5,0.0,0.0,0.0,0.0,0.0,0.5,0.667,1.0,0.0,19.8,0.6,2.0,0.0,5.0,2.0,0.6,0.0,3.0,10.2,CLE,1.0,,0.182,2.0,0.0,2.0,0.5,0.5,0.0,0.0,1.0,0.182,1.0,0.5,0.0,0.0,0.0,0.545,6.0,0.5,6.0,0.5,3.0,0.5,3.0,,0.545,0.5,,0.0,0.75,2.0,0.0,0.0,0.182,1.0,1.0,2.0,0.5,0.182,0.0,1.0,0.0,1.0,0.0,0.0,0.0,0.0,,0.0,0.091,0.0,0.091,0.333,3,0.5,0.5,1.0,1,2.0,3,0.0,0.0,0.5,0.0,0.0,0,0,0,0,0.0,2.0,0.0,1.0,0.0,0.667,0.0,0.0,1.0,1.0,0.0,6.0,0.0,1.0,0.0,0.0,4.0,1.0,0.5,0.0,0.0,0.0,0.0,0.0,G-F,7.0,5.0,0.104,0.611,0.304,0.714,,6.0,,1.0,0.0,2.0,0.667,0.0,,,0.0,1.0,0.0,4.0,0.0,0.0,1.0,0.0,,CLE,0.0,1.0,0.0,0.0,0.5,0.0,0.0,,1.0,1,0.0,0,0.0,0.0,-0.046,3.0,0.475,7.0,0.429,0.0,0.391,-0.391,0.143,0.0,1.0,3.0,0.528,0.857,6.0,0.5,-0.028,0.667,0.429,0.617,0.05,2.0,3.0,0.571,0.5,2.0,-0.071,4.0,0.571,0.0,0.5,0.0,0.0,3.0,10.2,0.0,0.0,2.0,0.6,3.0,0.0,5.0,1.0,39.0,1.0,0.6,0.0,0.0,0.0,0.667,2.0,CLE,2.0,0.667,3.0,19.8,0.5,0.0,0.0,1.0,CLE,0.0,0.0,0.0,1.0,0.0,0.0,1.0,0.0,0.0,0.0,0.0,3.0,0.0,0.0,0.0,1.0,0.0,0.0,0.0,CLE,0.0,0.0,0.0,0.0,0.0,0.0,0.0,0.0,0.0,0.0,53.0,0.0,0.0,0.0,0.0,0.0,0.0,3.24,8208.0,1.55,0.68,0.87,4.02,21.75,4.96,2025,20250426,True,42400103,,,MIA,CLE,1610612748,CLE_MIA_2025
202684,Tristan Thompson,Tristan,1610612739,CLE,34.0,1,1,0,1.0,5.266666666666667,0,0,0.0,0,0,0.0,0,0,0.0,0,2,2,0,0,0,0,0,0,0,0,8,2.4,0,0,2.0,1,1,1,1,71,68,74,68,46,61,46,41,44,41,48,42,51,65,52,42,26,1,1,58,69,14,72,9,1,72,91,77,2,2,2,0.0,87.34,1,0.0,65,4,13,73.5,145.5,1,0.0,68,0.0,104.81,104.81,74,1,0.5,71.9,48,13,4,11,0.0,0.0,0.0,2,0.25,0.08,0.0,69,145.5,66.7,145.5,42,0.0,68,78.8,29,0.0,0.0,2,4,99.71,1,65,0.0,43,66.7,77,1,78.8,0,1,12,0.0,0.0,0,15,0,0.0,0.0,0.0,0,0,0.0,0,0.0,0,0.0,0,0,0,0.0,0,0,0,0.0,0.7,0,1,2.56,9,0.0,0.0,0,0.0,1.0,0.0,16,1,1.0,0.0,0.667,4.0,0.0,1.0,2.0,0.0,0.0,1.0,0.0,0.5,0.0,2.0,6.6,0.667,0.0,1.0,4.0,0.0,0.5,0.0,0.0,6.6,,,,,,,,,,,,,,,,,,,,,,,,,,,,,,,,,,,,,,,,,,,,,,,,,,,,,,,,0,,,,0,,0,0.0,0.0,0.0,0.0,0.0,0,0,0,0,0.0,0.0,,0.0,0.0,0.0,,,0.0,0.0,0.0,0.0,0.0,,0.0,0.0,0.0,0.0,0.0,0.0,0.0,,0.0,,,,,,,,,,0.0,,0.0,0.0,0.0,0.0,0.0,,,0.0,0.0,0.0,0.0,0.0,0.0,0.0,,,CLE,0.0,0.0,0.0,0.0,0.0,,,,,0,,0,,,,,,,,,,,,,,,,,,,,,,,,,,,,,,,,1.0,0.0,0.0,1.0,2.0,6.6,1.0,0.0,2.0,0.5,4.0,0.0,4.0,0.0,0.0,0.0,0.667,2.0,2.0,1.0,0.667,0.0,CLE,0.0,0.5,0.0,6.6,0.0,0.0,0.0,0.0,CLE,0.0,0.0,0.0,0.0,0.0,0.0,1.0,0.0,0.0,0.0,0.0,3.0,0.0,0.0,0.0,0.0,0.0,0.0,0.0,CLE,0.0,0.0,0.0,0.0,0.0,0.0,0.0,0.0,0.0,0.0,16.0,0.0,0.0,0.0,0.0,0.0,0.0,2.55,1786.0,0.34,0.14,0.2,3.18,5.27,3.62,2025,20250426,True,42400103,,,MIA,CLE,1610612748,CLE_MIA_2025
1630241,Sam Merrill,Sam,1610612739,CLE,28.0,1,1,0,1.0,19.166666666666668,0,3,0.0,0,3,0.0,0,0,0.0,1,1,2,1,1,0,0,0,1,0,0,3,2.9,0,0,3.0,1,1,1,1,48,68,61,68,46,38,46,41,44,41,21,52,51,44,24,42,26,1,19,58,69,29,71,9,1,70,91,69,60,36,32,0.067,81.39,20,0.042,26,52,37,96.9,100.0,58,3.0,68,0.0,97.67,97.67,61,65,0.048,4.0,35,37,52,40,0.083,0.086,20.0,18,0.044,-0.034,20.0,69,100.9,97.4,100.0,72,1.0,68,2.6,39,0.0,20.0,36,51,97.47,20,57,0.0,22,97.4,70,65,2.6,1,2,15,0.0,0.053,2,19,0,0.053,0.0,0.0,2,0,0.0,0,1.0,0,0.0,2,0,0,0.0,0,0,0,0.0,0.7,0,0,1.83,10,0.0,0.0,0,0.0,1.39,0.0,23,1,0.0,4.2,1.0,1.0,1.0,0.0,0.0,0.0,0.0,0.0,1.0,1.0,1.0,0.0,7.1,1.0,1.0,0.0,2.0,1.0,1.0,0.0,2.0,10.1,,,,,,,,,,,,,,,,,,,,,,,,,,,,,0.0,,0.0,0.0,1.0,0.0,0.0,0.333,0.0,0.0,1.0,0.0,0.333,0.0,2.0,0.0,2.0,0.0,0.0,0.0,0.0,,0.0,0.667,0.0,0.667,,0,,,0.0,0,0.0,0,0.0,0.0,0.0,0.0,0.0,0,0,0,0,0.0,1.0,0.0,0.0,0.0,0.0,0.0,0.0,0.0,0.0,0.0,0.0,0.0,0.0,0.0,0.0,0.0,2.0,0.0,0.0,2.0,0.0,0.0,0.0,G,4.0,2.0,-0.106,0.606,0.148,0.5,,0.0,,0.0,0.0,1.0,0.0,0.0,,,0.0,0.0,0.0,0.0,0.0,0.0,2.0,0.0,,CLE,0.0,0.0,0.0,0.0,0.0,0.0,0.0,,3.0,3,0.0,0,0.0,0.0,0.035,4.0,0.465,8.0,0.5,3.0,0.375,0.625,0.375,1.0,3.0,1.0,0.546,0.625,5.0,0.2,-0.346,0.0,0.125,0.573,-0.573,0.0,1.0,0.375,0.333,1.0,-0.244,3.0,0.578,0.0,1.0,0.0,0.0,2.0,10.1,0.0,0.0,1.0,1.0,1.0,0.0,2.0,1.0,4.2,1.0,1.0,0.0,0.0,0.0,1.0,1.0,CLE,1.0,1.0,2.0,7.1,1.0,0.0,0.0,3.0,CLE,0.0,0.0,0.0,0.0,0.0,0.0,1.0,0.0,0.0,0.0,0.0,3.0,0.0,0.0,0.0,3.0,0.0,0.0,0.0,CLE,0.0,0.0,0.0,0.0,0.0,0.0,0.0,0.0,0.0,0.0,23.0,0.0,0.0,0.0,0.0,0.0,0.0,4.42,8180.0,1.55,0.71,0.84,4.46,19.17,4.49,2025,20250426,True,42400103,,,MIA,CLE,1610612748,CLE_MIA_2025
1629622,Max Strus,Max,1610612739,CLE,29.0,1,1,0,1.0,31.38,7,13,0.538,4,9,0.444,0,0,0.0,3,6,9,5,0,0,0,0,4,1,18,18,36.3,0,0,36.0,1,1,1,1,29,13,16,24,4,3,22,41,44,41,8,12,8,8,52,42,26,1,64,36,15,6,12,9,1,9,91,38,14,11,11,0.238,74.57,17,0.097,17,10,73,97.0,129.3,10,13.0,19,7.0,89.48,89.48,16,1,0.207,30.2,14,73,10,58,0.183,0.189,0.0,19,0.15,0.174,0.0,21,127.2,96.6,129.3,15,0.0,13,32.7,74,0.692,27.8,11,10,90.03,17,15,0.692,43,96.6,37,1,32.7,7,10,45,1.0,0.098,14,51,1,0.137,0.333,0.0,5,2,0.333,1,0.833,0,0.0,6,2,0,1.0,0,1,0,0.0,2.5,18,3,2.34,37,0.277,0.0,0,0.8,1.72,0.0,65,5,0.0,6.5,0.75,8.0,0.5,1.0,1.0,1.0,1.0,0.167,0.6,0.75,2.0,2.0,5.0,0.692,5.0,0.222,14.0,6.0,0.643,0.333,7.0,4.2,CLE,1.0,,0.077,1.0,0.0,1.0,0.0,0.0,0.0,0.0,0.0,0.077,0.0,0.0,0.077,1.0,1.0,0.077,2.0,1.25,1.0,1.0,1.0,1.0,2.0,1.0,0.154,0.667,1.0,1.0,0.917,6.0,1.0,0.077,0.462,4.0,3.0,5.0,0.6,0.385,0.25,4.0,1.0,3.0,0.0,0.0,0.077,1.0,1.0,0.25,0.308,1.0,0.231,0.0,0,0.0,0.0,0.0,0,1.0,1,0.5,0.667,0.692,0.0,0.0,0,4,0,12,0.0,5.0,0.333,3.0,0.25,0.75,0.0,0.0,0.0,0.0,0.0,4.0,0.0,3.0,0.0,0.0,3.0,4.0,0.6,0.0,1.0,0.0,1.0,1.0,G-F,9.0,7.0,0.131,0.647,0.3,0.778,,4.0,,3.0,0.0,5.0,0.75,0.0,,,0.0,0.0,0.0,3.0,1.0,0.0,4.0,0.0,,CLE,0.25,0.0,0.0,0.0,0.6,0.0,0.0,,7.0,7,3.0,3,0.429,0.643,-0.171,3.0,0.471,10.0,0.3,0.0,0.381,-0.381,0.3,0.0,3.0,3.0,0.538,0.7,7.0,0.429,-0.109,0.6,0.5,0.639,-0.039,3.0,5.0,0.5,0.6,3.0,0.019,5.0,0.581,0.0,0.5,1.0,0.222,9.0,4.2,1.0,0.333,6.0,0.643,8.0,1.0,14.0,2.0,6.5,3.0,0.692,2.0,1.0,0.167,0.75,6.0,CLE,5.0,0.75,7.0,5.0,0.6,0.0,1.0,4.0,CLE,1.0,0.0,1.0,1.0,0.0,1.0,0.0,1.0,0.0,1.0,0.0,0.0,0.0,1.0,0.0,3.0,1.0,0.0,0.0,CLE,0.0,0.0,0.0,0.0,0.0,0.0,0.0,0.0,0.0,0.0,65.0,0.0,0.0,0.0,0.0,0.0,0.0,4.32,13749.0,2.6,1.23,1.38,4.68,31.38,5.04,2025,20250426,True,42400103,,,MIA,CLE,1610612748,CLE_MIA_2025
1642281,Jaylon Tyson,Jaylon,1610612739,CLE,22.0,1,1,0,1.0,5.266666666666667,3,4,0.75,1,1,1.0,0,0,0.0,1,1,2,2,0,1,0,0,0,0,7,8,15.4,0,0,14.0,1,1,1,1,71,36,56,8,26,55,1,41,44,41,21,52,51,30,52,15,26,1,1,58,46,14,49,9,1,49,91,6,8,2,2,0.5,87.34,1,0.25,9,4,13,73.5,145.5,1,4.0,11,3.0,104.81,104.81,56,1,0.25,71.9,1,13,4,11,0.308,0.308,0.0,2,0.25,0.42,0.0,9,145.5,66.7,145.5,2,0.0,36,78.8,29,0.875,33.3,2,4,99.71,1,2,0.875,43,66.7,7,1,78.8,2,1,9,0.0,0.222,4,9,0,0.222,1.0,0.0,2,0,0.0,0,1.0,0,0.0,2,2,0,0.0,0,0,0,0.0,0.6,7,0,2.98,7,0.538,0.0,0,0.667,2.15,0.0,13,3,0.0,0.5,1.0,1.0,0.5,0.0,0.0,0.0,0.0,0.0,0.5,1.0,1.0,0.0,6.5,0.667,1.0,0.0,3.0,2.0,0.667,0.0,2.0,12.4,,,,,,,,,,,,,,,,0.0,0.0,0.0,0.25,1.0,0.0,1.0,0.0,0.0,0.0,0.0,,0.25,1.0,1.0,1.0,1.25,2.0,1.0,0.25,0.5,2.0,1.0,1.0,1.0,0.25,1.0,1.0,1.0,0.0,,0.0,0.25,1.0,1.0,1.0,0.25,1.0,0.0,,0,,,0.0,0,0.0,0,1.0,0.5,0.875,0.0,0.0,0,2,0,3,1.0,0.0,,0.0,1.0,0.667,,,0.0,0.0,1.0,3.0,0.0,,0.0,0.0,2.0,1.0,0.0,0.0,1.0,,1.0,,G-F,1.0,0.0,-0.585,0.585,0.5,0.0,,3.0,,0.0,0.0,0.0,0.667,0.0,,,0.0,0.0,0.0,2.0,1.0,0.0,1.0,,,CLE,1.0,0.0,0.0,0.0,0.0,,,,1.0,1,1.0,1,1.0,1.5,-0.438,0.0,0.438,1.0,0.0,,,,,,,0.0,0.527,1.0,1.0,0.0,-0.527,0.0,1.0,0.585,-0.585,0.0,1.0,1.0,0.0,0.0,-0.558,1.0,0.558,0.0,0.5,0.0,0.0,2.0,12.4,0.0,0.0,1.0,0.667,1.0,0.0,3.0,1.0,0.5,1.0,0.667,0.0,0.0,0.0,1.0,2.0,CLE,1.0,1.0,2.0,6.5,0.5,0.0,0.0,0.0,CLE,0.0,0.0,0.0,1.0,0.0,0.0,0.0,0.0,0.0,0.0,0.0,0.0,0.0,0.0,0.0,0.0,0.0,0.0,0.0,CLE,0.0,0.0,0.0,0.0,0.0,0.0,0.0,0.0,0.0,0.0,13.0,0.0,0.0,0.0,0.0,0.0,0.0,5.11,2237.0,0.42,0.17,0.25,4.23,5.27,5.42,2025,20250426,True,42400103,,,MIA,CLE,1610612748,CLE_MIA_2025
1629750,Javonte Green,Javonte,1610612739,CLE,31.0,1,1,0,1.0,5.266666666666667,1,3,0.333,0,2,0.0,0,0,0.0,1,0,1,1,0,1,0,0,0,0,2,8,7.7,0,0,6.0,1,1,1,1,71,55,61,49,46,48,46,41,44,41,21,66,61,44,52,15,26,1,1,58,63,14,62,9,1,63,91,19,66,2,2,0.167,87.34,1,0.25,18,4,13,73.5,145.5,17,3.0,54,1.0,104.81,104.81,61,1,0.0,71.9,1,13,4,11,0.231,0.231,0.0,2,0.125,0.1,0.0,59,145.5,66.7,145.5,31,0.0,55,78.8,29,0.333,25.0,2,4,99.71,1,27,0.333,43,66.7,21,1,78.8,1,1,5,0.0,0.2,3,5,0,0.2,1.0,0.0,1,0,0.0,0,1.0,0,0.0,1,1,0,0.0,0,0,0,0.0,0.2,2,0,1.39,4,0.222,0.0,0,2.0,0.78,0.0,9,1,0.0,5.5,0.0,1.0,1.0,0.0,0.0,0.0,0.0,0.0,1.0,0.0,1.0,0.0,5.5,0.5,0.0,0.0,2.0,1.0,0.5,0.0,1.0,0.0,,,,,,,,,,,,,,,,,,,,,,,,,,,,,0.5,1.0,1.0,0.5,2.0,1.0,0.333,0.667,1.0,0.0,1.0,0.0,0.333,0.0,1.0,0.0,1.0,0.0,0.0,0.0,0.0,,0.0,0.333,0.0,0.333,,0,,,0.0,0,0.0,0,0.0,1.0,0.333,0.0,0.0,0,2,0,0,0.0,1.0,,0.0,0.0,1.0,,,0.0,0.0,0.0,1.0,0.0,,0.0,0.0,1.0,1.0,0.0,0.0,1.0,,0.0,,,,,,,,,,1.0,,0.0,0.0,1.0,1.0,0.0,,,0.0,0.0,0.0,1.0,0.0,0.0,1.0,,,CLE,0.0,0.0,0.0,0.0,0.0,,,,2.0,2,0.0,0,0.0,0.0,0.062,1.0,0.438,2.0,0.5,1.0,0.34,0.16,1.0,0.5,2.0,,,,,,,,,,,,,,,,,,,0.0,1.0,0.0,0.0,1.0,0.0,0.0,0.0,0.0,0.5,1.0,0.0,2.0,1.0,5.5,1.0,0.5,0.0,0.0,0.0,0.0,1.0,CLE,0.0,0.0,1.0,5.5,1.0,0.0,0.0,0.0,CLE,0.0,0.0,0.0,1.0,0.0,0.0,0.0,0.0,1.0,0.0,0.0,0.0,0.0,0.0,1.0,0.0,0.0,1.0,0.0,CLE,0.0,0.0,0.0,0.0,0.0,0.0,0.0,0.0,0.0,0.0,9.0,0.0,0.0,0.0,0.0,0.0,0.0,5.1,2223.0,0.42,0.18,0.24,4.24,5.27,3.62,2025,20250426,True,42400103,,,MIA,CLE,1610612748,CLE_MIA_2025
1630241,Sam Merrill,Sam,1610612739,CLE,28.0,1,1,0,1.0,18.98333333333333,3,7,0.429,3,7,0.429,0,0,0.0,0,1,1,1,1,1,0,0,1,0,9,31,13.7,0,0,16.0,1,1,1,1,26,19,20,24,5,8,15,24,27,24,25,28,32,22,15,8,13,1,9,34,20,3,29,4,1,22,97,24,34,2,3,0.05,85.34,3,0.0,25,2,6,80.5,157.5,36,7.0,15,3.0,102.41,102.41,20,28,0.045,65.4,25,6,2,40,0.178,0.177,11.1,4,0.026,0.059,11.1,16,145.8,78.0,157.5,26,1.0,19,79.5,6,0.643,11.1,2,4,104.88,3,30,0.643,13,78.0,24,28,79.5,1,3,27,0.0,0.043,3,23,0,0.043,0.0,0.0,0,0,0.0,0,0.0,0,0.0,0,0,0,0.0,0,0,0,0.0,1.0,9,1,1.95,17,0.29,0.0,0,0.0,1.71,0.0,31,0,0.0,0.0,0.5,2.0,0.0,0.0,0.0,0.0,0.0,0.0,0.0,0.5,0.0,0.0,4.7,0.5,1.0,0.0,2.0,0.0,0.5,0.0,1.0,4.7,,,,,,,,,,,,,,,,,,,,,,,,,,,,,0.25,,0.0,0.375,4.0,0.0,0.0,0.571,1.0,1.0,4.0,0.25,0.571,0.667,3.0,0.0,3.0,0.667,2.0,0.0,0.0,,1.0,0.429,2.0,0.429,,0,,,0.0,0,0.0,0,0.429,0.0,0.643,0.0,0.0,0,0,0,9,0.0,2.0,0.5,1.0,0.4,0.0,,,0.0,0.0,0.0,0.0,0.0,4.0,0.0,0.0,0.0,5.0,0.5,0.0,1.0,,2.0,2.0,G,6.0,3.0,-0.116,0.616,0.176,0.5,,0.0,,1.0,0.0,2.0,0.0,0.0,,,0.0,0.0,0.0,0.0,2.0,0.0,5.0,,,CLE,0.4,0.0,0.0,0.0,0.5,,,,7.0,7,3.0,3,0.429,0.643,-0.176,2.0,0.462,7.0,0.286,0.0,0.387,-0.387,0.286,0.0,2.0,2.0,0.526,0.714,5.0,0.4,-0.126,0.5,0.286,0.629,-0.129,1.0,2.0,0.286,0.5,1.0,-0.087,2.0,0.587,0.0,0.0,0.0,0.0,1.0,4.7,0.0,0.0,1.0,0.5,2.0,0.0,2.0,0.0,0.0,0.0,0.5,0.0,0.0,0.0,0.5,0.0,CLE,1.0,0.5,1.0,4.7,0.0,0.0,0.0,3.0,CLE,0.0,0.0,0.0,4.0,0.0,0.0,2.0,0.0,0.0,0.0,0.0,5.0,0.0,0.0,0.0,1.0,2.0,0.0,0.0,CLE,0.0,0.0,0.0,0.0,0.0,0.0,0.0,0.0,0.0,0.0,31.0,0.0,0.0,0.0,0.0,0.0,0.0,4.46,8316.0,1.58,0.73,0.84,4.81,18.98,4.55,2025,20250428,True,42400104,,,MIA,CLE,1610612748,CLE_MIA_2025
1629660,Ty Jerome,Ty,1610612739,CLE,27.0,1,1,0,1.0,20.683333333333334,5,8,0.625,3,5,0.6,5,5,1.0,0,3,3,5,1,0,1,0,1,2,18,28,31.1,0,0,31.0,1,1,1,1,24,13,17,7,5,11,4,3,3,1,25,14,22,3,15,22,3,1,9,10,8,5,10,4,1,10,97,12,17,5,5,0.385,84.13,9,0.0,6,5,8,80.6,145.5,22,8.0,7,5.0,100.95,100.95,17,20,0.115,59.1,25,8,5,44,0.229,0.234,6.2,5,0.071,0.253,6.3,6,139.7,83.7,145.5,2,5.0,13,61.7,5,0.813,31.3,5,8,104.94,9,3,0.882,1,83.7,12,20,61.7,5,8,37,0.0,0.152,14,33,0,0.152,0.0,0.2,2,4,0.8,1,0.4,0,1.0,5,0,2,0.5,1,2,2,0.0,3.7,18,0,5.08,15,0.409,0.0,0,0.0,4.61,0.0,44,0,0.0,0.0,0.6,5.0,0.0,0.0,0.0,0.0,0.0,0.0,0.0,0.6,0.0,0.0,8.7,0.6,3.0,0.0,5.0,0.0,0.6,0.0,3.0,8.7,,,,,,,,,,,,,,,,0.0,0.0,0.0,0.25,2.0,0.5,2.0,0.5,1.0,0.5,1.0,,0.25,0.667,,0.0,1.0,3.0,0.0,0.0,0.375,2.0,2.0,3.0,0.667,0.375,0.667,3.0,1.0,2.0,0.5,1.0,0.125,1.0,1.0,0.833,0.375,2.0,0.25,0.833,13,0.75,1.083,3.0,5,4.0,6,0.0,0.0,0.813,0.0,0.0,0,0,0,0,0.0,5.0,0.0,3.0,0.0,0.0,,,2.0,0.0,0.0,1.0,0.0,0.0,0.0,2.0,0.0,0.0,0.6,1.0,0.0,,0.0,0.0,G-F,12.0,9.0,0.126,0.624,0.324,0.75,1.0,1.0,0.0,1.0,0.0,3.0,0.0,2.0,1.0,0.0,1.0,0.0,0.0,0.0,1.0,0.0,1.0,,0.0,CLE,1.0,2.0,0.0,0.0,0.333,,,1.0,1.0,1,0.0,0,0.0,0.0,-0.033,6.0,0.462,14.0,0.429,2.0,0.379,-0.093,0.5,0.286,7.0,4.0,0.55,0.5,7.0,0.571,0.021,0.8,0.357,0.642,0.158,4.0,5.0,0.429,0.667,4.0,0.08,6.0,0.587,0.0,0.0,0.0,0.0,3.0,8.7,0.0,0.0,3.0,0.6,5.0,0.0,5.0,0.0,0.0,0.0,0.6,0.0,0.0,0.0,0.6,0.0,CLE,3.0,0.6,3.0,8.7,0.0,0.0,0.0,3.0,CLE,0.0,0.0,0.0,0.0,0.0,0.0,0.0,0.0,0.0,0.0,0.0,0.0,0.0,0.0,0.0,1.0,2.0,0.0,0.0,CLE,0.0,0.0,0.0,0.0,0.0,0.0,0.0,0.0,0.0,0.0,44.0,0.0,0.0,0.0,0.0,0.0,0.0,3.44,7649.0,1.45,0.68,0.77,3.73,20.68,4.67,2025,20250428,True,42400104,,,MIA,CLE,1610612748,CLE_MIA_2025
202684,Tristan Thompson,Tristan,1610612739,CLE,34.0,1,1,0,1.0,12.0,2,4,0.5,0,0,0.0,0,1,0.0,2,5,7,1,1,1,1,0,1,1,4,7,18.9,0,0,16.0,1,1,1,1,35,23,29,16,28,36,28,24,23,24,8,9,6,22,15,8,3,1,9,20,29,14,20,4,1,22,97,21,5,10,11,0.111,78.33,6,0.182,18,21,24,83.1,117.4,2,4.0,21,2.0,94.0,94.0,29,33,0.278,32.1,2,24,21,23,0.192,0.206,15.5,8,0.241,0.179,16.7,29,115.2,83.3,117.4,7,1.0,23,34.1,24,0.5,16.7,10,19,95.04,6,22,0.45,13,83.3,19,33,34.1,1,3,15,0.0,0.048,3,21,0,0.048,0.0,0.0,0,0,0.0,0,0.0,0,0.0,3,0,0,0.0,0,2,0,0.0,0.9,4,3,2.13,18,0.154,0.0,0,2.0,1.08,0.0,26,2,0.0,9.1,0.714,7.0,0.667,0.0,1.0,0.0,0.0,0.2,0.667,0.714,2.0,1.0,5.7,0.778,4.0,0.143,9.0,3.0,0.778,0.0,6.0,4.4,CLE,1.0,,0.25,1.0,0.0,1.0,0.0,0.0,0.0,0.0,0.0,0.25,0.0,0.0,0.0,0.0,0.0,0.75,3.0,0.667,3.0,0.667,2.0,0.667,2.0,,0.75,,,,,,,,,,,,,,,,,,,,,,,,,,,,0,,,,0,,0,0.0,1.0,0.5,0.0,0.0,0,4,0,0,0.0,0.0,0.0,0.0,0.0,0.5,0.0,0.0,2.0,0.0,0.0,2.0,0.0,0.0,0.0,1.0,1.0,0.0,0.0,0.5,0.0,0.0,0.0,0.0,C-F,1.0,1.0,0.345,0.655,0.25,1.0,,3.0,0.0,0.0,0.0,0.0,0.667,0.0,,0.0,0.0,1.0,0.0,2.0,0.0,0.0,0.0,0.0,0.0,CLE,0.0,0.0,0.0,0.0,0.0,0.0,0.0,,,0,,0,,,-0.247,1.0,0.497,4.0,0.25,0.0,0.337,-0.337,0.75,0.0,3.0,1.0,0.564,0.25,1.0,1.0,0.436,1.0,0.25,0.655,0.345,1.0,1.0,0.25,1.0,1.0,0.4,1.0,0.6,0.0,0.667,0.0,0.143,7.0,4.4,0.0,0.0,5.0,0.778,7.0,0.0,9.0,2.0,9.1,2.0,0.778,1.0,1.0,0.2,0.714,3.0,CLE,4.0,0.714,6.0,5.7,0.667,0.0,0.0,2.0,CLE,0.0,0.0,0.0,2.0,0.0,0.0,1.0,0.0,0.0,0.0,0.0,2.0,0.0,0.0,0.0,1.0,1.0,0.0,0.0,CLE,0.0,0.0,0.0,0.0,0.0,0.0,0.0,0.0,0.0,0.0,26.0,0.0,0.0,0.0,0.0,0.0,0.0,3.93,4288.0,0.81,0.38,0.43,3.78,12.0,3.66,2025,20250428,True,42400104,,,MIA,CLE,1610612748,CLE_MIA_2025
1630171,Isaac Okoro,Isaac,1610612739,CLE,24.0,1,1,0,1.0,12.966666666666669,2,3,0.667,2,3,0.667,0,0,0.0,0,1,1,0,1,0,0,0,0,0,6,12,6.2,0,0,9.0,1,1,1,1,32,23,36,4,9,23,2,24,27,24,25,28,32,32,15,22,13,1,1,34,23,12,37,4,1,34,97,32,30,9,9,0.0,80.21,11,0.0,32,8,18,86.7,134.6,34,3.0,1,2.0,96.25,96.25,36,38,0.059,50.4,25,18,8,26,0.143,0.145,25.0,11,0.038,0.108,25.0,2,137.1,88.5,134.6,20,0.0,23,46.2,21,1.0,0.0,9,9,96.32,11,32,1.0,22,88.5,33,38,46.2,2,0,10,0.0,0.0,0,8,2,0.25,0.0,0.0,0,0,0.0,0,0.0,1,0.0,1,0,0,0.0,0,0,0,1.0,0.6,6,0,2.78,9,0.462,0.0,0,0.0,2.15,0.0,13,0,0.0,0.0,1.0,1.0,0.0,0.0,0.0,0.0,0.0,0.0,0.0,1.0,0.0,0.0,15.6,0.333,1.0,0.0,3.0,2.0,0.333,0.0,1.0,15.6,,,,,,,,,,,,,,,,,,,,,,,,,,,,,0.0,,0.0,0.0,1.0,0.0,0.0,0.333,0.0,0.0,1.0,0.0,0.333,1.0,2.0,0.0,2.0,1.0,2.0,0.0,0.0,,1.5,0.667,2.0,0.667,,0,,,0.0,0,0.0,0,0.667,0.0,1.0,0.0,0.0,0,0,0,6,1.0,2.0,0.0,1.0,1.0,0.0,0.0,0.0,0.0,0.0,1.0,0.0,0.0,0.0,0.0,0.0,0.0,1.0,0.5,0.0,1.0,0.0,1.0,0.0,F-G,2.0,2.0,0.347,0.653,0.133,1.0,0.0,0.0,0.0,1.0,0.0,1.0,0.0,0.0,0.0,0.0,0.0,0.0,0.0,0.0,1.0,0.0,2.0,0.0,0.0,CLE,0.5,0.0,0.0,0.0,1.0,0.0,0.0,0.0,3.0,3,2.0,2,0.667,1.0,-0.218,1.0,0.468,4.0,0.25,0.0,0.375,-0.375,0.75,0.0,3.0,1.0,0.633,0.25,1.0,1.0,0.367,1.0,0.25,0.703,0.297,1.0,1.0,0.25,1.0,1.0,0.339,1.0,0.661,0.0,0.0,0.0,0.0,1.0,15.6,0.0,0.0,1.0,0.333,1.0,0.0,3.0,0.0,0.0,0.0,0.333,0.0,0.0,0.0,1.0,2.0,CLE,1.0,1.0,1.0,15.6,0.0,0.0,0.0,2.0,CLE,0.0,0.0,0.0,0.0,0.0,0.0,1.0,0.0,0.0,0.0,0.0,3.0,0.0,0.0,0.0,0.0,2.0,0.0,0.0,CLE,0.0,0.0,0.0,0.0,0.0,0.0,0.0,0.0,0.0,0.0,13.0,0.0,0.0,0.0,0.0,0.0,0.0,4.29,5205.0,0.99,0.48,0.51,4.38,12.97,4.47,2025,20250428,True,42400104,,,MIA,CLE,1610612748,CLE_MIA_2025
1630596,Evan Mobley,Evan,1610612739,CLE,23.0,1,1,0,1.0,22.966666666666665,6,9,0.667,2,4,0.5,3,4,0.75,1,6,7,1,0,1,2,0,0,3,17,23,35.9,0,0,33.0,1,1,1,1,19,8,15,4,9,16,6,8,6,11,11,5,6,22,29,8,2,1,1,6,9,7,6,4,1,7,97,17,10,7,8,0.053,79.25,15,0.05,27,4,23,99.3,153.3,7,9.0,8,6.0,95.09,95.09,15,1,0.222,50.8,16,23,4,45,0.212,0.215,0.0,14,0.149,0.198,0.0,8,150.1,100.0,153.3,4,0.0,8,53.3,20,0.778,8.3,7,3,96.43,15,29,0.79,22,100.0,18,1,53.3,3,2,21,0.0,0.036,2,28,2,0.107,0.0,0.0,2,4,0.8,2,0.4,0,0.0,5,0,0,0.667,0,3,0,0.0,1.9,17,2,2.76,18,0.405,0.5,0,1.0,1.74,0.0,42,2,1.0,16.2,0.667,10.0,0.5,1.0,2.0,0.0,0.0,0.333,0.5,0.6,1.0,2.0,6.7,0.636,4.0,0.286,12.0,2.0,0.583,0.0,5.0,5.1,CLE,1.0,,0.111,1.0,0.0,1.0,0.0,0.0,0.0,0.0,0.0,0.111,0.0,0.0,0.111,1.0,1.0,0.333,4.0,1.125,3.0,1.0,3.0,1.0,4.0,1.0,0.444,0.667,1.0,1.0,0.833,3.0,1.0,0.111,0.333,2.0,1.0,2.0,0.5,0.222,0.0,1.0,0.0,1.0,0.0,0.0,0.0,0.0,,0.0,0.111,0.0,0.111,1.0,6,1.0,1.5,2.0,2,2.0,2,0.0,1.0,0.778,0.0,0.0,0,2,1,0,0.0,3.0,0.0,2.0,0.0,0.8,,,0.0,0.0,0.0,5.0,0.0,0.0,0.0,0.0,4.0,1.0,0.667,0.0,1.0,,0.0,0.0,C,14.0,11.0,0.155,0.631,0.255,0.786,0.0,5.0,0.0,2.0,0.0,2.0,0.8,0.0,0.0,0.0,0.0,0.0,0.0,4.0,0.0,0.0,2.0,,0.0,CLE,0.0,0.0,0.0,0.0,1.0,,,0.0,2.0,2,0.0,0,0.0,0.0,0.033,4.0,0.467,8.0,0.5,3.0,0.363,0.387,0.5,0.75,4.0,1.0,0.529,0.5,4.0,0.25,-0.279,0.0,0.125,0.671,-0.671,0.0,1.0,0.125,0.0,0.0,-0.596,1.0,0.596,1.0,0.5,0.0,0.286,7.0,5.1,1.0,0.0,6.0,0.583,10.0,0.0,12.0,1.0,16.2,1.0,0.636,2.0,2.0,0.333,0.667,2.0,CLE,4.0,0.6,5.0,6.7,0.5,0.0,0.0,5.0,CLE,0.0,1.0,0.0,1.0,0.0,0.0,0.0,0.0,0.0,0.0,0.0,0.0,1.0,0.0,0.0,4.0,1.0,1.0,0.0,CLE,0.0,0.0,0.0,0.0,0.0,0.0,0.0,0.0,0.0,0.0,42.0,0.0,0.0,0.0,0.0,0.0,0.0,3.76,9293.0,1.76,0.83,0.93,4.43,22.97,4.65,2025,20250428,True,42400104,,,MIA,CLE,1610612748,CLE_MIA_2025
1628378,Donovan Mitchell,Donovan,1610612739,CLE,28.0,1,1,0,1.0,24.6,8,15,0.533,4,8,0.5,2,2,1.0,0,0,0,5,2,1,0,0,1,2,22,31,30.5,0,0,33.0,1,1,1,1,17,3,3,14,3,6,6,13,17,1,25,39,40,3,7,8,13,1,9,10,6,3,11,4,1,7,97,3,39,4,4,0.263,81.3,12,0.0,12,3,14,91.4,154.0,40,15.0,12,8.0,97.56,97.56,3,24,0.0,60.4,25,14,3,50,0.31,0.321,8.7,12,0.0,0.149,8.7,13,151.8,92.0,154.0,14,2.5,3,62.0,15,0.667,21.7,4,2,98.58,12,6,0.693,6,92.0,3,24,62.0,6,9,46,0.0,0.185,12,27,1,0.222,0.3,0.1,4,6,0.6,2,0.4,0,1.0,10,3,2,0.667,1,3,2,0.0,3.6,22,0,4.38,25,0.449,0.0,0,0.0,4.02,0.0,49,0,,,,,,,,,,,,,,,,,,,,,,,,,,,,,,,,,,,,,,,,0.067,1.0,0.0,0.267,5.0,0.6,4.0,0.75,3.0,0.6,3.0,0.0,0.333,0.667,0.333,1.0,0.917,6.0,3.0,0.2,0.4,4.0,3.0,3.0,1.0,0.2,0.25,4.0,0.0,4.0,0.25,1.0,0.0,0.0,,0.375,0.267,1.0,0.267,0.429,8,0.4,0.571,2.0,3,5.0,7,0.6,0.0,0.667,0.0,0.0,0,0,0,8,0.0,8.0,0.0,4.0,0.0,0.667,,,2.0,2.0,0.0,3.0,0.5,0.0,1.0,1.0,2.0,0.0,0.5,0.5,0.0,,0.0,0.0,G,7.0,6.0,0.22,0.637,0.206,0.857,0.0,3.0,0.0,4.0,0.0,7.0,0.667,0.0,0.0,0.0,0.0,1.0,0.0,2.0,1.0,0.0,3.0,,0.0,CLE,0.333,1.0,1.0,1.0,0.571,,,0.0,3.0,5,2.0,3,0.667,0.8,0.039,2.0,0.461,4.0,0.5,1.0,0.386,-0.053,0.75,0.333,3.0,1.0,0.539,0.25,1.0,1.0,0.461,1.0,0.25,0.598,0.402,1.0,1.0,0.25,1.0,1.0,0.431,1.0,0.569,,,,,,,,,,,,,,,,,,,,,,,,,,,,,0.0,0.0,0.0,CLE,0.0,1.0,0.0,0.0,0.0,0.0,0.0,0.0,0.0,0.0,0.0,0.0,1.0,0.0,0.0,0.0,0.0,1.0,0.0,CLE,0.0,0.0,0.0,0.0,0.0,0.0,0.0,0.0,0.0,0.0,49.0,0.0,0.0,0.0,0.0,0.0,0.0,3.49,9407.0,1.78,0.82,0.96,4.13,24.6,4.84,2025,20250428,True,42400104,,,MIA,CLE,1610612748,CLE_MIA_2025
1629731,Dean Wade,Dean,1610612739,CLE,28.0,1,1,0,1.0,17.85,2,3,0.667,1,2,0.5,0,0,0.0,1,6,7,0,0,0,0,0,1,0,5,23,13.4,0,0,13.0,1,1,1,1,27,23,36,4,16,27,6,24,27,24,11,5,6,32,29,22,13,1,9,34,27,7,30,4,1,28,97,43,6,6,6,0.0,85.15,2,0.056,32,13,7,69.9,128.2,6,3.0,6,2.0,102.18,102.18,36,1,0.261,56.8,14,7,13,39,0.068,0.071,0.0,1,0.171,0.157,0.0,7,126.6,73.0,128.2,13,0.0,23,55.2,4,0.833,0.0,6,11,105.04,2,32,0.833,22,73.0,43,1,55.2,1,3,11,1.0,0.0,2,19,0,0.053,0.0,0.0,0,0,0.0,0,0.0,0,0.0,0,0,0,0.0,0,0,0,0.0,0.6,5,0,1.52,12,0.217,0.0,0,1.0,0.48,0.0,23,2,0.0,5.1,1.0,6.0,0.5,0.0,0.0,0.0,0.0,0.0,0.5,1.0,1.0,0.0,7.1,0.875,6.0,0.0,8.0,2.0,0.875,0.0,7.0,7.5,,,,,,,,,,,,,,,,0.0,0.0,0.0,0.333,1.0,1.0,1.0,1.0,1.0,1.0,1.0,,0.333,0.0,,0.0,0.0,1.0,0.0,0.0,0.333,0.0,0.0,1.0,0.0,0.333,1.0,1.0,0.0,1.0,1.0,1.0,0.0,0.0,,1.5,0.333,1.0,0.333,,0,,,0.0,0,0.0,0,0.5,1.0,0.833,0.0,0.0,0,2,0,3,0.0,1.0,0.0,1.0,0.0,1.0,,,0.0,0.0,0.0,1.0,0.0,1.0,0.0,0.0,1.0,1.0,1.0,0.0,0.0,,0.0,0.0,F-C,5.0,4.0,0.174,0.626,0.238,0.8,0.0,1.0,0.0,0.0,0.0,0.0,1.0,0.0,0.0,0.0,0.0,0.0,0.0,1.0,1.0,0.0,2.0,,0.0,CLE,0.5,0.0,0.0,0.0,0.0,,,0.0,2.0,2,1.0,1,0.5,0.75,-0.06,4.0,0.46,10.0,0.4,0.0,0.358,-0.358,0.4,0.0,4.0,4.0,0.524,0.6,6.0,0.667,0.142,1.0,0.2,0.587,0.413,2.0,2.0,0.5,0.6,3.0,0.035,5.0,0.565,0.0,0.5,0.0,0.0,7.0,7.5,0.0,0.0,6.0,0.875,6.0,0.0,8.0,1.0,5.1,1.0,0.875,0.0,0.0,0.0,1.0,2.0,CLE,6.0,1.0,7.0,7.1,0.5,0.0,0.0,4.0,CLE,0.0,1.0,0.0,1.0,0.0,0.0,2.0,0.0,0.0,0.0,0.0,6.0,1.0,0.0,0.0,1.0,3.0,1.0,0.0,CLE,0.0,0.0,0.0,0.0,0.0,0.0,0.0,0.0,0.0,0.0,23.0,0.0,0.0,0.0,0.0,0.0,0.0,4.5,8042.0,1.52,0.75,0.77,4.63,17.85,5.46,2025,20250428,True,42400104,,,MIA,CLE,1610612748,CLE_MIA_2025
1629622,Max Strus,Max,1610612739,CLE,29.0,1,1,0,1.0,20.816666666666663,1,6,0.167,1,4,0.25,0,0,0.0,0,5,5,4,2,1,0,2,0,1,3,34,16.0,0,0,15.0,1,1,1,1,23,31,23,35,16,16,21,24,27,24,25,9,12,8,7,8,13,44,1,20,33,2,23,4,1,24,97,30,11,3,2,0.174,87.43,1,0.0,3,7,4,73.1,143.5,13,6.0,33,1.0,104.92,104.92,23,34,0.208,67.1,25,4,7,46,0.154,0.16,16.7,2,0.116,0.059,16.7,35,140.2,71.1,143.5,26,2.0,31,72.4,7,0.25,33.3,3,6,104.73,1,15,0.25,8,71.1,29,33,72.4,5,4,27,1.0,0.125,11,32,0,0.156,0.0,0.0,0,0,0.0,0,0.0,0,0.0,1,0,0,0.0,0,1,0,0.0,1.3,3,1,2.01,23,0.075,0.0,0,0.0,1.25,0.0,40,1,0.0,0.0,0.833,6.0,0.0,0.0,1.0,0.0,0.0,0.2,0.0,0.833,0.0,1.0,6.9,0.833,4.0,0.2,6.0,0.0,0.833,0.0,4.0,6.9,,,,,,,,,,,,,,,,0.167,1.0,0.0,0.333,3.0,0.0,2.0,0.0,0.0,0.0,0.0,0.0,0.5,0.5,,0.0,0.75,2.0,0.0,0.0,0.333,1.0,1.0,2.0,0.5,0.333,0.0,1.0,0.0,1.0,0.0,0.0,0.0,0.0,,0.0,0.167,0.0,0.167,,0,,,0.0,0,0.0,0,0.25,0.0,0.25,0.0,0.0,0,0,0,3,0.0,2.0,0.0,1.0,0.0,0.0,,,0.0,0.0,0.0,2.0,0.0,2.0,0.0,0.0,0.0,2.0,0.5,0.0,0.0,,0.0,0.0,G-F,9.0,7.0,0.132,0.645,0.257,0.778,,2.0,,0.0,0.0,1.0,0.0,0.0,,,0.0,0.0,0.0,0.0,1.0,0.0,3.0,,,CLE,0.333,0.0,0.0,0.0,0.0,,,,4.0,4,1.0,1,0.25,0.375,-0.262,1.0,0.462,5.0,0.2,1.0,0.371,-0.171,1.0,0.2,5.0,,,,,,,,,,,,,,,,,,,0.0,0.0,0.0,0.2,5.0,6.9,0.0,0.0,5.0,0.833,6.0,0.0,6.0,0.0,0.0,0.0,0.833,1.0,1.0,0.2,0.833,0.0,CLE,4.0,0.833,4.0,6.9,0.0,0.0,0.0,2.0,CLE,1.0,0.0,1.0,1.0,0.0,1.0,2.0,1.0,0.0,1.0,0.0,5.0,0.0,0.0,0.0,0.0,2.0,0.0,0.0,CLE,0.0,0.0,0.0,0.0,0.0,0.0,0.0,0.0,0.0,0.0,40.0,0.0,0.0,0.0,0.0,0.0,0.0,4.65,9739.0,1.84,0.82,1.03,4.91,20.82,5.13,2025,20250428,True,42400104,,,MIA,CLE,1610612748,CLE_MIA_2025
1629643,Chuma Okeke,Chuma,1610612739,CLE,26.0,1,1,0,1.0,6.75,0,3,0.0,0,3,0.0,0,0,0.0,0,0,0,0,0,1,0,0,0,0,0,1,3.0,0,0,2.0,1,1,1,1,41,39,36,39,28,23,28,24,27,24,25,39,40,32,29,8,13,1,1,34,40,23,39,4,1,40,97,10,39,17,18,0.0,74.07,17,0.0,32,16,37,109.7,125.0,40,3.0,39,0.0,88.89,88.89,36,1,0.0,10.9,25,37,16,12,0.231,0.223,0.0,19,0.0,-0.075,0.0,40,120.6,107.7,125.0,41,0.0,39,17.3,42,0.0,0.0,17,13,89.6,17,32,0.0,22,107.7,15,1,17.3,0,0,3,0.0,0.0,0,3,0,0.0,0.0,0.0,0,0,0.0,0,0.0,0,0.0,0,0,0,0.0,0,0,0,0.0,0.2,0,0,1.98,3,0.0,0.0,0,0.0,1.0,0.0,6,0,,,,,,,,,,,,,,,,,,,,,,,,,,,,,,,,,,,,,,,,0.333,1.0,0.0,0.0,1.0,0.0,0.0,,0.0,0.0,0.0,0.0,0.333,0.0,,0.0,0.0,1.0,0.0,0.0,0.333,0.0,0.0,1.0,0.0,0.333,0.0,1.0,0.0,1.0,0.0,0.0,0.0,0.0,,0.0,0.333,0.0,0.333,0.0,0,0.0,0.0,0.0,0,1.0,1,0.0,0.0,0.0,0.0,0.0,0,0,0,0,0.0,3.0,,0.0,0.0,0.0,,,0.0,0.0,0.0,0.0,0.0,,0.0,0.0,0.0,0.0,0.0,0.0,0.0,,0.0,,F,2.0,1.0,-0.208,0.708,0.667,0.5,,0.0,,0.0,0.0,3.0,0.0,0.0,,,0.0,0.0,0.0,0.0,0.0,0.0,0.0,,,CLE,0.0,0.0,0.0,0.0,0.0,,,,2.0,2,0.0,0,0.0,0.0,0.132,2.0,0.535,3.0,0.667,,,,,,,2.0,0.616,1.0,3.0,0.667,0.05,0.5,0.667,0.708,-0.208,1.0,2.0,1.0,0.667,2.0,0.034,3.0,0.633,,,,,,,,,,,,,,,,,,,,,,,,,,,,,0.0,0.0,1.0,CLE,1.0,0.0,1.0,0.0,0.0,1.0,0.0,1.0,0.0,1.0,0.0,0.0,0.0,0.0,0.0,1.0,0.0,0.0,0.0,CLE,0.0,0.0,0.0,0.0,0.0,0.0,0.0,0.0,0.0,0.0,6.0,0.0,0.0,0.0,0.0,0.0,0.0,3.45,2566.0,0.49,0.2,0.28,4.11,6.75,4.69,2025,20250428,True,42400104,,,MIA,CLE,1610612748,CLE_MIA_2025
1641854,Craig Porter Jr.,Craig,1610612739,CLE,25.0,1,1,0,1.0,12.0,2,4,0.5,0,1,0.0,0,0,0.0,1,1,2,4,1,0,1,0,2,0,4,7,14.4,0,0,12.0,1,1,1,1,35,23,29,16,28,32,28,24,27,24,11,28,27,8,15,22,3,1,27,34,29,14,26,4,1,30,97,21,31,10,11,0.444,78.33,6,0.091,2,21,24,83.1,117.4,23,4.0,21,2.0,94.0,94.0,29,28,0.056,32.1,9,24,21,23,0.192,0.189,11.1,8,0.069,0.119,11.1,24,115.2,83.3,117.4,17,4.0,23,34.1,24,0.5,44.4,10,19,95.04,6,1,0.5,2,83.3,23,28,34.1,4,5,18,0.0,0.267,11,15,0,0.267,0.333,0.0,3,4,0.667,2,0.5,0,0.0,6,2,0,0.667,0,3,0,0.0,1.6,4,0,4.75,8,0.2,0.0,0,0.0,4.6,0.0,20,1,2.0,3.7,0.5,4.0,0.5,2.0,1.0,1.0,0.0,1.0,0.5,0.25,0.0,2.0,2.9,0.5,0.0,1.0,6.0,2.0,0.333,1.0,0.0,2.2,,,,,,,,,,,,,,,,0.0,0.0,0.0,0.25,1.0,1.0,1.0,1.0,1.0,1.0,1.0,,0.25,0.333,0.5,1.0,0.333,3.0,2.0,0.5,0.75,1.0,0.0,1.0,0.0,0.25,,,,,,,,,,,,,,0.5,2,,0.5,0.0,1,0.0,2,0.0,0.0,0.5,0.0,0.0,0,0,0,0,0.0,1.0,0.0,0.0,0.0,0.0,0.0,0.0,3.0,0.0,0.0,0.0,0.0,0.0,0.0,2.0,0.0,0.0,0.0,0.667,0.0,0.0,0.0,0.0,G,3.0,0.0,-0.625,0.625,0.375,0.0,,0.0,0.0,0.0,0.0,1.0,0.0,0.0,,0.0,0.0,3.0,0.0,0.0,0.0,0.0,0.0,0.0,0.0,CLE,0.0,0.0,0.667,2.0,0.0,0.0,0.0,,1.0,1,0.0,0,0.0,0.0,-0.484,0.0,0.484,4.0,0.0,0.0,0.411,-0.411,0.25,0.0,1.0,0.0,0.561,0.75,3.0,0.0,-0.561,0.0,0.5,0.639,-0.639,0.0,2.0,0.75,0.0,0.0,-0.587,3.0,0.587,2.0,0.5,1.0,1.0,2.0,2.2,2.0,1.0,1.0,0.333,4.0,0.0,6.0,0.0,3.7,1.0,0.5,2.0,1.0,1.0,0.5,2.0,CLE,0.0,0.25,0.0,2.9,0.5,0.0,0.0,2.0,CLE,0.0,0.0,0.0,1.0,0.0,0.0,0.0,0.0,0.0,0.0,0.0,0.0,0.0,0.0,0.0,2.0,0.0,0.0,0.0,CLE,0.0,0.0,0.0,0.0,0.0,0.0,0.0,0.0,0.0,0.0,20.0,0.0,0.0,0.0,0.0,0.0,0.0,3.93,4674.0,0.89,0.4,0.48,4.26,12.0,4.57,2025,20250428,True,42400104,,,MIA,CLE,1610612748,CLE_MIA_2025
1629631,De'Andre Hunter,De'Andre,1610612739,CLE,27.0,1,1,0,1.0,20.95,6,11,0.545,3,4,0.75,4,5,0.8,0,1,1,1,1,1,0,0,2,4,19,25,23.7,0,0,26.0,1,1,1,1,22,8,12,13,5,16,1,4,3,10,25,28,32,22,15,8,13,1,27,4,7,6,14,4,1,14,97,5,37,8,7,0.091,85.92,5,0.0,29,9,5,78.9,132.6,38,11.0,11,6.0,103.1,103.1,12,21,0.04,54.7,25,5,9,46,0.28,0.292,6.6,3,0.022,0.161,6.7,11,133.5,81.8,132.6,11,1.0,8,50.8,8,0.682,6.7,8,10,104.61,5,23,0.72,13,81.8,4,21,50.8,1,3,25,0.0,0.059,2,17,0,0.059,0.167,0.167,1,6,1.0,2,0.167,1,0.5,6,1,1,0.667,1,3,2,0.167,1.7,19,1,3.08,21,0.576,0.0,0,0.0,2.52,0.0,33,0,1.0,0.0,0.333,4.0,0.0,1.0,0.0,0.0,0.0,0.0,0.0,0.25,0.0,0.0,3.8,0.333,1.0,0.0,4.0,1.0,0.25,0.0,1.0,3.8,,,,,,,,,,,,,,,,0.091,1.0,1.0,0.364,5.0,0.7,4.0,0.5,2.0,0.6,3.0,1.0,0.455,0.4,0.333,1.0,0.5,5.0,3.0,0.273,0.455,2.0,1.0,2.0,0.5,0.182,1.0,1.0,0.0,1.0,1.0,1.0,0.0,0.0,,1.5,0.091,1.0,0.091,0.667,5,1.0,0.833,1.0,2,1.0,3,0.6,0.0,0.682,0.0,0.0,0,0,0,8,0.0,4.0,0.0,3.0,0.0,1.0,,,2.0,4.0,0.0,1.0,0.25,0.0,1.0,1.0,1.0,0.0,0.75,0.5,0.0,,0.0,0.0,F-G,9.0,8.0,0.238,0.651,0.257,0.889,0.0,1.0,0.0,2.0,0.0,2.0,1.0,0.0,0.0,0.0,0.0,2.0,0.0,1.0,2.0,1.0,4.0,,0.0,CLE,0.5,1.0,0.5,1.0,1.0,,,0.0,3.0,5,2.0,3,0.667,0.8,-0.376,1.0,0.467,11.0,0.091,0.0,0.372,-0.372,0.636,0.0,7.0,1.0,0.511,0.364,4.0,0.25,-0.261,1.0,0.091,0.684,0.316,1.0,1.0,0.182,0.5,1.0,-0.062,2.0,0.562,1.0,0.0,0.0,0.0,1.0,3.8,1.0,0.0,1.0,0.25,4.0,0.0,4.0,0.0,0.0,0.0,0.333,0.0,0.0,0.0,0.333,1.0,CLE,1.0,0.25,1.0,3.8,0.0,0.0,0.0,5.0,CLE,0.0,0.0,0.0,1.0,0.0,0.0,0.0,0.0,0.0,0.0,0.0,0.0,0.0,0.0,0.0,2.0,3.0,0.0,0.0,CLE,0.0,0.0,0.0,0.0,0.0,0.0,0.0,0.0,0.0,0.0,33.0,0.0,0.0,0.0,0.0,0.0,0.0,3.88,8634.0,1.64,0.79,0.85,4.22,20.95,5.19,2025,20250428,True,42400104,,,MIA,CLE,1610612748,CLE_MIA_2025
1629750,Javonte Green,Javonte,1610612739,CLE,31.0,1,1,0,1.0,12.133333333333333,3,4,0.75,1,2,0.5,4,4,1.0,0,3,3,0,1,2,0,0,1,2,11,4,19.6,0,0,19.0,1,1,1,1,34,19,29,3,16,27,6,4,6,1,25,14,22,32,15,2,13,1,9,10,18,19,19,4,1,20,97,7,14,16,16,0.0,80.77,10,0.0,32,32,16,82.3,104.2,18,4.0,5,3.0,96.92,96.92,29,32,0.158,21.5,25,16,32,24,0.259,0.25,14.8,7,0.094,0.394,14.3,4,103.8,84.0,104.2,1,0.0,19,20.2,17,0.875,0.0,16,30,98.11,10,32,0.955,22,84.0,8,31,20.2,0,1,8,0.0,0.0,0,9,0,0.0,0.0,1.0,0,4,2.0,0,0.0,0,1.0,2,0,4,0.0,2,0,4,0.0,0.8,11,0,2.85,7,0.647,0.0,0,0.0,1.71,0.0,17,0,0.0,0.0,0.75,4.0,0.0,1.0,0.0,0.0,1.0,0.0,0.0,0.75,0.0,0.0,3.3,0.75,3.0,0.0,5.0,2.0,0.6,0.0,3.0,3.3,,,,,,,,,,,,,,,,0.0,0.0,0.0,0.25,1.0,1.0,1.0,1.0,1.0,1.0,1.0,,0.25,,,,,,,,,,,,,,0.667,3.0,1.0,2.0,0.5,1.0,0.25,1.0,1.0,0.833,0.75,2.0,0.5,,0,,,0.0,0,0.0,0,0.5,0.0,0.875,0.0,0.0,0,0,0,3,0.0,0.0,1.0,0.0,0.5,1.0,0.0,0.0,0.0,0.0,0.0,2.0,0.0,1.0,0.0,0.0,2.0,2.0,0.0,0.0,1.0,0.0,1.0,1.0,,,,,,,,0.0,2.0,0.0,0.0,0.0,0.0,1.0,0.0,0.0,0.0,0.0,0.0,0.0,2.0,1.0,0.0,2.0,0.0,0.0,CLE,0.5,0.0,0.0,0.0,0.0,0.0,0.0,0.0,2.0,2,1.0,1,0.5,0.75,-0.437,0.0,0.437,2.0,0.0,0.0,0.392,-0.392,1.0,0.0,2.0,,,,,,,,,,,,,,,,,,,0.0,0.0,0.0,0.0,3.0,3.3,1.0,0.0,3.0,0.6,4.0,1.0,5.0,0.0,0.0,0.0,0.75,0.0,0.0,0.0,0.75,2.0,CLE,3.0,0.75,3.0,3.3,0.0,0.0,0.0,1.0,CLE,0.0,0.0,0.0,2.0,0.0,0.0,0.0,0.0,1.0,0.0,0.0,0.0,0.0,0.0,1.0,0.0,1.0,1.0,0.0,CLE,0.0,0.0,0.0,0.0,0.0,0.0,0.0,0.0,0.0,0.0,17.0,0.0,0.0,0.0,0.0,0.0,0.0,3.57,4939.0,0.94,0.44,0.5,4.13,12.13,4.73,2025,20250428,True,42400104,,,MIA,CLE,1610612748,CLE_MIA_2025
1628386,Jarrett Allen,Jarrett,1610612739,CLE,27.0,1,1,0,1.0,25.3,5,5,1.0,0,0,0.0,4,4,1.0,3,9,12,2,0,6,0,0,1,2,14,42,49.4,1,0,40.0,1,1,1,1,15,13,26,1,28,36,28,4,6,1,4,1,1,17,29,1,13,1,9,10,13,1,2,1,1,6,97,33,4,1,1,0.083,82.21,4,0.167,11,1,10,81.0,161.5,1,5.0,1,5.0,98.66,98.66,26,1,0.3,72.6,3,10,1,52,0.121,0.117,0.0,6,0.25,0.242,0.0,1,153.5,80.8,161.5,3,0.0,13,80.8,12,1.0,22.2,1,1,101.12,4,26,1.036,22,80.8,37,1,80.8,3,4,11,1.0,0.08,9,25,0,0.12,0.0,0.0,0,2,2.0,1,0.0,0,0.0,1,0,0,1.0,0,1,0,0.0,0.6,14,3,1.21,17,0.438,0.667,0,2.0,0.53,0.0,32,5,0.0,4.6,0.9,10.0,0.6,0.0,5.0,3.0,0.0,0.556,0.6,0.9,0.0,8.0,4.2,0.8,4.0,0.667,15.0,5.0,0.8,1.0,4.0,4.0,CLE,1.0,,0.6,3.0,0.0,3.0,1.0,1.0,0.0,0.0,3.0,0.6,3.0,1.0,0.0,0.0,0.0,0.2,1.0,1.0,1.0,1.0,1.0,1.0,1.0,,0.2,,,,,,,,,,,,,,1.0,1.0,1.0,0.0,,0.0,0.2,1.0,1.0,1.0,0.2,1.0,0.0,,0,,,,0,,0,0.0,1.0,1.0,1.0,0.0,0,10,2,0,0.0,0.0,0.0,0.0,0.0,1.0,,,0.0,0.0,0.0,5.0,0.0,0.0,0.0,0.0,5.0,0.0,0.0,0.0,0.0,,0.0,0.0,C,11.0,8.0,0.084,0.643,0.212,0.727,,5.0,0.0,0.0,0.0,0.0,1.0,0.0,,0.0,0.0,0.0,0.0,5.0,0.0,0.0,0.0,,0.0,CLE,0.0,0.0,0.0,0.0,0.0,,,,,0,,0,,,-0.018,5.0,0.473,11.0,0.455,1.0,0.352,-0.102,0.364,0.25,4.0,4.0,0.504,0.636,7.0,0.571,0.068,1.0,0.273,0.612,0.388,3.0,3.0,0.273,1.0,3.0,0.446,3.0,0.554,0.0,0.6,3.0,0.667,12.0,4.0,0.0,1.0,9.0,0.8,10.0,0.0,15.0,0.0,4.6,3.0,0.8,8.0,5.0,0.556,0.9,5.0,CLE,4.0,0.9,4.0,4.2,0.6,0.0,3.0,5.0,CLE,3.0,0.0,2.0,6.0,0.333,0.667,3.0,1.0,0.0,3.0,1.0,7.0,0.0,1.0,0.0,1.0,4.0,0.0,0.0,CLE,0.0,0.0,0.0,0.0,0.0,0.0,0.0,0.0,0.0,0.0,32.0,0.0,0.0,0.0,0.0,0.0,0.0,4.06,10079.0,1.91,0.91,1.0,4.26,25.3,4.45,2025,20250428,True,42400104,,,MIA,CLE,1610612748,CLE_MIA_2025
1642281,Jaylon Tyson,Jaylon,1610612739,CLE,22.0,1,1,0,1.0,12.0,2,4,0.5,2,4,0.5,0,0,0.0,0,2,2,2,0,0,1,0,1,1,6,7,14.4,0,0,14.0,1,1,1,1,35,23,29,16,9,16,6,24,27,24,25,22,27,17,29,22,3,1,9,20,23,14,26,4,1,25,97,30,20,10,11,0.222,78.33,6,0.0,3,21,24,83.1,117.4,23,4.0,9,2.0,94.0,94.0,29,1,0.111,32.1,25,24,21,23,0.154,0.151,0.0,8,0.069,0.179,0.0,10,115.2,83.3,117.4,7,0.0,23,34.1,24,0.75,33.3,10,19,95.04,6,11,0.75,22,83.3,31,1,34.1,2,4,18,0.0,0.118,5,17,0,0.118,0.0,0.0,3,0,0.0,0,0.75,0,0.0,4,0,0,0.0,0,0,0,0.0,1.5,6,0,4.11,13,0.273,0.0,0,0.0,3.55,0.0,22,0,0.0,0.0,1.0,2.0,0.0,0.0,0.0,0.0,0.0,0.0,0.0,1.0,0.0,0.0,5.1,1.0,2.0,0.0,2.0,0.0,1.0,0.0,2.0,5.1,,,,,,,,,,,,,,,,0.25,1.0,0.0,0.0,1.0,0.0,0.0,,0.0,0.0,0.0,0.0,0.25,0.667,,0.0,1.0,3.0,0.0,0.0,0.75,2.0,2.0,3.0,0.667,0.75,,,,,,,,,,,,,,0.0,0,0.0,0.0,0.0,0,1.0,1,0.667,0.0,0.75,0.0,0.0,0,0,0,6,1.0,2.0,0.0,0.0,1.0,0.0,0.0,0.0,0.0,0.0,2.0,0.0,0.0,0.0,0.0,0.0,0.0,2.0,0.0,0.0,2.0,0.0,2.0,0.0,G-F,1.0,0.0,-0.598,0.598,0.143,0.0,,0.0,0.0,0.0,0.0,2.0,0.0,0.0,,0.0,0.0,0.0,0.0,0.0,2.0,0.0,2.0,0.0,0.0,CLE,1.0,0.0,0.0,0.0,0.0,0.0,0.0,,3.0,3,2.0,2,0.667,1.0,0.148,3.0,0.452,5.0,0.6,2.0,0.334,0.333,0.6,0.667,3.0,1.0,0.51,0.4,2.0,0.5,-0.01,,,,,,,0.4,0.5,1.0,-0.03,2.0,0.53,0.0,0.0,0.0,0.0,2.0,5.1,0.0,0.0,2.0,1.0,2.0,0.0,2.0,0.0,0.0,0.0,1.0,0.0,0.0,0.0,1.0,0.0,CLE,2.0,1.0,2.0,5.1,0.0,0.0,0.0,1.0,CLE,1.0,0.0,1.0,0.0,0.0,1.0,0.0,1.0,0.0,1.0,0.0,0.0,0.0,0.0,0.0,1.0,0.0,0.0,0.0,CLE,0.0,0.0,0.0,0.0,0.0,0.0,0.0,0.0,0.0,0.0,22.0,0.0,0.0,0.0,0.0,0.0,0.0,3.93,4660.0,0.88,0.38,0.51,4.26,12.0,4.56,2025,20250428,True,42400104,,,MIA,CLE,1610612748,CLE_MIA_2025
