GAME_ID,TEAM_ID,TEAM_CITY,TEAM_NAME,PERSON_ID,PLAYER_FIRST,PLAYER_LAST,IN_TIME_REAL,OUT_TIME_REAL,PLAYER_PTS,PT_DIFF,USG_PCT
21300533,1610612745,Houston,Rockets,2730,Dwight,Howard,0.0,4780.0,4.0,7.0,0.2
21300533,1610612745,Houston,Rockets,2730,Dwight,Howard,9440.0,13610.0,5.0,0.0,0.267
21300533,1610612745,Houston,Rockets,2730,Dwight,Howard,14400.0,20720.0,4.0,-2.0,0.143
21300533,1610612745,Houston,Rockets,2730,Dwight,Howard,21600.0,28641.0,2.0,2.0,0.12
21300533,1610612745,Houston,Rockets,2730,Dwight,Howard,28747.0,28800.0,0.0,0.0,0.0
21300533,1610612745,Houston,Rockets,101128,Francisco,Garcia,5850.0,10820.0,2.0,-2.0,0.211
21300533,1610612745,Houston,Rockets,101128,Francisco,Garcia,14342.0,14400.0,0.0,0.0,0.0
21300533,1610612745,Houston,Rockets,101128,Francisco,Garcia,19770.0,28747.0,0.0,-3.0,0.121
21300533,1610612745,Houston,Rockets,200758,Ronnie,Brewer,0.0,5850.0,0.0,5.0,0.105
21300533,1610612745,Houston,Rockets,200758,Ronnie,Brewer,6956.0,7200.0,0.0,0.0,0.0
21300533,1610612745,Houston,Rockets,200758,Ronnie,Brewer,10820.0,19770.0,0.0,-3.0,0.034
21300533,1610612745,Houston,Rockets,201166,Aaron,Brooks,4780.0,10820.0,7.0,-4.0,0.227
21300533,1610612745,Houston,Rockets,201166,Aaron,Brooks,14342.0,14400.0,0.0,0.0,0.0
21300533,1610612745,Houston,Rockets,201166,Aaron,Brooks,18630.0,28800.0,6.0,-4.0,0.184
21300533,1610612745,Houston,Rockets,201935,James,Harden,0.0,6956.0,8.0,8.0,0.318
21300533,1610612745,Houston,Rockets,201935,James,Harden,10820.0,21600.0,11.0,-8.0,0.333
21300533,1610612745,Houston,Rockets,201935,James,Harden,23680.0,28800.0,6.0,3.0,0.333
21300533,1610612745,Houston,Rockets,201956,Omri,Casspi,5850.0,9440.0,0.0,0.0,0.154
21300533,1610612745,Houston,Rockets,201956,Omri,Casspi,28641.0,28747.0,0.0,0.0,0.0
21300533,1610612745,Houston,Rockets,202391,Jeremy,Lin,0.0,4780.0,0.0,7.0,0.2
21300533,1610612745,Houston,Rockets,202391,Jeremy,Lin,7200.0,14342.0,7.0,-6.0,0.208
21300533,1610612745,Houston,Rockets,202391,Jeremy,Lin,14400.0,18630.0,0.0,-1.0,0.133
21300533,1610612745,Houston,Rockets,202391,Jeremy,Lin,21600.0,28800.0,4.0,2.0,0.148
21300533,1610612745,Houston,Rockets,202700,Donatas,Motiejunas,19480.0,23680.0,4.0,-6.0,0.389
21300533,1610612745,Houston,Rockets,202962,Greg,Smith,4780.0,9440.0,4.0,-2.0,0.125
21300533,1610612745,Houston,Rockets,202962,Greg,Smith,13610.0,14342.0,0.0,-3.0,0.0
21300533,1610612745,Houston,Rockets,202962,Greg,Smith,20720.0,21600.0,0.0,-5.0,0.0
21300533,1610612745,Houston,Rockets,203093,Terrence,Jones,0.0,5850.0,0.0,5.0,0.105
21300533,1610612745,Houston,Rockets,203093,Terrence,Jones,9440.0,19480.0,6.0,-5.0,0.235
21300533,1610612745,Houston,Rockets,203093,Terrence,Jones,28747.0,28800.0,0.0,0.0,0.0
21300221,1610612745,Houston,Rockets,2730,Dwight,Howard,0.0,5030.0,2.0,7.0,0.125
21300221,1610612745,Houston,Rockets,2730,Dwight,Howard,9730.0,13780.0,2.0,4.0,0.214
21300221,1610612745,Houston,Rockets,2730,Dwight,Howard,14400.0,20830.0,7.0,-1.0,0.304
21300221,1610612745,Houston,Rockets,2730,Dwight,Howard,25150.0,25270.0,0.0,0.0,0.0
21300221,1610612745,Houston,Rockets,101128,Francisco,Garcia,2490.0,9730.0,9.0,7.0,0.269
21300221,1610612745,Houston,Rockets,101128,Francisco,Garcia,12200.0,19060.0,4.0,2.0,0.154
21300221,1610612745,Houston,Rockets,101128,Francisco,Garcia,20380.0,26200.0,8.0,8.0,0.19
21300221,1610612745,Houston,Rockets,200758,Ronnie,Brewer,26200.0,28800.0,3.0,11.0,0.083
21300221,1610612745,Houston,Rockets,201166,Aaron,Brooks,5450.0,12200.0,8.0,1.0,0.304
21300221,1610612745,Houston,Rockets,201166,Aaron,Brooks,19060.0,28800.0,13.0,19.0,0.257
21300221,1610612745,Houston,Rockets,201600,Omer,Asik,5030.0,9730.0,2.0,1.0,0.111
21300221,1610612745,Houston,Rockets,201600,Omer,Asik,13780.0,14400.0,1.0,-1.0,0.333
21300221,1610612745,Houston,Rockets,201600,Omer,Asik,20830.0,25150.0,4.0,10.0,0.2
21300221,1610612745,Houston,Rockets,201600,Omer,Asik,26200.0,28800.0,3.0,11.0,0.25
21300221,1610612745,Houston,Rockets,201956,Omri,Casspi,5030.0,9730.0,0.0,1.0,0.056
21300221,1610612745,Houston,Rockets,201956,Omri,Casspi,17170.0,24360.0,4.0,6.0,0.16
21300221,1610612745,Houston,Rockets,201956,Omri,Casspi,25270.0,28800.0,5.0,9.0,0.214
21300221,1610612745,Houston,Rockets,201976,Patrick,Beverley,0.0,5450.0,4.0,7.0,0.222
21300221,1610612745,Houston,Rockets,201976,Patrick,Beverley,7200.0,21600.0,3.0,-1.0,0.115
21300221,1610612745,Houston,Rockets,202391,Jeremy,Lin,0.0,2490.0,0.0,1.0,0.111
21300221,1610612745,Houston,Rockets,202700,Donatas,Motiejunas,26200.0,28800.0,3.0,11.0,0.333
21300221,1610612745,Houston,Rockets,202718,Chandler,Parsons,0.0,7200.0,7.0,11.0,0.24
21300221,1610612745,Houston,Rockets,202718,Chandler,Parsons,9730.0,20380.0,7.0,2.0,0.158
21300221,1610612745,Houston,Rockets,202718,Chandler,Parsons,21600.0,26200.0,0.0,8.0,0.071
21300221,1610612745,Houston,Rockets,203093,Terrence,Jones,0.0,5030.0,9.0,7.0,0.25
21300221,1610612745,Houston,Rockets,203093,Terrence,Jones,9730.0,17170.0,5.0,3.0,0.259
21300221,1610612745,Houston,Rockets,203093,Terrence,Jones,24360.0,26200.0,0.0,1.0,0.0
21300159,1610612745,Houston,Rockets,2730,Dwight,Howard,0.0,6270.0,3.0,17.0,0.16
21300159,1610612745,Houston,Rockets,2730,Dwight,Howard,9950.0,13200.0,1.0,-3.0,0.333
21300159,1610612745,Houston,Rockets,2730,Dwight,Howard,14400.0,21600.0,6.0,7.0,0.13
21300159,1610612745,Houston,Rockets,101128,Francisco,Garcia,6270.0,9950.0,0.0,4.0,0.091
21300159,1610612745,Houston,Rockets,101128,Francisco,Garcia,21600.0,28800.0,4.0,-7.0,0.069
21300159,1610612745,Houston,Rockets,201166,Aaron,Brooks,23290.0,28800.0,4.0,-7.0,0.227
21300159,1610612745,Houston,Rockets,201600,Omer,Asik,24710.0,28800.0,4.0,-3.0,0.278
21300159,1610612745,Houston,Rockets,201935,James,Harden,0.0,7189.0,7.0,22.0,0.214
21300159,1610612745,Houston,Rockets,201935,James,Harden,9950.0,21600.0,8.0,10.0,0.244
21300159,1610612745,Houston,Rockets,201956,Omri,Casspi,4860.0,9950.0,3.0,9.0,0.063
21300159,1610612745,Houston,Rockets,201956,Omri,Casspi,13200.0,14400.0,2.0,6.0,0.167
21300159,1610612745,Houston,Rockets,201956,Omri,Casspi,18270.0,21600.0,0.0,-2.0,0.308
21300159,1610612745,Houston,Rockets,201956,Omri,Casspi,23550.0,28800.0,0.0,-7.0,0.095
21300159,1610612745,Houston,Rockets,201976,Patrick,Beverley,0.0,4000.0,5.0,17.0,0.176
21300159,1610612745,Houston,Rockets,201976,Patrick,Beverley,7189.0,9950.0,3.0,-1.0,0.25
21300159,1610612745,Houston,Rockets,201976,Patrick,Beverley,12890.0,18270.0,8.0,14.0,0.278
21300159,1610612745,Houston,Rockets,201976,Patrick,Beverley,21600.0,23290.0,0.0,0.0,0.143
21300159,1610612745,Houston,Rockets,202391,Jeremy,Lin,4000.0,12890.0,9.0,2.0,0.214
21300159,1610612745,Houston,Rockets,202391,Jeremy,Lin,18270.0,23550.0,2.0,-2.0,0.143
21300159,1610612745,Houston,Rockets,202700,Donatas,Motiejunas,6270.0,9950.0,2.0,4.0,0.182
21300159,1610612745,Houston,Rockets,202700,Donatas,Motiejunas,21600.0,28800.0,3.0,-7.0,0.276
21300159,1610612745,Houston,Rockets,202718,Chandler,Parsons,0.0,6270.0,4.0,17.0,0.2
21300159,1610612745,Houston,Rockets,202718,Chandler,Parsons,9950.0,21600.0,7.0,10.0,0.098
21300159,1610612745,Houston,Rockets,203093,Terrence,Jones,0.0,4860.0,11.0,12.0,0.286
21300159,1610612745,Houston,Rockets,203093,Terrence,Jones,9950.0,18270.0,9.0,12.0,0.214
21300159,1610612745,Houston,Rockets,203093,Terrence,Jones,21600.0,24710.0,4.0,-4.0,0.25
21300556,1610612745,Houston,Rockets,2730,Dwight,Howard,0.0,7200.0,8.0,-8.0,0.333
21300556,1610612745,Houston,Rockets,2730,Dwight,Howard,11380.0,21600.0,18.0,19.0,0.268
21300556,1610612745,Houston,Rockets,2730,Dwight,Howard,24120.0,28800.0,6.0,-3.0,0.389
21300556,1610612745,Houston,Rockets,101128,Francisco,Garcia,7200.0,12470.0,0.0,10.0,0.105
21300556,1610612745,Houston,Rockets,101128,Francisco,Garcia,20310.0,21201.0,0.0,-2.0,0.0
21300556,1610612745,Houston,Rockets,101128,Francisco,Garcia,21600.0,22190.0,0.0,0.0,0.0
21300556,1610612745,Houston,Rockets,200758,Ronnie,Brewer,4440.0,7200.0,0.0,-2.0,0.0
21300556,1610612745,Houston,Rockets,200758,Ronnie,Brewer,14319.0,14400.0,0.0,-2.0,0.0
21300556,1610612745,Houston,Rockets,201166,Aaron,Brooks,5740.0,11380.0,2.0,7.0,0.143
21300556,1610612745,Houston,Rockets,201166,Aaron,Brooks,19680.0,23110.0,0.0,-5.0,0.0
21300556,1610612745,Houston,Rockets,201935,James,Harden,0.0,7200.0,4.0,-8.0,0.267
21300556,1610612745,Houston,Rockets,201935,James,Harden,11380.0,14319.0,4.0,11.0,0.385
21300556,1610612745,Houston,Rockets,201935,James,Harden,14400.0,21600.0,5.0,10.0,0.222
21300556,1610612745,Houston,Rockets,201935,James,Harden,23110.0,28800.0,3.0,-1.0,0.136
21300556,1610612745,Houston,Rockets,201956,Omri,Casspi,5610.0,11380.0,6.0,7.0,0.238
21300556,1610612745,Houston,Rockets,201956,Omri,Casspi,19270.0,27010.0,6.0,-9.0,0.267
21300556,1610612745,Houston,Rockets,202391,Jeremy,Lin,0.0,5740.0,2.0,-7.0,0.125
21300556,1610612745,Houston,Rockets,202391,Jeremy,Lin,11380.0,19680.0,10.0,18.0,0.156
21300556,1610612745,Houston,Rockets,202391,Jeremy,Lin,21600.0,28800.0,4.0,-7.0,0.107
21300556,1610612745,Houston,Rockets,202718,Chandler,Parsons,0.0,4440.0,0.0,-6.0,0.105
21300556,1610612745,Houston,Rockets,202718,Chandler,Parsons,7200.0,11380.0,9.0,8.0,0.333
21300556,1610612745,Houston,Rockets,202718,Chandler,Parsons,12470.0,20310.0,3.0,16.0,0.1
21300556,1610612745,Houston,Rockets,202718,Chandler,Parsons,21201.0,21600.0,0.0,3.0,0.0
21300556,1610612745,Houston,Rockets,202718,Chandler,Parsons,22190.0,28800.0,2.0,-7.0,0.192
21300556,1610612745,Houston,Rockets,203093,Terrence,Jones,0.0,5610.0,2.0,-7.0,0.167
21300556,1610612745,Houston,Rockets,203093,Terrence,Jones,7200.0,19270.0,6.0,26.0,0.111
21300556,1610612745,Houston,Rockets,203093,Terrence,Jones,21600.0,24120.0,2.0,-4.0,0.3
21300556,1610612745,Houston,Rockets,203093,Terrence,Jones,27010.0,28800.0,2.0,3.0,0.111
21300701,1610612745,Houston,Rockets,2730,Dwight,Howard,0.0,7200.0,9.0,8.0,0.214
21300701,1610612745,Houston,Rockets,2730,Dwight,Howard,11190.0,21098.0,12.0,-5.0,0.273
21300701,1610612745,Houston,Rockets,2730,Dwight,Howard,24430.0,28800.0,5.0,1.0,0.222
21300701,1610612745,Houston,Rockets,201935,James,Harden,0.0,7200.0,8.0,8.0,0.25
21300701,1610612745,Houston,Rockets,201935,James,Harden,11190.0,21600.0,14.0,-3.0,0.27
21300701,1610612745,Houston,Rockets,201935,James,Harden,24430.0,28800.0,6.0,1.0,0.333
21300701,1610612745,Houston,Rockets,201956,Omri,Casspi,6370.0,11190.0,8.0,5.0,0.273
21300701,1610612745,Houston,Rockets,201956,Omri,Casspi,20750.0,26680.0,1.0,2.0,0.192
21300701,1610612745,Houston,Rockets,201976,Patrick,Beverley,0.0,4620.0,0.0,6.0,0.053
21300701,1610612745,Houston,Rockets,201976,Patrick,Beverley,7200.0,13570.0,0.0,3.0,0.04
21300701,1610612745,Houston,Rockets,201976,Patrick,Beverley,14400.0,20750.0,0.0,3.0,0.05
21300701,1610612745,Houston,Rockets,201976,Patrick,Beverley,21600.0,28800.0,0.0,3.0,0.138
21300701,1610612745,Houston,Rockets,202391,Jeremy,Lin,4620.0,11190.0,8.0,8.0,0.259
21300701,1610612745,Houston,Rockets,202391,Jeremy,Lin,13570.0,14400.0,0.0,-2.0,0.0
21300701,1610612745,Houston,Rockets,202391,Jeremy,Lin,16440.0,24430.0,7.0,13.0,0.29
21300701,1610612745,Houston,Rockets,202391,Jeremy,Lin,26680.0,28800.0,0.0,0.0,0.0
21300701,1610612745,Houston,Rockets,202700,Donatas,Motiejunas,6370.0,13570.0,2.0,2.0,0.138
21300701,1610612745,Houston,Rockets,202700,Donatas,Motiejunas,16440.0,24430.0,2.0,13.0,0.129
21300701,1610612745,Houston,Rockets,202718,Chandler,Parsons,0.0,6370.0,4.0,9.0,0.208
21300701,1610612745,Houston,Rockets,202718,Chandler,Parsons,11190.0,16440.0,3.0,-14.0,0.235
21300701,1610612745,Houston,Rockets,203093,Terrence,Jones,0.0,6370.0,10.0,9.0,0.25
21300701,1610612745,Houston,Rockets,203093,Terrence,Jones,7200.0,11190.0,2.0,6.0,0.167
21300701,1610612745,Houston,Rockets,203093,Terrence,Jones,13570.0,16440.0,0.0,-11.0,0.222
21300701,1610612745,Houston,Rockets,203093,Terrence,Jones,21098.0,28800.0,5.0,5.0,0.118
21301033,1610612745,Houston,Rockets,201600,Omer,Asik,0.0,4810.0,6.0,11.0,0.222
21301033,1610612745,Houston,Rockets,201600,Omer,Asik,7200.0,11780.0,1.0,0.0,0.133
21301033,1610612745,Houston,Rockets,201600,Omer,Asik,12390.0,18840.0,2.0,5.0,0.043
21301033,1610612745,Houston,Rockets,201600,Omer,Asik,21600.0,25600.0,0.0,-3.0,0.2
21301033,1610612745,Houston,Rockets,201935,James,Harden,0.0,7200.0,8.0,8.0,0.231
21301033,1610612745,Houston,Rockets,201935,James,Harden,11120.0,21600.0,29.0,12.0,0.405
21301033,1610612745,Houston,Rockets,201956,Omri,Casspi,4810.0,6916.0,0.0,-3.0,0.222
21301033,1610612745,Houston,Rockets,201956,Omri,Casspi,11780.0,14400.0,0.0,4.0,0.2
21301033,1610612745,Houston,Rockets,201956,Omri,Casspi,20570.0,24560.0,0.0,-10.0,0.214
21301033,1610612745,Houston,Rockets,201976,Patrick,Beverley,0.0,5440.0,9.0,11.0,0.2
21301033,1610612745,Houston,Rockets,201976,Patrick,Beverley,6916.0,7200.0,0.0,0.0,0.0
21301033,1610612745,Houston,Rockets,201976,Patrick,Beverley,9280.0,18840.0,4.0,5.0,0.182
21301033,1610612745,Houston,Rockets,201976,Patrick,Beverley,20210.0,25600.0,2.0,-5.0,0.143
21301033,1610612745,Houston,Rockets,202391,Jeremy,Lin,5440.0,11120.0,6.0,-1.0,0.25
21301033,1610612745,Houston,Rockets,202391,Jeremy,Lin,18840.0,28800.0,7.0,-8.0,0.231
21301033,1610612745,Houston,Rockets,202700,Donatas,Motiejunas,3880.0,9030.0,6.0,-2.0,0.167
21301033,1610612745,Houston,Rockets,202700,Donatas,Motiejunas,11120.0,12390.0,2.0,0.0,0.667
21301033,1610612745,Houston,Rockets,202700,Donatas,Motiejunas,18840.0,20570.0,3.0,14.0,0.143
21301033,1610612745,Houston,Rockets,202700,Donatas,Motiejunas,25600.0,28800.0,0.0,-12.0,0.0
21301033,1610612745,Houston,Rockets,202706,Jordan,Hamilton,5440.0,9280.0,0.0,-1.0,0.154
21301033,1610612745,Houston,Rockets,202706,Jordan,Hamilton,26200.0,28800.0,0.0,-11.0,0.167
21301033,1610612745,Houston,Rockets,202718,Chandler,Parsons,0.0,5440.0,11.0,11.0,0.3
21301033,1610612745,Houston,Rockets,202718,Chandler,Parsons,7200.0,20210.0,2.0,16.0,0.178
21301033,1610612745,Houston,Rockets,202718,Chandler,Parsons,21600.0,26200.0,3.0,-4.0,0.235
21301033,1610612745,Houston,Rockets,203093,Terrence,Jones,0.0,3880.0,0.0,12.0,0.0
21301033,1610612745,Houston,Rockets,203093,Terrence,Jones,9030.0,11120.0,0.0,0.0,0.0
21301033,1610612745,Houston,Rockets,203093,Terrence,Jones,14400.0,21600.0,12.0,10.0,0.192
21301033,1610612745,Houston,Rockets,203093,Terrence,Jones,24560.0,28800.0,2.0,-12.0,0.167
21301033,1610612745,Houston,Rockets,203477,Isaiah,Canaan,25600.0,28800.0,3.0,-12.0,0.308
21300572,1610612745,Houston,Rockets,2730,Dwight,Howard,0.0,5170.0,6.0,-7.0,0.211
21300572,1610612745,Houston,Rockets,2730,Dwight,Howard,8450.0,9820.0,1.0,3.0,0.333
21300572,1610612745,Houston,Rockets,2730,Dwight,Howard,14400.0,19600.0,2.0,9.0,0.05
21300572,1610612745,Houston,Rockets,2730,Dwight,Howard,21600.0,23910.0,0.0,-3.0,0.429
21300572,1610612745,Houston,Rockets,2730,Dwight,Howard,24940.0,28800.0,3.0,11.0,0.188
21300572,1610612745,Houston,Rockets,101128,Francisco,Garcia,6280.0,9570.0,0.0,-5.0,0.0
21300572,1610612745,Houston,Rockets,101128,Francisco,Garcia,20800.0,23550.0,0.0,-4.0,0.0
21300572,1610612745,Houston,Rockets,201935,James,Harden,0.0,7200.0,4.0,-11.0,0.2
21300572,1610612745,Houston,Rockets,201935,James,Harden,9570.0,21600.0,10.0,5.0,0.217
21300572,1610612745,Houston,Rockets,201935,James,Harden,23550.0,28800.0,12.0,11.0,0.4
21300572,1610612745,Houston,Rockets,201956,Omri,Casspi,4890.0,8450.0,0.0,-10.0,0.182
21300572,1610612745,Houston,Rockets,201956,Omri,Casspi,13871.0,14400.0,0.0,0.0,0.0
21300572,1610612745,Houston,Rockets,202391,Jeremy,Lin,0.0,5170.0,0.0,-7.0,0.105
21300572,1610612745,Houston,Rockets,202391,Jeremy,Lin,7200.0,19990.0,11.0,7.0,0.239
21300572,1610612745,Houston,Rockets,202391,Jeremy,Lin,23550.0,28800.0,2.0,11.0,0.05
21300572,1610612745,Houston,Rockets,202700,Donatas,Motiejunas,8450.0,13871.0,5.0,4.0,0.263
21300572,1610612745,Houston,Rockets,202700,Donatas,Motiejunas,19600.0,24940.0,5.0,-6.0,0.211
21300572,1610612745,Houston,Rockets,202718,Chandler,Parsons,0.0,6280.0,3.0,-7.0,0.217
21300572,1610612745,Houston,Rockets,202718,Chandler,Parsons,7200.0,20800.0,11.0,7.0,0.2
21300572,1610612745,Houston,Rockets,202718,Chandler,Parsons,21600.0,28800.0,3.0,10.0,0.192
21300572,1610612745,Houston,Rockets,203093,Terrence,Jones,0.0,4890.0,4.0,-5.0,0.333
21300572,1610612745,Houston,Rockets,203093,Terrence,Jones,5170.0,8450.0,2.0,-8.0,0.2
21300572,1610612745,Houston,Rockets,203093,Terrence,Jones,9820.0,21600.0,14.0,5.0,0.227
21300572,1610612745,Houston,Rockets,203093,Terrence,Jones,23910.0,28800.0,5.0,13.0,0.105
21300572,1610612745,Houston,Rockets,203477,Isaiah,Canaan,5170.0,7200.0,0.0,-4.0,0.0
21300572,1610612745,Houston,Rockets,203477,Isaiah,Canaan,19990.0,23550.0,0.0,-4.0,0.077
21301194,1610612745,Houston,Rockets,2730,Dwight,Howard,0.0,3040.0,4.0,2.0,0.417
21301194,1610612745,Houston,Rockets,2730,Dwight,Howard,7200.0,10740.0,6.0,-3.0,0.273
21301194,1610612745,Houston,Rockets,2730,Dwight,Howard,14400.0,18150.0,2.0,5.0,0.154
21301194,1610612745,Houston,Rockets,2730,Dwight,Howard,21600.0,28800.0,1.0,17.0,0.1
21301194,1610612745,Houston,Rockets,201600,Omer,Asik,3040.0,7200.0,8.0,0.0,0.333
21301194,1610612745,Houston,Rockets,201600,Omer,Asik,10740.0,14400.0,1.0,-12.0,0.154
21301194,1610612745,Houston,Rockets,201600,Omer,Asik,18150.0,21600.0,0.0,-2.0,0.077
21301194,1610612745,Houston,Rockets,201935,James,Harden,0.0,7194.0,4.0,2.0,0.222
21301194,1610612745,Houston,Rockets,201935,James,Harden,9970.0,28800.0,29.0,9.0,0.333
21301194,1610612745,Houston,Rockets,201956,Omri,Casspi,0.0,4800.0,0.0,-2.0,0.111
21301194,1610612745,Houston,Rockets,201956,Omri,Casspi,11830.0,20330.0,2.0,-2.0,0.133
21301194,1610612745,Houston,Rockets,201956,Omri,Casspi,28697.0,28800.0,0.0,0.0,0.0
21301194,1610612745,Houston,Rockets,201976,Patrick,Beverley,0.0,3240.0,0.0,0.0,0.154
21301194,1610612745,Houston,Rockets,201976,Patrick,Beverley,7194.0,11280.0,0.0,-2.0,0.286
21301194,1610612745,Houston,Rockets,201976,Patrick,Beverley,13470.0,18980.0,6.0,3.0,0.167
21301194,1610612745,Houston,Rockets,201976,Patrick,Beverley,21600.0,28697.0,14.0,17.0,0.207
21301194,1610612745,Houston,Rockets,202391,Jeremy,Lin,3240.0,9970.0,4.0,-2.0,0.091
21301194,1610612745,Houston,Rockets,202391,Jeremy,Lin,11280.0,13470.0,2.0,-12.0,0.111
21301194,1610612745,Houston,Rockets,202391,Jeremy,Lin,18980.0,28800.0,12.0,16.0,0.195
21301194,1610612745,Houston,Rockets,202700,Donatas,Motiejunas,4410.0,9590.0,0.0,2.0,0.158
21301194,1610612745,Houston,Rockets,202700,Donatas,Motiejunas,19770.0,22430.0,0.0,-5.0,0.0
21301194,1610612745,Houston,Rockets,202706,Jordan,Hamilton,4800.0,11830.0,3.0,-6.0,0.125
21301194,1610612745,Houston,Rockets,203093,Terrence,Jones,0.0,4410.0,2.0,-2.0,0.125
21301194,1610612745,Houston,Rockets,203093,Terrence,Jones,9590.0,19770.0,8.0,-7.0,0.235
21301194,1610612745,Houston,Rockets,203584,Troy,Daniels,20330.0,21600.0,0.0,0.0,0.0
21301194,1610612745,Houston,Rockets,203584,Troy,Daniels,22430.0,28800.0,3.0,19.0,0.214
21301219,1610612745,Houston,Rockets,2694,Josh,Powell,7200.0,12530.0,0.0,-6.0,0.136
21301219,1610612745,Houston,Rockets,2694,Josh,Powell,22510.0,28800.0,4.0,-1.0,0.2
21301219,1610612745,Houston,Rockets,2730,Dwight,Howard,0.0,7200.0,2.0,2.0,0.138
21301219,1610612745,Houston,Rockets,2730,Dwight,Howard,14400.0,22510.0,5.0,-1.0,0.28
21301219,1610612745,Houston,Rockets,201956,Omri,Casspi,0.0,6480.0,2.0,1.0,0.12
21301219,1610612745,Houston,Rockets,201956,Omri,Casspi,14400.0,20490.0,3.0,1.0,0.211
21301219,1610612745,Houston,Rockets,201956,Omri,Casspi,24180.0,28800.0,4.0,4.0,0.2
21301219,1610612745,Houston,Rockets,201976,Patrick,Beverley,0.0,7200.0,9.0,2.0,0.241
21301219,1610612745,Houston,Rockets,201976,Patrick,Beverley,14400.0,20490.0,5.0,1.0,0.263
21301219,1610612745,Houston,Rockets,202700,Donatas,Motiejunas,7200.0,14400.0,8.0,-5.0,0.323
21301219,1610612745,Houston,Rockets,202700,Donatas,Motiejunas,21190.0,24180.0,3.0,-7.0,0.444
21301219,1610612745,Houston,Rockets,202706,Jordan,Hamilton,6480.0,14400.0,6.0,-4.0,0.139
21301219,1610612745,Houston,Rockets,202706,Jordan,Hamilton,20490.0,28800.0,8.0,-3.0,0.222
21301219,1610612745,Houston,Rockets,203093,Terrence,Jones,0.0,7200.0,11.0,2.0,0.276
21301219,1610612745,Houston,Rockets,203093,Terrence,Jones,12530.0,21190.0,6.0,2.0,0.194
21301219,1610612745,Houston,Rockets,203477,Isaiah,Canaan,7200.0,14400.0,2.0,-5.0,0.129
21301219,1610612745,Houston,Rockets,203477,Isaiah,Canaan,20490.0,28800.0,0.0,-3.0,0.111
21301219,1610612745,Houston,Rockets,203496,Robert,Covington,8610.0,11060.0,0.0,-3.0,0.222
21301219,1610612745,Houston,Rockets,203584,Troy,Daniels,0.0,8610.0,6.0,5.0,0.235
21301219,1610612745,Houston,Rockets,203584,Troy,Daniels,11060.0,28800.0,16.0,-7.0,0.145
21300442,1610612745,Houston,Rockets,2730,Dwight,Howard,0.0,7200.0,10.0,9.0,0.276
21300442,1610612745,Houston,Rockets,2730,Dwight,Howard,9500.0,14359.0,2.0,-4.0,0.294
21300442,1610612745,Houston,Rockets,2730,Dwight,Howard,14400.0,20480.0,8.0,-1.0,0.368
21300442,1610612745,Houston,Rockets,2730,Dwight,Howard,21600.0,28800.0,4.0,8.0,0.077
21300442,1610612745,Houston,Rockets,101128,Francisco,Garcia,7200.0,11330.0,0.0,0.0,0.133
21300442,1610612745,Houston,Rockets,101128,Francisco,Garcia,18360.0,21600.0,0.0,-1.0,0.2
21300442,1610612745,Houston,Rockets,201166,Aaron,Brooks,5390.0,10480.0,4.0,3.0,0.211
21300442,1610612745,Houston,Rockets,201166,Aaron,Brooks,18360.0,25360.0,5.0,-4.0,0.273
21300442,1610612745,Houston,Rockets,201935,James,Harden,0.0,8690.0,9.0,4.0,0.25
21300442,1610612745,Houston,Rockets,201935,James,Harden,11330.0,21600.0,1.0,-8.0,0.2
21300442,1610612745,Houston,Rockets,201935,James,Harden,23560.0,28800.0,11.0,6.0,0.368
21300442,1610612745,Houston,Rockets,201956,Omri,Casspi,5030.0,9500.0,5.0,3.0,0.211
21300442,1610612745,Houston,Rockets,201956,Omri,Casspi,14359.0,14400.0,0.0,0.0,0.0
21300442,1610612745,Houston,Rockets,201956,Omri,Casspi,20480.0,23560.0,2.0,4.0,0.273
21300442,1610612745,Houston,Rockets,202391,Jeremy,Lin,0.0,5390.0,0.0,1.0,0.174
21300442,1610612745,Houston,Rockets,202391,Jeremy,Lin,10480.0,18360.0,0.0,-2.0,0.143
21300442,1610612745,Houston,Rockets,202391,Jeremy,Lin,21600.0,28800.0,10.0,8.0,0.269
21300442,1610612745,Houston,Rockets,202700,Donatas,Motiejunas,7200.0,9500.0,0.0,-5.0,0.1
21300442,1610612745,Houston,Rockets,202718,Chandler,Parsons,0.0,7200.0,5.0,9.0,0.138
21300442,1610612745,Houston,Rockets,202718,Chandler,Parsons,8690.0,18360.0,9.0,-2.0,0.152
21300442,1610612745,Houston,Rockets,202718,Chandler,Parsons,21600.0,28800.0,5.0,8.0,0.115
21300442,1610612745,Houston,Rockets,203093,Terrence,Jones,0.0,5030.0,5.0,1.0,0.2
21300442,1610612745,Houston,Rockets,203093,Terrence,Jones,9500.0,21600.0,9.0,-3.0,0.125
21300442,1610612745,Houston,Rockets,203093,Terrence,Jones,25360.0,28800.0,3.0,11.0,0.071
21300379,1610612745,Houston,Rockets,2730,Dwight,Howard,0.0,7200.0,6.0,8.0,0.214
21300379,1610612745,Houston,Rockets,2730,Dwight,Howard,9800.0,20740.0,11.0,11.0,0.15
21300379,1610612745,Houston,Rockets,2730,Dwight,Howard,24700.0,27250.0,6.0,0.0,0.571
21300379,1610612745,Houston,Rockets,101128,Francisco,Garcia,6621.0,9960.0,2.0,-5.0,0.083
21300379,1610612745,Houston,Rockets,101128,Francisco,Garcia,18300.0,24700.0,4.0,9.0,0.16
21300379,1610612745,Houston,Rockets,101128,Francisco,Garcia,27250.0,28800.0,3.0,1.0,0.2
21300379,1610612745,Houston,Rockets,200758,Ronnie,Brewer,27250.0,28800.0,2.0,1.0,0.4
21300379,1610612745,Houston,Rockets,201166,Aaron,Brooks,5000.0,9160.0,2.0,-2.0,0.267
21300379,1610612745,Houston,Rockets,201166,Aaron,Brooks,19980.0,24850.0,0.0,7.0,0.1
21300379,1610612745,Houston,Rockets,201166,Aaron,Brooks,27250.0,28800.0,0.0,1.0,0.0
21300379,1610612745,Houston,Rockets,201935,James,Harden,0.0,7200.0,9.0,8.0,0.25
21300379,1610612745,Houston,Rockets,201935,James,Harden,9960.0,21600.0,10.0,14.0,0.311
21300379,1610612745,Houston,Rockets,201935,James,Harden,24700.0,27250.0,0.0,0.0,0.143
21300379,1610612745,Houston,Rockets,201956,Omri,Casspi,5000.0,9800.0,0.0,-3.0,0.125
21300379,1610612745,Houston,Rockets,201956,Omri,Casspi,18300.0,24700.0,11.0,9.0,0.32
21300379,1610612745,Houston,Rockets,201956,Omri,Casspi,27250.0,28800.0,0.0,1.0,0.0
21300379,1610612745,Houston,Rockets,201976,Patrick,Beverley,0.0,5000.0,2.0,5.0,0.105
21300379,1610612745,Houston,Rockets,201976,Patrick,Beverley,7200.0,19980.0,13.0,-1.0,0.209
21300379,1610612745,Houston,Rockets,201976,Patrick,Beverley,24850.0,27250.0,0.0,0.0,0.0
21300379,1610612745,Houston,Rockets,202718,Chandler,Parsons,0.0,6621.0,5.0,8.0,0.2
21300379,1610612745,Houston,Rockets,202718,Chandler,Parsons,9160.0,18300.0,7.0,2.0,0.212
21300379,1610612745,Houston,Rockets,202718,Chandler,Parsons,21600.0,27250.0,7.0,-3.0,0.222
21300379,1610612745,Houston,Rockets,202962,Greg,Smith,7200.0,9800.0,0.0,-6.0,0.143
21300379,1610612745,Houston,Rockets,202962,Greg,Smith,20740.0,24700.0,2.0,1.0,0.125
21300379,1610612745,Houston,Rockets,202962,Greg,Smith,27250.0,28800.0,2.0,1.0,0.2
21300379,1610612745,Houston,Rockets,203093,Terrence,Jones,0.0,5000.0,0.0,5.0,0.211
21300379,1610612745,Houston,Rockets,203093,Terrence,Jones,9800.0,18300.0,5.0,3.0,0.129
21300379,1610612745,Houston,Rockets,203093,Terrence,Jones,24700.0,27250.0,0.0,0.0,0.0
21300968,1610612745,Houston,Rockets,2730,Dwight,Howard,0.0,4970.0,4.0,-8.0,0.235
21300968,1610612745,Houston,Rockets,2730,Dwight,Howard,9100.0,21283.0,8.0,-20.0,0.229
21300968,1610612745,Houston,Rockets,101128,Francisco,Garcia,5750.0,10940.0,3.0,-2.0,0.05
21300968,1610612745,Houston,Rockets,101128,Francisco,Garcia,20390.0,23030.0,2.0,5.0,0.25
21300968,1610612745,Houston,Rockets,201600,Omer,Asik,4970.0,9100.0,0.0,1.0,0.056
21300968,1610612745,Houston,Rockets,201600,Omer,Asik,21283.0,28800.0,6.0,3.0,0.129
21300968,1610612745,Houston,Rockets,201935,James,Harden,0.0,7200.0,6.0,-5.0,0.143
21300968,1610612745,Houston,Rockets,201935,James,Harden,10940.0,19700.0,2.0,-25.0,0.286
21300968,1610612745,Houston,Rockets,201956,Omri,Casspi,23030.0,28800.0,4.0,0.0,0.167
21300968,1610612745,Houston,Rockets,201976,Patrick,Beverley,0.0,4970.0,2.0,-8.0,0.235
21300968,1610612745,Houston,Rockets,201976,Patrick,Beverley,11090.0,23880.0,7.0,-23.0,0.137
21300968,1610612745,Houston,Rockets,202391,Jeremy,Lin,4970.0,11090.0,11.0,7.0,0.269
21300968,1610612745,Houston,Rockets,202391,Jeremy,Lin,12840.0,14400.0,2.0,1.0,0.333
21300968,1610612745,Houston,Rockets,202391,Jeremy,Lin,17730.0,24380.0,8.0,-2.0,0.231
21300968,1610612745,Houston,Rockets,202700,Donatas,Motiejunas,6120.0,12010.0,2.0,-2.0,0.167
21300968,1610612745,Houston,Rockets,202700,Donatas,Motiejunas,24380.0,28800.0,0.0,2.0,0.105
21300968,1610612745,Houston,Rockets,202706,Jordan,Hamilton,10940.0,12840.0,2.0,-6.0,0.222
21300968,1610612745,Houston,Rockets,202706,Jordan,Hamilton,19700.0,28800.0,10.0,4.0,0.211
21300968,1610612745,Houston,Rockets,202718,Chandler,Parsons,0.0,5750.0,2.0,-1.0,0.238
21300968,1610612745,Houston,Rockets,202718,Chandler,Parsons,7200.0,10940.0,0.0,2.0,0.308
21300968,1610612745,Houston,Rockets,202718,Chandler,Parsons,14400.0,20390.0,0.0,-21.0,0.25
21300968,1610612745,Houston,Rockets,203093,Terrence,Jones,0.0,6120.0,2.0,-4.0,0.261
21300968,1610612745,Houston,Rockets,203093,Terrence,Jones,12010.0,17730.0,0.0,-18.0,0.042
21300968,1610612745,Houston,Rockets,203477,Isaiah,Canaan,23880.0,28800.0,4.0,0.0,0.3
21300412,1610612745,Houston,Rockets,2730,Dwight,Howard,0.0,7200.0,7.0,6.0,0.13
21300412,1610612745,Houston,Rockets,2730,Dwight,Howard,9850.0,21600.0,19.0,-9.0,0.391
21300412,1610612745,Houston,Rockets,2730,Dwight,Howard,23270.0,28800.0,3.0,6.0,0.278
21300412,1610612745,Houston,Rockets,101128,Francisco,Garcia,0.0,5510.0,0.0,3.0,0.118
21300412,1610612745,Houston,Rockets,101128,Francisco,Garcia,9850.0,19820.0,3.0,-9.0,0.128
21300412,1610612745,Houston,Rockets,101128,Francisco,Garcia,23270.0,28800.0,0.0,6.0,0.0
21300412,1610612745,Houston,Rockets,200758,Ronnie,Brewer,5510.0,9850.0,0.0,-2.0,0.0
21300412,1610612745,Houston,Rockets,201166,Aaron,Brooks,3860.0,9850.0,10.0,-1.0,0.381
21300412,1610612745,Houston,Rockets,201166,Aaron,Brooks,13040.0,14400.0,0.0,-2.0,0.0
21300412,1610612745,Houston,Rockets,201166,Aaron,Brooks,17830.0,23270.0,0.0,-10.0,0.15
21300412,1610612745,Houston,Rockets,201166,Aaron,Brooks,25260.0,28800.0,8.0,6.0,0.333
21300412,1610612745,Houston,Rockets,201956,Omri,Casspi,3860.0,9850.0,3.0,-1.0,0.143
21300412,1610612745,Houston,Rockets,201956,Omri,Casspi,17910.0,23270.0,0.0,-10.0,0.05
21300412,1610612745,Houston,Rockets,202391,Jeremy,Lin,0.0,3860.0,5.0,2.0,0.333
21300412,1610612745,Houston,Rockets,202391,Jeremy,Lin,7200.0,13040.0,5.0,3.0,0.261
21300412,1610612745,Houston,Rockets,202391,Jeremy,Lin,14400.0,17830.0,3.0,-10.0,0.231
21300412,1610612745,Houston,Rockets,202391,Jeremy,Lin,19820.0,28800.0,7.0,1.0,0.2
21300412,1610612745,Houston,Rockets,202718,Chandler,Parsons,0.0,7200.0,9.0,6.0,0.304
21300412,1610612745,Houston,Rockets,202718,Chandler,Parsons,9850.0,28800.0,12.0,-8.0,0.203
21300412,1610612745,Houston,Rockets,203093,Terrence,Jones,0.0,3860.0,0.0,2.0,0.083
21300412,1610612745,Houston,Rockets,203093,Terrence,Jones,7200.0,17910.0,4.0,-9.0,0.095
21300412,1610612745,Houston,Rockets,203093,Terrence,Jones,21600.0,25260.0,6.0,-5.0,0.25
21300172,1610612745,Houston,Rockets,2730,Dwight,Howard,0.0,5970.0,7.0,9.0,0.2
21300172,1610612745,Houston,Rockets,2730,Dwight,Howard,9840.0,20120.0,20.0,3.0,0.289
21300172,1610612745,Houston,Rockets,2730,Dwight,Howard,23230.0,28733.0,6.0,-11.0,0.4
21300172,1610612745,Houston,Rockets,101128,Francisco,Garcia,5970.0,9060.0,0.0,-3.0,0.273
21300172,1610612745,Houston,Rockets,101128,Francisco,Garcia,20230.0,23230.0,3.0,-5.0,0.2
21300172,1610612745,Houston,Rockets,201600,Omer,Asik,5970.0,9840.0,1.0,0.0,0.067
21300172,1610612745,Houston,Rockets,201600,Omer,Asik,20120.0,23230.0,0.0,-4.0,0.091
21300172,1610612745,Houston,Rockets,201935,James,Harden,0.0,7200.0,9.0,11.0,0.208
21300172,1610612745,Houston,Rockets,201935,James,Harden,9840.0,22610.0,8.0,3.0,0.178
21300172,1610612745,Houston,Rockets,201935,James,Harden,23230.0,28800.0,6.0,-11.0,0.318
21300172,1610612745,Houston,Rockets,201956,Omri,Casspi,4850.0,9060.0,9.0,0.0,0.333
21300172,1610612745,Houston,Rockets,201956,Omri,Casspi,18320.0,23230.0,2.0,-4.0,0.056
21300172,1610612745,Houston,Rockets,201956,Omri,Casspi,28733.0,28800.0,0.0,0.0,0.0
21300172,1610612745,Houston,Rockets,201976,Patrick,Beverley,0.0,4850.0,0.0,6.0,0.118
21300172,1610612745,Houston,Rockets,201976,Patrick,Beverley,7200.0,13090.0,3.0,-3.0,0.143
21300172,1610612745,Houston,Rockets,201976,Patrick,Beverley,14400.0,19440.0,3.0,11.0,0.158
21300172,1610612745,Houston,Rockets,201976,Patrick,Beverley,22610.0,28800.0,3.0,-15.0,0.125
21300172,1610612745,Houston,Rockets,202391,Jeremy,Lin,4850.0,9840.0,0.0,3.0,0.053
21300172,1610612745,Houston,Rockets,202391,Jeremy,Lin,13090.0,14400.0,0.0,-1.0,0.167
21300172,1610612745,Houston,Rockets,202391,Jeremy,Lin,19440.0,23230.0,1.0,-10.0,0.308
21300172,1610612745,Houston,Rockets,202391,Jeremy,Lin,28716.0,28733.0,0.0,-2.0,0.0
21300172,1610612745,Houston,Rockets,202391,Jeremy,Lin,28733.0,28800.0,0.0,-2.0,0.0
21300172,1610612745,Houston,Rockets,202718,Chandler,Parsons,0.0,5970.0,8.0,9.0,0.2
21300172,1610612745,Houston,Rockets,202718,Chandler,Parsons,9060.0,20230.0,13.0,7.0,0.19
21300172,1610612745,Houston,Rockets,202718,Chandler,Parsons,23230.0,28800.0,0.0,-11.0,0.045
21300172,1610612745,Houston,Rockets,203093,Terrence,Jones,0.0,4850.0,9.0,6.0,0.353
21300172,1610612745,Houston,Rockets,203093,Terrence,Jones,9060.0,18320.0,5.0,6.0,0.176
21300172,1610612745,Houston,Rockets,203093,Terrence,Jones,23230.0,28716.0,4.0,-9.0,0.15
21300172,1610612745,Houston,Rockets,203093,Terrence,Jones,28733.0,28733.0,0.0,0.0,0.0
21300025,1610612745,Houston,Rockets,2730,Dwight,Howard,0.0,6200.0,6.0,12.0,0.226
21300025,1610612745,Houston,Rockets,2730,Dwight,Howard,10220.0,19410.0,5.0,-10.0,0.206
21300025,1610612745,Houston,Rockets,2730,Dwight,Howard,22770.0,26420.0,2.0,2.0,0.385
21300025,1610612745,Houston,Rockets,101128,Francisco,Garcia,4430.0,10870.0,0.0,14.0,0.077
21300025,1610612745,Houston,Rockets,101128,Francisco,Garcia,12980.0,14400.0,3.0,-5.0,0.4
21300025,1610612745,Houston,Rockets,101128,Francisco,Garcia,19410.0,26420.0,5.0,9.0,0.107
21300025,1610612745,Houston,Rockets,200758,Ronnie,Brewer,10870.0,12980.0,0.0,-6.0,0.0
21300025,1610612745,Houston,Rockets,200758,Ronnie,Brewer,26420.0,28800.0,0.0,-9.0,0.0
21300025,1610612745,Houston,Rockets,201166,Aaron,Brooks,4430.0,8740.0,8.0,7.0,0.222
21300025,1610612745,Houston,Rockets,201166,Aaron,Brooks,12020.0,14400.0,0.0,-7.0,0.25
21300025,1610612745,Houston,Rockets,201166,Aaron,Brooks,19410.0,24110.0,0.0,0.0,0.105
21300025,1610612745,Houston,Rockets,201166,Aaron,Brooks,26420.0,28800.0,5.0,-9.0,0.25
21300025,1610612745,Houston,Rockets,201600,Omer,Asik,0.0,510.0,0.0,-1.0,0.5
21300025,1610612745,Houston,Rockets,201600,Omer,Asik,6200.0,10220.0,4.0,6.0,0.267
21300025,1610612745,Houston,Rockets,201600,Omer,Asik,14400.0,16190.0,0.0,-2.0,0.0
21300025,1610612745,Houston,Rockets,201600,Omer,Asik,19810.0,22770.0,2.0,9.0,0.231
21300025,1610612745,Houston,Rockets,201935,James,Harden,0.0,6664.0,12.0,13.0,0.242
21300025,1610612745,Houston,Rockets,201935,James,Harden,8740.0,23240.0,19.0,-2.0,0.25
21300025,1610612745,Houston,Rockets,201935,James,Harden,24110.0,26420.0,3.0,9.0,0.222
21300025,1610612745,Houston,Rockets,201956,Omri,Casspi,510.0,6200.0,8.0,13.0,0.172
21300025,1610612745,Houston,Rockets,201956,Omri,Casspi,16190.0,23240.0,4.0,4.0,0.161
21300025,1610612745,Houston,Rockets,202391,Jeremy,Lin,0.0,4430.0,2.0,8.0,0.217
21300025,1610612745,Houston,Rockets,202391,Jeremy,Lin,6664.0,12020.0,7.0,5.0,0.35
21300025,1610612745,Houston,Rockets,202391,Jeremy,Lin,14400.0,19410.0,2.0,-3.0,0.2
21300025,1610612745,Houston,Rockets,202391,Jeremy,Lin,23240.0,26420.0,3.0,4.0,0.167
21300025,1610612745,Houston,Rockets,202700,Donatas,Motiejunas,26420.0,28800.0,1.0,-9.0,0.167
21300025,1610612745,Houston,Rockets,202718,Chandler,Parsons,0.0,4430.0,2.0,8.0,0.13
21300025,1610612745,Houston,Rockets,202718,Chandler,Parsons,6200.0,19810.0,4.0,-6.0,0.173
21300025,1610612745,Houston,Rockets,202718,Chandler,Parsons,23240.0,26420.0,3.0,4.0,0.167
21300025,1610612745,Houston,Rockets,202962,Greg,Smith,26420.0,28800.0,0.0,-9.0,0.167
21300025,1610612745,Houston,Rockets,203093,Terrence,Jones,26420.0,28800.0,3.0,-9.0,0.25
21300681,1610612745,Houston,Rockets,2730,Dwight,Howard,0.0,6080.0,5.0,-4.0,0.304
21300681,1610612745,Houston,Rockets,2730,Dwight,Howard,10410.0,21600.0,9.0,2.0,0.163
21300681,1610612745,Houston,Rockets,2730,Dwight,Howard,24380.0,28578.0,7.0,-1.0,0.294
21300681,1610612745,Houston,Rockets,200758,Ronnie,Brewer,14373.0,14400.0,0.0,0.0,0.0
21300681,1610612745,Houston,Rockets,201166,Aaron,Brooks,6080.0,10410.0,3.0,8.0,0.235
21300681,1610612745,Houston,Rockets,201166,Aaron,Brooks,11150.0,14400.0,3.0,0.0,0.091
21300681,1610612745,Houston,Rockets,201166,Aaron,Brooks,18950.0,24830.0,5.0,4.0,0.2
21300681,1610612745,Houston,Rockets,201166,Aaron,Brooks,28578.0,28601.0,0.0,0.0,1.0
21300681,1610612745,Houston,Rockets,201956,Omri,Casspi,6080.0,10410.0,0.0,8.0,0.0
21300681,1610612745,Houston,Rockets,201956,Omri,Casspi,21600.0,24380.0,2.0,-3.0,0.375
21300681,1610612745,Houston,Rockets,201956,Omri,Casspi,28578.0,28800.0,0.0,0.0,0.0
21300681,1610612745,Houston,Rockets,201976,Patrick,Beverley,0.0,6080.0,3.0,-4.0,0.13
21300681,1610612745,Houston,Rockets,201976,Patrick,Beverley,7200.0,11150.0,0.0,4.0,0.2
21300681,1610612745,Houston,Rockets,201976,Patrick,Beverley,14400.0,18950.0,2.0,-5.0,0.105
21300681,1610612745,Houston,Rockets,201976,Patrick,Beverley,21600.0,28800.0,6.0,-4.0,0.222
21300681,1610612745,Houston,Rockets,202391,Jeremy,Lin,0.0,7200.0,10.0,2.0,0.286
21300681,1610612745,Houston,Rockets,202391,Jeremy,Lin,10410.0,14373.0,2.0,2.0,0.154
21300681,1610612745,Houston,Rockets,202391,Jeremy,Lin,14400.0,21600.0,0.0,0.0,0.069
21300681,1610612745,Houston,Rockets,202391,Jeremy,Lin,24830.0,28800.0,6.0,-3.0,0.235
21300681,1610612745,Houston,Rockets,202700,Donatas,Motiejunas,5210.0,10410.0,6.0,3.0,0.19
21300681,1610612745,Houston,Rockets,202700,Donatas,Motiejunas,18520.0,28578.0,6.0,2.0,0.108
21300681,1610612745,Houston,Rockets,202700,Donatas,Motiejunas,28601.0,28800.0,0.0,0.0,0.0
21300681,1610612745,Houston,Rockets,202718,Chandler,Parsons,0.0,7200.0,9.0,2.0,0.214
21300681,1610612745,Houston,Rockets,202718,Chandler,Parsons,10410.0,21600.0,15.0,2.0,0.326
21300681,1610612745,Houston,Rockets,202718,Chandler,Parsons,24000.0,28800.0,2.0,-3.0,0.15
21300681,1610612745,Houston,Rockets,203093,Terrence,Jones,0.0,5210.0,4.0,1.0,0.158
21300681,1610612745,Houston,Rockets,203093,Terrence,Jones,7200.0,18520.0,10.0,-2.0,0.227
21300681,1610612745,Houston,Rockets,203093,Terrence,Jones,21600.0,24000.0,2.0,-1.0,0.143
21300141,1610612745,Houston,Rockets,2730,Dwight,Howard,0.0,5440.0,7.0,14.0,0.286
21300141,1610612745,Houston,Rockets,2730,Dwight,Howard,9470.0,12630.0,0.0,6.0,0.182
21300141,1610612745,Houston,Rockets,2730,Dwight,Howard,14400.0,16400.0,0.0,-8.0,0.167
21300141,1610612745,Houston,Rockets,2730,Dwight,Howard,21600.0,28140.0,18.0,0.0,0.375
21300141,1610612745,Houston,Rockets,101128,Francisco,Garcia,5440.0,9960.0,0.0,3.0,0.0
21300141,1610612745,Houston,Rockets,101128,Francisco,Garcia,20470.0,24310.0,0.0,-1.0,0.188
21300141,1610612745,Houston,Rockets,200758,Ronnie,Brewer,28202.0,28800.0,0.0,-3.0,0.0
21300141,1610612745,Houston,Rockets,201166,Aaron,Brooks,28202.0,28800.0,0.0,-3.0,0.0
21300141,1610612745,Houston,Rockets,201935,James,Harden,0.0,7200.0,6.0,10.0,0.276
21300141,1610612745,Houston,Rockets,201935,James,Harden,9960.0,20800.0,6.0,-1.0,0.227
21300141,1610612745,Houston,Rockets,201935,James,Harden,24830.0,28202.0,5.0,2.0,0.167
21300141,1610612745,Houston,Rockets,201956,Omri,Casspi,4300.0,9470.0,2.0,5.0,0.2
21300141,1610612745,Houston,Rockets,201956,Omri,Casspi,16400.0,21600.0,5.0,6.0,0.2
21300141,1610612745,Houston,Rockets,201956,Omri,Casspi,28140.0,28800.0,0.0,-4.0,0.5
21300141,1610612745,Houston,Rockets,201976,Patrick,Beverley,0.0,4300.0,2.0,12.0,0.059
21300141,1610612745,Houston,Rockets,201976,Patrick,Beverley,7200.0,9960.0,3.0,7.0,0.111
21300141,1610612745,Houston,Rockets,201976,Patrick,Beverley,14400.0,18870.0,6.0,2.0,0.176
21300141,1610612745,Houston,Rockets,201976,Patrick,Beverley,20800.0,24830.0,0.0,-4.0,0.118
21300141,1610612745,Houston,Rockets,201976,Patrick,Beverley,28140.0,28800.0,0.0,-4.0,0.0
21300141,1610612745,Houston,Rockets,202391,Jeremy,Lin,4300.0,14400.0,9.0,5.0,0.222
21300141,1610612745,Houston,Rockets,202391,Jeremy,Lin,18870.0,28202.0,7.0,-5.0,0.152
21300141,1610612745,Houston,Rockets,202700,Donatas,Motiejunas,5440.0,11250.0,9.0,6.0,0.25
21300141,1610612745,Houston,Rockets,202700,Donatas,Motiejunas,12630.0,14400.0,2.0,-6.0,0.167
21300141,1610612745,Houston,Rockets,202700,Donatas,Motiejunas,19240.0,21377.0,1.0,-6.0,0.111
21300141,1610612745,Houston,Rockets,202718,Chandler,Parsons,0.0,5440.0,12.0,14.0,0.286
21300141,1610612745,Houston,Rockets,202718,Chandler,Parsons,9960.0,20470.0,6.0,1.0,0.167
21300141,1610612745,Houston,Rockets,202718,Chandler,Parsons,24310.0,28800.0,2.0,-6.0,0.136
21300141,1610612745,Houston,Rockets,203093,Terrence,Jones,0.0,4300.0,3.0,12.0,0.176
21300141,1610612745,Houston,Rockets,203093,Terrence,Jones,11250.0,19240.0,9.0,1.0,0.273
21300141,1610612745,Houston,Rockets,203093,Terrence,Jones,21377.0,28140.0,2.0,0.0,0.121
21301171,1610612745,Houston,Rockets,101128,Francisco,Garcia,1910.0,7200.0,2.0,-8.0,0.087
21301171,1610612745,Houston,Rockets,201600,Omer,Asik,0.0,2750.0,2.0,-4.0,0.154
21301171,1610612745,Houston,Rockets,201600,Omer,Asik,8430.0,20230.0,10.0,3.0,0.18
21301171,1610612745,Houston,Rockets,201935,James,Harden,0.0,5070.0,2.0,-18.0,0.125
21301171,1610612745,Houston,Rockets,201935,James,Harden,8430.0,16940.0,8.0,6.0,0.229
21301171,1610612745,Houston,Rockets,201935,James,Harden,19720.0,21600.0,0.0,-7.0,0.375
21301171,1610612745,Houston,Rockets,201956,Omri,Casspi,3410.0,8430.0,2.0,-5.0,0.19
21301171,1610612745,Houston,Rockets,201956,Omri,Casspi,20230.0,22150.0,0.0,-12.0,0.0
21301171,1610612745,Houston,Rockets,202391,Jeremy,Lin,0.0,3410.0,0.0,-8.0,0.176
21301171,1610612745,Houston,Rockets,202391,Jeremy,Lin,7200.0,16920.0,18.0,5.0,0.231
21301171,1610612745,Houston,Rockets,202391,Jeremy,Lin,16940.0,17370.0,0.0,0.0,0.5
21301171,1610612745,Houston,Rockets,202391,Jeremy,Lin,21600.0,22150.0,0.0,-5.0,0.333
21301171,1610612745,Houston,Rockets,202700,Donatas,Motiejunas,2750.0,8430.0,5.0,-9.0,0.28
21301171,1610612745,Houston,Rockets,202700,Donatas,Motiejunas,12500.0,14400.0,0.0,3.0,0.0
21301171,1610612745,Houston,Rockets,202700,Donatas,Motiejunas,18480.0,28800.0,6.0,0.0,0.119
21301171,1610612745,Houston,Rockets,202706,Jordan,Hamilton,5070.0,10570.0,5.0,7.0,0.227
21301171,1610612745,Houston,Rockets,202706,Jordan,Hamilton,13790.0,14400.0,0.0,0.0,0.0
21301171,1610612745,Houston,Rockets,202706,Jordan,Hamilton,16940.0,28800.0,6.0,0.0,0.125
21301171,1610612745,Houston,Rockets,202718,Chandler,Parsons,0.0,1910.0,0.0,-4.0,0.3
21301171,1610612745,Houston,Rockets,202718,Chandler,Parsons,9450.0,13790.0,5.0,1.0,0.211
21301171,1610612745,Houston,Rockets,202718,Chandler,Parsons,14400.0,21147.0,11.0,-3.0,0.296
21301171,1610612745,Houston,Rockets,202718,Chandler,Parsons,21600.0,22150.0,0.0,-5.0,0.667
21301171,1610612745,Houston,Rockets,203093,Terrence,Jones,0.0,3410.0,4.0,-8.0,0.235
21301171,1610612745,Houston,Rockets,203093,Terrence,Jones,8430.0,9450.0,0.0,2.0,0.0
21301171,1610612745,Houston,Rockets,203093,Terrence,Jones,10570.0,12500.0,2.0,-2.0,0.111
21301171,1610612745,Houston,Rockets,203093,Terrence,Jones,14400.0,18480.0,5.0,3.0,0.188
21301171,1610612745,Houston,Rockets,203477,Isaiah,Canaan,3410.0,8430.0,1.0,-5.0,0.333
21301171,1610612745,Houston,Rockets,203477,Isaiah,Canaan,16920.0,16940.0,0.0,0.0,0.0
21301171,1610612745,Houston,Rockets,203477,Isaiah,Canaan,17370.0,19720.0,3.0,-3.0,0.182
21301171,1610612745,Houston,Rockets,203477,Isaiah,Canaan,21147.0,21600.0,0.0,-4.0,0.333
21301171,1610612745,Houston,Rockets,203477,Isaiah,Canaan,22150.0,28800.0,2.0,15.0,0.208
21301171,1610612745,Houston,Rockets,203496,Robert,Covington,22150.0,28800.0,5.0,15.0,0.167
21301171,1610612745,Houston,Rockets,203584,Troy,Daniels,22150.0,28800.0,12.0,15.0,0.292
21301153,1610612745,Houston,Rockets,101128,Francisco,Garcia,4890.0,10410.0,4.0,8.0,0.217
21301153,1610612745,Houston,Rockets,101128,Francisco,Garcia,18150.0,31800.0,7.0,-5.0,0.135
21301153,1610612745,Houston,Rockets,201600,Omer,Asik,0.0,4890.0,3.0,-4.0,0.208
21301153,1610612745,Houston,Rockets,201600,Omer,Asik,7200.0,12650.0,9.0,15.0,0.217
21301153,1610612745,Houston,Rockets,201600,Omer,Asik,12980.0,20990.0,4.0,-10.0,0.147
21301153,1610612745,Houston,Rockets,201600,Omer,Asik,24260.0,31800.0,2.0,10.0,0.1
21301153,1610612745,Houston,Rockets,201935,James,Harden,0.0,7200.0,2.0,-5.0,0.147
21301153,1610612745,Houston,Rockets,201935,James,Harden,10410.0,21600.0,15.0,-4.0,0.292
21301153,1610612745,Houston,Rockets,201935,James,Harden,24260.0,31800.0,15.0,10.0,0.467
21301153,1610612745,Houston,Rockets,201956,Omri,Casspi,5790.0,10790.0,6.0,12.0,0.136
21301153,1610612745,Houston,Rockets,201956,Omri,Casspi,22540.0,24260.0,0.0,-3.0,0.167
21301153,1610612745,Houston,Rockets,202391,Jeremy,Lin,0.0,4890.0,2.0,-4.0,0.167
21301153,1610612745,Houston,Rockets,202391,Jeremy,Lin,10790.0,19000.0,13.0,3.0,0.257
21301153,1610612745,Houston,Rockets,202391,Jeremy,Lin,24260.0,31800.0,4.0,10.0,0.133
21301153,1610612745,Houston,Rockets,202700,Donatas,Motiejunas,4890.0,7200.0,0.0,-1.0,0.3
21301153,1610612745,Houston,Rockets,202700,Donatas,Motiejunas,12650.0,14400.0,0.0,7.0,0.0
21301153,1610612745,Houston,Rockets,202700,Donatas,Motiejunas,19130.0,24960.0,0.0,-15.0,0.045
21301153,1610612745,Houston,Rockets,202718,Chandler,Parsons,0.0,4890.0,1.0,-4.0,0.167
21301153,1610612745,Houston,Rockets,202718,Chandler,Parsons,7200.0,18150.0,3.0,15.0,0.106
21301153,1610612745,Houston,Rockets,202718,Chandler,Parsons,21600.0,24260.0,0.0,-5.0,0.1
21301153,1610612745,Houston,Rockets,202718,Chandler,Parsons,24960.0,31800.0,11.0,16.0,0.222
21301153,1610612745,Houston,Rockets,203093,Terrence,Jones,0.0,5790.0,6.0,-9.0,0.259
21301153,1610612745,Houston,Rockets,203093,Terrence,Jones,10790.0,12980.0,4.0,6.0,0.375
21301153,1610612745,Houston,Rockets,203093,Terrence,Jones,14400.0,19130.0,2.0,-13.0,0.25
21301153,1610612745,Houston,Rockets,203093,Terrence,Jones,20990.0,22540.0,2.0,-1.0,0.429
21301153,1610612745,Houston,Rockets,203477,Isaiah,Canaan,4890.0,10790.0,10.0,7.0,0.2
21301153,1610612745,Houston,Rockets,203477,Isaiah,Canaan,19000.0,24260.0,5.0,-11.0,0.2
21300814,1610612745,Houston,Rockets,2730,Dwight,Howard,0.0,3660.0,2.0,-1.0,0.182
21300814,1610612745,Houston,Rockets,2730,Dwight,Howard,8580.0,14303.0,1.0,-7.0,0.346
21300814,1610612745,Houston,Rockets,2730,Dwight,Howard,14400.0,18590.0,0.0,-3.0,0.2
21300814,1610612745,Houston,Rockets,2730,Dwight,Howard,22620.0,31800.0,8.0,1.0,0.139
21300814,1610612745,Houston,Rockets,201600,Omer,Asik,3660.0,8580.0,4.0,4.0,0.167
21300814,1610612745,Houston,Rockets,201600,Omer,Asik,14303.0,14400.0,0.0,0.0,0.0
21300814,1610612745,Houston,Rockets,201600,Omer,Asik,18590.0,22620.0,2.0,3.0,0.118
21300814,1610612745,Houston,Rockets,201935,James,Harden,0.0,7200.0,5.0,4.0,0.241
21300814,1610612745,Houston,Rockets,201935,James,Harden,9960.0,12620.0,0.0,-5.0,0.125
21300814,1610612745,Houston,Rockets,201935,James,Harden,14400.0,31800.0,34.0,1.0,0.368
21300814,1610612745,Houston,Rockets,201956,Omri,Casspi,5780.0,9960.0,3.0,-5.0,0.091
21300814,1610612745,Houston,Rockets,201956,Omri,Casspi,14303.0,14400.0,0.0,0.0,0.0
21300814,1610612745,Houston,Rockets,201956,Omri,Casspi,20140.0,26230.0,0.0,2.0,0.13
21300814,1610612745,Houston,Rockets,201956,Omri,Casspi,30900.0,31800.0,0.0,0.0,0.2
21300814,1610612745,Houston,Rockets,201976,Patrick,Beverley,0.0,4460.0,2.0,-1.0,0.167
21300814,1610612745,Houston,Rockets,201976,Patrick,Beverley,9960.0,22620.0,0.0,-5.0,0.061
21300814,1610612745,Houston,Rockets,201976,Patrick,Beverley,25730.0,30900.0,0.0,-2.0,0.05
21300814,1610612745,Houston,Rockets,202391,Jeremy,Lin,4460.0,9960.0,5.0,2.0,0.185
21300814,1610612745,Houston,Rockets,202391,Jeremy,Lin,12620.0,14303.0,0.0,0.0,0.0
21300814,1610612745,Houston,Rockets,202391,Jeremy,Lin,18130.0,25730.0,4.0,8.0,0.161
21300814,1610612745,Houston,Rockets,202391,Jeremy,Lin,26230.0,31800.0,0.0,-2.0,0.045
21300814,1610612745,Houston,Rockets,202700,Donatas,Motiejunas,5180.0,9470.0,2.0,2.0,0.143
21300814,1610612745,Houston,Rockets,202700,Donatas,Motiejunas,11420.0,14400.0,3.0,1.0,0.154
21300814,1610612745,Houston,Rockets,202718,Chandler,Parsons,0.0,5780.0,8.0,6.0,0.273
21300814,1610612745,Houston,Rockets,202718,Chandler,Parsons,7200.0,20140.0,8.0,-7.0,0.236
21300814,1610612745,Houston,Rockets,202718,Chandler,Parsons,22620.0,31800.0,5.0,1.0,0.25
21300814,1610612745,Houston,Rockets,203093,Terrence,Jones,0.0,5180.0,2.0,1.0,0.2
21300814,1610612745,Houston,Rockets,203093,Terrence,Jones,9470.0,11420.0,0.0,-8.0,0.429
21300814,1610612745,Houston,Rockets,203093,Terrence,Jones,14400.0,18130.0,1.0,-5.0,0.143
21300285,1610612745,Houston,Rockets,2730,Dwight,Howard,0.0,6857.0,9.0,17.0,0.25
21300285,1610612745,Houston,Rockets,2730,Dwight,Howard,9880.0,21042.0,11.0,6.0,0.208
21300285,1610612745,Houston,Rockets,2730,Dwight,Howard,24010.0,27130.0,2.0,-1.0,0.308
21300285,1610612745,Houston,Rockets,101128,Francisco,Garcia,5080.0,9280.0,0.0,5.0,0.059
21300285,1610612745,Houston,Rockets,101128,Francisco,Garcia,20660.0,25360.0,0.0,-1.0,0.1
21300285,1610612745,Houston,Rockets,101128,Francisco,Garcia,27130.0,28800.0,0.0,5.0,0.167
21300285,1610612745,Houston,Rockets,200758,Ronnie,Brewer,27130.0,28800.0,0.0,5.0,0.0
21300285,1610612745,Houston,Rockets,201166,Aaron,Brooks,5080.0,8120.0,2.0,6.0,0.308
21300285,1610612745,Houston,Rockets,201166,Aaron,Brooks,13100.0,14400.0,0.0,1.0,0.0
21300285,1610612745,Houston,Rockets,201166,Aaron,Brooks,17380.0,21600.0,3.0,-4.0,0.176
21300285,1610612745,Houston,Rockets,201166,Aaron,Brooks,27130.0,28800.0,3.0,5.0,0.167
21300285,1610612745,Houston,Rockets,201935,James,Harden,0.0,7200.0,6.0,19.0,0.192
21300285,1610612745,Houston,Rockets,201935,James,Harden,9280.0,21193.0,21.0,8.0,0.346
21300285,1610612745,Houston,Rockets,201935,James,Harden,22460.0,27130.0,7.0,-2.0,0.368
21300285,1610612745,Houston,Rockets,201956,Omri,Casspi,5230.0,8120.0,0.0,3.0,0.091
21300285,1610612745,Houston,Rockets,201956,Omri,Casspi,13100.0,14400.0,0.0,1.0,0.0
21300285,1610612745,Houston,Rockets,201956,Omri,Casspi,19710.0,24010.0,0.0,-6.0,0.222
21300285,1610612745,Houston,Rockets,201956,Omri,Casspi,27130.0,28800.0,2.0,5.0,0.167
21300285,1610612745,Houston,Rockets,201976,Patrick,Beverley,0.0,5080.0,0.0,10.0,0.053
21300285,1610612745,Houston,Rockets,201976,Patrick,Beverley,8120.0,14131.0,6.0,6.0,0.276
21300285,1610612745,Houston,Rockets,201976,Patrick,Beverley,14400.0,17380.0,0.0,1.0,0.091
21300285,1610612745,Houston,Rockets,201976,Patrick,Beverley,21600.0,27130.0,0.0,-4.0,0.045
21300285,1610612745,Houston,Rockets,202700,Donatas,Motiejunas,6857.0,9880.0,5.0,0.0,0.286
21300285,1610612745,Houston,Rockets,202700,Donatas,Motiejunas,21042.0,24010.0,2.0,-5.0,0.25
21300285,1610612745,Houston,Rockets,202700,Donatas,Motiejunas,27130.0,28800.0,2.0,5.0,0.333
21300285,1610612745,Houston,Rockets,202718,Chandler,Parsons,0.0,5080.0,3.0,10.0,0.211
21300285,1610612745,Houston,Rockets,202718,Chandler,Parsons,7200.0,13100.0,2.0,4.0,0.154
21300285,1610612745,Houston,Rockets,202718,Chandler,Parsons,14131.0,20660.0,3.0,-1.0,0.2
21300285,1610612745,Houston,Rockets,202718,Chandler,Parsons,21193.0,22460.0,0.0,-4.0,0.0
21300285,1610612745,Houston,Rockets,202718,Chandler,Parsons,25360.0,27130.0,0.0,-3.0,0.286
21300285,1610612745,Houston,Rockets,203093,Terrence,Jones,0.0,5230.0,11.0,13.0,0.35
21300285,1610612745,Houston,Rockets,203093,Terrence,Jones,8120.0,13100.0,1.0,7.0,0.095
21300285,1610612745,Houston,Rockets,203093,Terrence,Jones,14400.0,19710.0,4.0,0.0,0.158
21300285,1610612745,Houston,Rockets,203093,Terrence,Jones,24010.0,27130.0,0.0,-1.0,0.077
21300341,1610612745,Houston,Rockets,2730,Dwight,Howard,0.0,7200.0,6.0,1.0,0.179
21300341,1610612745,Houston,Rockets,2730,Dwight,Howard,9320.0,16930.0,7.0,-3.0,0.207
21300341,1610612745,Houston,Rockets,2730,Dwight,Howard,21600.0,22850.0,0.0,-6.0,0.25
21300341,1610612745,Houston,Rockets,2730,Dwight,Howard,26200.0,28381.0,3.0,5.0,0.111
21300341,1610612745,Houston,Rockets,2730,Dwight,Howard,28388.0,28688.0,2.0,-1.0,0.333
21300341,1610612745,Houston,Rockets,101128,Francisco,Garcia,5230.0,10570.0,0.0,-1.0,0.0
21300341,1610612745,Houston,Rockets,101128,Francisco,Garcia,17700.0,23140.0,6.0,-4.0,0.25
21300341,1610612745,Houston,Rockets,101128,Francisco,Garcia,28381.0,28388.0,0.0,2.0,0.0
21300341,1610612745,Houston,Rockets,101128,Francisco,Garcia,28688.0,28800.0,0.0,-2.0,0.0
21300341,1610612745,Houston,Rockets,201935,James,Harden,0.0,5230.0,2.0,6.0,0.286
21300341,1610612745,Houston,Rockets,201935,James,Harden,7135.0,21600.0,14.0,10.0,0.296
21300341,1610612745,Houston,Rockets,201935,James,Harden,23140.0,28800.0,10.0,3.0,0.208
21300341,1610612745,Houston,Rockets,201956,Omri,Casspi,4130.0,7135.0,2.0,-5.0,0.273
21300341,1610612745,Houston,Rockets,201956,Omri,Casspi,7200.0,9320.0,3.0,7.0,0.143
21300341,1610612745,Houston,Rockets,201956,Omri,Casspi,16930.0,23450.0,5.0,-4.0,0.261
21300341,1610612745,Houston,Rockets,201956,Omri,Casspi,26200.0,27090.0,0.0,2.0,0.25
21300341,1610612745,Houston,Rockets,201976,Patrick,Beverley,0.0,4130.0,2.0,4.0,0.063
21300341,1610612745,Houston,Rockets,201976,Patrick,Beverley,10570.0,19300.0,5.0,2.0,0.114
21300341,1610612745,Houston,Rockets,201976,Patrick,Beverley,23140.0,28453.0,9.0,5.0,0.211
21300341,1610612745,Houston,Rockets,202391,Jeremy,Lin,4130.0,10570.0,5.0,1.0,0.227
21300341,1610612745,Houston,Rockets,202391,Jeremy,Lin,12660.0,14400.0,0.0,-4.0,0.143
21300341,1610612745,Houston,Rockets,202391,Jeremy,Lin,19300.0,23140.0,0.0,-6.0,0.154
21300341,1610612745,Houston,Rockets,202391,Jeremy,Lin,28453.0,28800.0,3.0,-2.0,0.4
21300341,1610612745,Houston,Rockets,202700,Donatas,Motiejunas,11800.0,14400.0,1.0,-6.0,0.182
21300341,1610612745,Houston,Rockets,202700,Donatas,Motiejunas,23450.0,26200.0,1.0,-1.0,0.375
21300341,1610612745,Houston,Rockets,202718,Chandler,Parsons,0.0,7200.0,8.0,1.0,0.179
21300341,1610612745,Houston,Rockets,202718,Chandler,Parsons,10570.0,12660.0,6.0,6.0,0.333
21300341,1610612745,Houston,Rockets,202718,Chandler,Parsons,14400.0,17700.0,5.0,-2.0,0.5
21300341,1610612745,Houston,Rockets,202718,Chandler,Parsons,21600.0,28800.0,4.0,-5.0,0.107
21300341,1610612745,Houston,Rockets,203093,Terrence,Jones,0.0,4130.0,3.0,4.0,0.25
21300341,1610612745,Houston,Rockets,203093,Terrence,Jones,7200.0,11800.0,0.0,12.0,0.063
21300341,1610612745,Houston,Rockets,203093,Terrence,Jones,14400.0,21600.0,2.0,2.0,0.074
21300341,1610612745,Houston,Rockets,203093,Terrence,Jones,22850.0,26200.0,0.0,-3.0,0.111
21300341,1610612745,Houston,Rockets,203093,Terrence,Jones,27090.0,28800.0,2.0,2.0,0.182
21300123,1610612745,Houston,Rockets,2730,Dwight,Howard,0.0,5740.0,2.0,2.0,0.091
21300123,1610612745,Houston,Rockets,2730,Dwight,Howard,9650.0,21327.0,3.0,-6.0,0.227
21300123,1610612745,Houston,Rockets,2730,Dwight,Howard,24810.0,26840.0,0.0,4.0,0.143
21300123,1610612745,Houston,Rockets,2730,Dwight,Howard,27810.0,28750.0,2.0,-1.0,0.2
21300123,1610612745,Houston,Rockets,2730,Dwight,Howard,28771.0,28800.0,0.0,0.0,0.0
21300123,1610612745,Houston,Rockets,101128,Francisco,Garcia,5740.0,12380.0,8.0,8.0,0.261
21300123,1610612745,Houston,Rockets,101128,Francisco,Garcia,21600.0,24810.0,0.0,0.0,0.0
21300123,1610612745,Houston,Rockets,200758,Ronnie,Brewer,8980.0,10580.0,0.0,-2.0,0.0
21300123,1610612745,Houston,Rockets,200758,Ronnie,Brewer,14268.0,14400.0,0.0,-2.0,0.0
21300123,1610612745,Houston,Rockets,201166,Aaron,Brooks,28750.0,28771.0,0.0,2.0,0.0
21300123,1610612745,Houston,Rockets,201935,James,Harden,0.0,7200.0,11.0,5.0,0.321
21300123,1610612745,Houston,Rockets,201935,James,Harden,9650.0,14268.0,2.0,-6.0,0.313
21300123,1610612745,Houston,Rockets,201935,James,Harden,14400.0,23590.0,11.0,4.0,0.235
21300123,1610612745,Houston,Rockets,201935,James,Harden,24810.0,28800.0,12.0,0.0,0.471
21300123,1610612745,Houston,Rockets,201956,Omri,Casspi,3870.0,8980.0,0.0,14.0,0.053
21300123,1610612745,Houston,Rockets,201956,Omri,Casspi,19810.0,24810.0,4.0,-4.0,0.188
21300123,1610612745,Houston,Rockets,201976,Patrick,Beverley,0.0,3870.0,0.0,-3.0,0.2
21300123,1610612745,Houston,Rockets,201976,Patrick,Beverley,7200.0,18370.0,5.0,3.0,0.098
21300123,1610612745,Houston,Rockets,201976,Patrick,Beverley,26840.0,27810.0,0.0,-5.0,0.25
21300123,1610612745,Houston,Rockets,201976,Patrick,Beverley,28748.0,28750.0,0.0,-2.0,0.0
21300123,1610612745,Houston,Rockets,201976,Patrick,Beverley,28750.0,28771.0,0.0,0.0,0.0
21300123,1610612745,Houston,Rockets,202391,Jeremy,Lin,3870.0,9650.0,10.0,12.0,0.409
21300123,1610612745,Houston,Rockets,202391,Jeremy,Lin,12380.0,14400.0,0.0,-9.0,0.25
21300123,1610612745,Houston,Rockets,202391,Jeremy,Lin,18370.0,28800.0,11.0,-5.0,0.263
21300123,1610612745,Houston,Rockets,202718,Chandler,Parsons,0.0,5740.0,2.0,2.0,0.182
21300123,1610612745,Houston,Rockets,202718,Chandler,Parsons,10580.0,21600.0,16.0,-6.0,0.171
21300123,1610612745,Houston,Rockets,202718,Chandler,Parsons,23590.0,28800.0,4.0,-2.0,0.095
21300123,1610612745,Houston,Rockets,202962,Greg,Smith,5740.0,6140.0,0.0,1.0,0.0
21300123,1610612745,Houston,Rockets,203093,Terrence,Jones,0.0,3870.0,2.0,-3.0,0.133
21300123,1610612745,Houston,Rockets,203093,Terrence,Jones,6140.0,9650.0,0.0,6.0,0.0
21300123,1610612745,Houston,Rockets,203093,Terrence,Jones,14400.0,19810.0,0.0,6.0,0.091
21300123,1610612745,Houston,Rockets,203093,Terrence,Jones,21327.0,28748.0,4.0,0.0,0.077
21300123,1610612745,Houston,Rockets,203093,Terrence,Jones,28750.0,28750.0,0.0,0.0,0.0
21300123,1610612745,Houston,Rockets,203093,Terrence,Jones,28771.0,28800.0,0.0,0.0,0.0
21301019,1610612745,Houston,Rockets,201600,Omer,Asik,0.0,6530.0,0.0,-2.0,0.038
21301019,1610612745,Houston,Rockets,201600,Omer,Asik,12360.0,20620.0,11.0,7.0,0.2
21301019,1610612745,Houston,Rockets,201600,Omer,Asik,25190.0,26890.0,1.0,4.0,0.167
21301019,1610612745,Houston,Rockets,201935,James,Harden,0.0,5030.0,3.0,-1.0,0.333
21301019,1610612745,Houston,Rockets,201935,James,Harden,6530.0,21600.0,20.0,18.0,0.273
21301019,1610612745,Houston,Rockets,201935,James,Harden,25190.0,26890.0,5.0,4.0,0.5
21301019,1610612745,Houston,Rockets,201956,Omri,Casspi,7200.0,12360.0,5.0,13.0,0.211
21301019,1610612745,Houston,Rockets,201956,Omri,Casspi,20620.0,25190.0,2.0,2.0,0.105
21301019,1610612745,Houston,Rockets,201956,Omri,Casspi,26890.0,28800.0,0.0,3.0,0.222
21301019,1610612745,Houston,Rockets,201976,Patrick,Beverley,0.0,6530.0,11.0,-2.0,0.269
21301019,1610612745,Houston,Rockets,201976,Patrick,Beverley,8500.0,12620.0,0.0,15.0,0.133
21301019,1610612745,Houston,Rockets,201976,Patrick,Beverley,14400.0,18880.0,3.0,5.0,0.118
21301019,1610612745,Houston,Rockets,202391,Jeremy,Lin,5030.0,11270.0,4.0,4.0,0.091
21301019,1610612745,Houston,Rockets,202391,Jeremy,Lin,12620.0,14400.0,0.0,5.0,0.143
21301019,1610612745,Houston,Rockets,202391,Jeremy,Lin,18880.0,28800.0,7.0,8.0,0.158
21301019,1610612745,Houston,Rockets,202700,Donatas,Motiejunas,6530.0,12360.0,9.0,9.0,0.227
21301019,1610612745,Houston,Rockets,202700,Donatas,Motiejunas,19160.0,28800.0,11.0,10.0,0.184
21301019,1610612745,Houston,Rockets,202706,Jordan,Hamilton,6530.0,8500.0,0.0,-8.0,0.143
21301019,1610612745,Houston,Rockets,202706,Jordan,Hamilton,19740.0,25190.0,0.0,0.0,0.091
21301019,1610612745,Houston,Rockets,202706,Jordan,Hamilton,26890.0,28800.0,3.0,3.0,0.222
21301019,1610612745,Houston,Rockets,202718,Chandler,Parsons,0.0,6530.0,3.0,-2.0,0.154
21301019,1610612745,Houston,Rockets,202718,Chandler,Parsons,11270.0,19740.0,10.0,13.0,0.226
21301019,1610612745,Houston,Rockets,202718,Chandler,Parsons,21600.0,26890.0,6.0,4.0,0.3
21301019,1610612745,Houston,Rockets,203093,Terrence,Jones,0.0,7200.0,6.0,-6.0,0.207
21301019,1610612745,Houston,Rockets,203093,Terrence,Jones,12360.0,19160.0,4.0,6.0,0.154
21301019,1610612745,Houston,Rockets,203477,Isaiah,Canaan,26890.0,28800.0,5.0,3.0,0.333
21301118,1610612745,Houston,Rockets,101128,Francisco,Garcia,5230.0,8360.0,0.0,-10.0,0.0
21301118,1610612745,Houston,Rockets,101128,Francisco,Garcia,17220.0,24540.0,4.0,7.0,0.097
21301118,1610612745,Houston,Rockets,201600,Omer,Asik,0.0,5230.0,2.0,10.0,0.048
21301118,1610612745,Houston,Rockets,201600,Omer,Asik,8360.0,10820.0,1.0,0.0,0.111
21301118,1610612745,Houston,Rockets,201600,Omer,Asik,12420.0,13860.0,0.0,-2.0,0.0
21301118,1610612745,Houston,Rockets,201600,Omer,Asik,14400.0,18960.0,2.0,-11.0,0.158
21301118,1610612745,Houston,Rockets,201600,Omer,Asik,23190.0,28623.0,4.0,2.0,0.25
21301118,1610612745,Houston,Rockets,201600,Omer,Asik,28674.0,28682.0,0.0,0.0,0.0
21301118,1610612745,Houston,Rockets,201935,James,Harden,0.0,6617.0,4.0,5.0,0.179
21301118,1610612745,Houston,Rockets,201935,James,Harden,8360.0,19340.0,15.0,-20.0,0.279
21301118,1610612745,Houston,Rockets,201935,James,Harden,22630.0,28800.0,7.0,1.0,0.25
21301118,1610612745,Houston,Rockets,201956,Omri,Casspi,6617.0,10240.0,2.0,-2.0,0.083
21301118,1610612745,Houston,Rockets,201956,Omri,Casspi,10820.0,12420.0,0.0,0.0,0.143
21301118,1610612745,Houston,Rockets,201956,Omri,Casspi,12930.0,14400.0,0.0,-3.0,0.0
21301118,1610612745,Houston,Rockets,201956,Omri,Casspi,19880.0,26990.0,6.0,12.0,0.148
21301118,1610612745,Houston,Rockets,201956,Omri,Casspi,28623.0,28674.0,0.0,-1.0,0.0
21301118,1610612745,Houston,Rockets,201956,Omri,Casspi,28682.0,28800.0,0.0,2.0,0.0
21301118,1610612745,Houston,Rockets,202391,Jeremy,Lin,0.0,5230.0,2.0,10.0,0.143
21301118,1610612745,Houston,Rockets,202391,Jeremy,Lin,7200.0,17220.0,3.0,-11.0,0.243
21301118,1610612745,Houston,Rockets,202391,Jeremy,Lin,19340.0,25600.0,8.0,14.0,0.25
21301118,1610612745,Houston,Rockets,202391,Jeremy,Lin,26990.0,28800.0,3.0,2.0,0.3
21301118,1610612745,Houston,Rockets,202700,Donatas,Motiejunas,2750.0,6617.0,7.0,2.0,0.333
21301118,1610612745,Houston,Rockets,202700,Donatas,Motiejunas,10240.0,12930.0,2.0,-5.0,0.231
21301118,1610612745,Houston,Rockets,202700,Donatas,Motiejunas,14400.0,17220.0,2.0,-4.0,0.273
21301118,1610612745,Houston,Rockets,202700,Donatas,Motiejunas,18960.0,23190.0,2.0,9.0,0.111
21301118,1610612745,Houston,Rockets,202706,Jordan,Hamilton,13860.0,14400.0,0.0,-3.0,1.0
21301118,1610612745,Houston,Rockets,202706,Jordan,Hamilton,18510.0,19880.0,0.0,-5.0,0.167
21301118,1610612745,Houston,Rockets,202718,Chandler,Parsons,0.0,5230.0,10.0,10.0,0.381
21301118,1610612745,Houston,Rockets,202718,Chandler,Parsons,6617.0,18510.0,10.0,-18.0,0.244
21301118,1610612745,Houston,Rockets,202718,Chandler,Parsons,24540.0,28800.0,0.0,-2.0,0.118
21301118,1610612745,Houston,Rockets,203093,Terrence,Jones,0.0,2750.0,0.0,3.0,0.2
21301118,1610612745,Houston,Rockets,203093,Terrence,Jones,5230.0,8360.0,0.0,-10.0,0.231
21301118,1610612745,Houston,Rockets,203477,Isaiah,Canaan,5230.0,7200.0,0.0,-8.0,0.111
21301118,1610612745,Houston,Rockets,203477,Isaiah,Canaan,17220.0,22630.0,6.0,4.0,0.208
21301118,1610612745,Houston,Rockets,203477,Isaiah,Canaan,25600.0,28800.0,1.0,2.0,0.214
21300627,1610612745,Houston,Rockets,2730,Dwight,Howard,0.0,6799.0,5.0,5.0,0.179
21300627,1610612745,Houston,Rockets,2730,Dwight,Howard,8920.0,21600.0,21.0,5.0,0.327
21300627,1610612745,Houston,Rockets,201166,Aaron,Brooks,25970.0,28800.0,0.0,-6.0,0.091
21300627,1610612745,Houston,Rockets,201935,James,Harden,0.0,8720.0,12.0,10.0,0.297
21300627,1610612745,Houston,Rockets,201935,James,Harden,10490.0,21600.0,12.0,2.0,0.25
21300627,1610612745,Houston,Rockets,201956,Omri,Casspi,4890.0,12080.0,5.0,13.0,0.2
21300627,1610612745,Houston,Rockets,201956,Omri,Casspi,13440.0,14400.0,0.0,2.0,0.0
21300627,1610612745,Houston,Rockets,201956,Omri,Casspi,17120.0,28800.0,15.0,3.0,0.213
21300627,1610612745,Houston,Rockets,201976,Patrick,Beverley,0.0,5670.0,2.0,3.0,0.125
21300627,1610612745,Houston,Rockets,201976,Patrick,Beverley,6799.0,10490.0,0.0,8.0,0.0
21300627,1610612745,Houston,Rockets,201976,Patrick,Beverley,13110.0,14033.0,0.0,1.0,0.25
21300627,1610612745,Houston,Rockets,201976,Patrick,Beverley,14400.0,18850.0,4.0,8.0,0.222
21300627,1610612745,Houston,Rockets,201976,Patrick,Beverley,20790.0,25970.0,0.0,11.0,0.095
21300627,1610612745,Houston,Rockets,202391,Jeremy,Lin,5670.0,13110.0,4.0,7.0,0.156
21300627,1610612745,Houston,Rockets,202391,Jeremy,Lin,14033.0,14400.0,0.0,0.0,0.0
21300627,1610612745,Houston,Rockets,202391,Jeremy,Lin,18850.0,28800.0,9.0,2.0,0.225
21300627,1610612745,Houston,Rockets,202700,Donatas,Motiejunas,0.0,4890.0,2.0,0.0,0.15
21300627,1610612745,Houston,Rockets,202700,Donatas,Motiejunas,6799.0,8920.0,0.0,5.0,0.2
21300627,1610612745,Houston,Rockets,202700,Donatas,Motiejunas,12080.0,13440.0,0.0,-4.0,0.0
21300627,1610612745,Houston,Rockets,202700,Donatas,Motiejunas,14400.0,17120.0,0.0,7.0,0.0
21300627,1610612745,Houston,Rockets,202700,Donatas,Motiejunas,21600.0,27920.0,4.0,9.0,0.125
21300627,1610612745,Houston,Rockets,202718,Chandler,Parsons,0.0,6799.0,4.0,5.0,0.179
21300627,1610612745,Houston,Rockets,202718,Chandler,Parsons,8720.0,13110.0,5.0,0.0,0.278
21300627,1610612745,Houston,Rockets,202718,Chandler,Parsons,14360.0,20790.0,6.0,5.0,0.222
21300627,1610612745,Houston,Rockets,202718,Chandler,Parsons,21600.0,24030.0,4.0,10.0,0.222
21300627,1610612745,Houston,Rockets,202718,Chandler,Parsons,27920.0,28800.0,0.0,-3.0,0.0
21300627,1610612745,Houston,Rockets,203496,Robert,Covington,13110.0,14360.0,0.0,1.0,0.0
21300627,1610612745,Houston,Rockets,203496,Robert,Covington,24030.0,28800.0,5.0,-4.0,0.278
21300388,1610612745,Houston,Rockets,2730,Dwight,Howard,0.0,7200.0,6.0,-5.0,0.296
21300388,1610612745,Houston,Rockets,2730,Dwight,Howard,9940.0,21600.0,13.0,-12.0,0.261
21300388,1610612745,Houston,Rockets,101128,Francisco,Garcia,5690.0,9280.0,0.0,-5.0,0.118
21300388,1610612745,Houston,Rockets,101128,Francisco,Garcia,17900.0,28800.0,5.0,-12.0,0.098
21300388,1610612745,Houston,Rockets,200758,Ronnie,Brewer,25940.0,28800.0,0.0,-3.0,0.083
21300388,1610612745,Houston,Rockets,201166,Aaron,Brooks,5690.0,9280.0,1.0,-5.0,0.235
21300388,1610612745,Houston,Rockets,201166,Aaron,Brooks,21600.0,28800.0,0.0,-11.0,0.231
21300388,1610612745,Houston,Rockets,201935,James,Harden,0.0,7200.0,5.0,-5.0,0.222
21300388,1610612745,Houston,Rockets,201935,James,Harden,9280.0,21600.0,7.0,-11.0,0.333
21300388,1610612745,Houston,Rockets,201956,Omri,Casspi,4750.0,9940.0,0.0,-5.0,0.182
21300388,1610612745,Houston,Rockets,201956,Omri,Casspi,21600.0,28800.0,3.0,-11.0,0.269
21300388,1610612745,Houston,Rockets,201976,Patrick,Beverley,0.0,5690.0,4.0,-6.0,0.143
21300388,1610612745,Houston,Rockets,201976,Patrick,Beverley,9280.0,21600.0,4.0,-11.0,0.063
21300388,1610612745,Houston,Rockets,202700,Donatas,Motiejunas,24010.0,28800.0,3.0,-3.0,0.222
21300388,1610612745,Houston,Rockets,202718,Chandler,Parsons,0.0,5690.0,2.0,-6.0,0.095
21300388,1610612745,Houston,Rockets,202718,Chandler,Parsons,7200.0,21600.0,12.0,-17.0,0.172
21300388,1610612745,Houston,Rockets,202962,Greg,Smith,7200.0,12040.0,6.0,1.0,0.238
21300388,1610612745,Houston,Rockets,202962,Greg,Smith,21600.0,24010.0,0.0,-8.0,0.125
21300388,1610612745,Houston,Rockets,203093,Terrence,Jones,0.0,4750.0,3.0,-5.0,0.176
21300388,1610612745,Houston,Rockets,203093,Terrence,Jones,12040.0,17900.0,2.0,-17.0,0.217
21300388,1610612745,Houston,Rockets,203093,Terrence,Jones,21600.0,25940.0,5.0,-8.0,0.2
21300245,1610612745,Houston,Rockets,2730,Dwight,Howard,0.0,5770.0,7.0,2.0,0.2
21300245,1610612745,Houston,Rockets,2730,Dwight,Howard,10320.0,19830.0,2.0,-6.0,0.088
21300245,1610612745,Houston,Rockets,2730,Dwight,Howard,23320.0,28800.0,4.0,9.0,0.143
21300245,1610612745,Houston,Rockets,101128,Francisco,Garcia,5770.0,9830.0,8.0,9.0,0.25
21300245,1610612745,Houston,Rockets,101128,Francisco,Garcia,19250.0,23320.0,0.0,-12.0,0.167
21300245,1610612745,Houston,Rockets,101128,Francisco,Garcia,28637.0,28719.0,0.0,2.0,0.0
21300245,1610612745,Houston,Rockets,201166,Aaron,Brooks,4840.0,9830.0,3.0,7.0,0.368
21300245,1610612745,Houston,Rockets,201166,Aaron,Brooks,13800.0,14400.0,0.0,2.0,0.0
21300245,1610612745,Houston,Rockets,201166,Aaron,Brooks,19830.0,23680.0,0.0,-9.0,0.316
21300245,1610612745,Houston,Rockets,201166,Aaron,Brooks,28719.0,28800.0,0.0,0.0,0.0
21300245,1610612745,Houston,Rockets,201600,Omer,Asik,5770.0,10320.0,1.0,10.0,0.111
21300245,1610612745,Houston,Rockets,201600,Omer,Asik,19830.0,23320.0,2.0,-9.0,0.118
21300245,1610612745,Houston,Rockets,201935,James,Harden,0.0,5770.0,3.0,2.0,0.2
21300245,1610612745,Houston,Rockets,201935,James,Harden,9830.0,19250.0,12.0,-2.0,0.25
21300245,1610612745,Houston,Rockets,201935,James,Harden,21600.0,28800.0,16.0,3.0,0.361
21300245,1610612745,Houston,Rockets,201956,Omri,Casspi,4840.0,10210.0,8.0,8.0,0.286
21300245,1610612745,Houston,Rockets,201956,Omri,Casspi,18390.0,23320.0,0.0,-13.0,0.091
21300245,1610612745,Houston,Rockets,201976,Patrick,Beverley,0.0,4840.0,0.0,4.0,0.091
21300245,1610612745,Houston,Rockets,201976,Patrick,Beverley,7200.0,13800.0,3.0,3.0,0.083
21300245,1610612745,Houston,Rockets,201976,Patrick,Beverley,14400.0,19830.0,6.0,-5.0,0.25
21300245,1610612745,Houston,Rockets,201976,Patrick,Beverley,23680.0,28800.0,2.0,9.0,0.04
21300245,1610612745,Houston,Rockets,202718,Chandler,Parsons,0.0,7200.0,9.0,6.0,0.226
21300245,1610612745,Houston,Rockets,202718,Chandler,Parsons,9830.0,21600.0,14.0,-8.0,0.289
21300245,1610612745,Houston,Rockets,202718,Chandler,Parsons,23320.0,28637.0,2.0,7.0,0.231
21300245,1610612745,Houston,Rockets,203093,Terrence,Jones,0.0,4840.0,5.0,4.0,0.227
21300245,1610612745,Houston,Rockets,203093,Terrence,Jones,10210.0,18390.0,0.0,-2.0,0.069
21300245,1610612745,Houston,Rockets,203093,Terrence,Jones,23320.0,28800.0,5.0,9.0,0.179
21300450,1610612745,Houston,Rockets,2730,Dwight,Howard,0.0,5700.0,2.0,-15.0,0.333
21300450,1610612745,Houston,Rockets,2730,Dwight,Howard,9710.0,14349.0,6.0,-2.0,0.19
21300450,1610612745,Houston,Rockets,2730,Dwight,Howard,14400.0,19220.0,1.0,-10.0,0.353
21300450,1610612745,Houston,Rockets,101128,Francisco,Garcia,4260.0,9860.0,5.0,1.0,0.143
21300450,1610612745,Houston,Rockets,101128,Francisco,Garcia,21600.0,28800.0,3.0,-11.0,0.208
21300450,1610612745,Houston,Rockets,200758,Ronnie,Brewer,25040.0,28800.0,0.0,-6.0,0.0
21300450,1610612745,Houston,Rockets,201166,Aaron,Brooks,4580.0,10770.0,6.0,2.0,0.25
21300450,1610612745,Houston,Rockets,201166,Aaron,Brooks,16440.0,24310.0,11.0,-3.0,0.333
21300450,1610612745,Houston,Rockets,201935,James,Harden,0.0,7200.0,3.0,-12.0,0.214
21300450,1610612745,Houston,Rockets,201935,James,Harden,10770.0,21600.0,5.0,-8.0,0.159
21300450,1610612745,Houston,Rockets,201956,Omri,Casspi,5700.0,14400.0,8.0,3.0,0.189
21300450,1610612745,Houston,Rockets,201956,Omri,Casspi,19220.0,28800.0,7.0,-9.0,0.273
21300450,1610612745,Houston,Rockets,202391,Jeremy,Lin,0.0,4580.0,0.0,-14.0,0.176
21300450,1610612745,Houston,Rockets,202391,Jeremy,Lin,9860.0,16440.0,3.0,-9.0,0.286
21300450,1610612745,Houston,Rockets,202391,Jeremy,Lin,21600.0,25040.0,3.0,-5.0,0.273
21300450,1610612745,Houston,Rockets,202700,Donatas,Motiejunas,19220.0,28800.0,2.0,-9.0,0.091
21300450,1610612745,Houston,Rockets,202718,Chandler,Parsons,0.0,5700.0,0.0,-15.0,0.143
21300450,1610612745,Houston,Rockets,202718,Chandler,Parsons,7200.0,21600.0,15.0,-8.0,0.179
21300450,1610612745,Houston,Rockets,203093,Terrence,Jones,0.0,4260.0,0.0,-13.0,0.125
21300450,1610612745,Houston,Rockets,203093,Terrence,Jones,5700.0,9710.0,0.0,5.0,0.125
21300450,1610612745,Houston,Rockets,203093,Terrence,Jones,14349.0,19220.0,2.0,-10.0,0.059
21300450,1610612745,Houston,Rockets,203477,Isaiah,Canaan,24310.0,28800.0,4.0,-7.0,0.25
21300103,1610612745,Houston,Rockets,2730,Dwight,Howard,0.0,6490.0,9.0,4.0,0.417
21300103,1610612745,Houston,Rockets,2730,Dwight,Howard,10330.0,20620.0,8.0,2.0,0.175
21300103,1610612745,Houston,Rockets,2730,Dwight,Howard,24640.0,34534.0,1.0,-5.0,0.114
21300103,1610612745,Houston,Rockets,2730,Dwight,Howard,34592.0,34800.0,0.0,1.0,0.0
21300103,1610612745,Houston,Rockets,201166,Aaron,Brooks,34534.0,34592.0,0.0,1.0,0.0
21300103,1610612745,Houston,Rockets,201600,Omer,Asik,0.0,3440.0,0.0,-2.0,0.091
21300103,1610612745,Houston,Rockets,201600,Omer,Asik,6490.0,10330.0,4.0,3.0,0.133
21300103,1610612745,Houston,Rockets,201600,Omer,Asik,20620.0,24640.0,0.0,0.0,0.143
21300103,1610612745,Houston,Rockets,201935,James,Harden,0.0,7200.0,5.0,4.0,0.154
21300103,1610612745,Houston,Rockets,201935,James,Harden,10330.0,21600.0,8.0,2.0,0.205
21300103,1610612745,Houston,Rockets,201935,James,Harden,24640.0,34800.0,13.0,-3.0,0.447
21300103,1610612745,Houston,Rockets,201956,Omri,Casspi,3440.0,9520.0,2.0,9.0,0.12
21300103,1610612745,Houston,Rockets,201956,Omri,Casspi,12190.0,14400.0,0.0,8.0,0.0
21300103,1610612745,Houston,Rockets,201956,Omri,Casspi,15980.0,22080.0,3.0,-1.0,0.25
21300103,1610612745,Houston,Rockets,201956,Omri,Casspi,25700.0,26960.0,0.0,0.0,0.0
21300103,1610612745,Houston,Rockets,201956,Omri,Casspi,28710.0,28800.0,0.0,0.0,0.0
21300103,1610612745,Houston,Rockets,201976,Patrick,Beverley,0.0,4270.0,0.0,-2.0,0.133
21300103,1610612745,Houston,Rockets,201976,Patrick,Beverley,7200.0,10330.0,0.0,3.0,0.154
21300103,1610612745,Houston,Rockets,201976,Patrick,Beverley,14400.0,17010.0,0.0,1.0,0.111
21300103,1610612745,Houston,Rockets,201976,Patrick,Beverley,21600.0,24640.0,0.0,0.0,0.3
21300103,1610612745,Houston,Rockets,201976,Patrick,Beverley,28457.0,28710.0,0.0,0.0,0.0
21300103,1610612745,Houston,Rockets,201976,Patrick,Beverley,33480.0,34800.0,1.0,3.0,0.143
21300103,1610612745,Houston,Rockets,202391,Jeremy,Lin,4270.0,14400.0,5.0,16.0,0.171
21300103,1610612745,Houston,Rockets,202391,Jeremy,Lin,17010.0,28457.0,17.0,-15.0,0.302
21300103,1610612745,Houston,Rockets,202391,Jeremy,Lin,28710.0,33480.0,7.0,3.0,0.294
21300103,1610612745,Houston,Rockets,202391,Jeremy,Lin,33630.0,34800.0,2.0,3.0,0.143
21300103,1610612745,Houston,Rockets,202718,Chandler,Parsons,0.0,5860.0,6.0,3.0,0.136
21300103,1610612745,Houston,Rockets,202718,Chandler,Parsons,9520.0,33630.0,12.0,-4.0,0.182
21300103,1610612745,Houston,Rockets,203093,Terrence,Jones,5860.0,12190.0,3.0,3.0,0.261
21300103,1610612745,Houston,Rockets,203093,Terrence,Jones,14400.0,15980.0,0.0,-4.0,0.2
21300103,1610612745,Houston,Rockets,203093,Terrence,Jones,22080.0,25700.0,2.0,-5.0,0.083
21300103,1610612745,Houston,Rockets,203093,Terrence,Jones,26960.0,28710.0,0.0,-4.0,0.167
21300103,1610612745,Houston,Rockets,203093,Terrence,Jones,28800.0,34800.0,2.0,6.0,0.043
21300784,1610612745,Houston,Rockets,2730,Dwight,Howard,0.0,6020.0,11.0,8.0,0.214
21300784,1610612745,Houston,Rockets,2730,Dwight,Howard,9160.0,20340.0,8.0,10.0,0.279
21300784,1610612745,Houston,Rockets,2730,Dwight,Howard,23610.0,28800.0,5.0,-2.0,0.263
21300784,1610612745,Houston,Rockets,101128,Francisco,Garcia,4680.0,9160.0,3.0,-4.0,0.133
21300784,1610612745,Houston,Rockets,101128,Francisco,Garcia,13760.0,14400.0,0.0,2.0,0.0
21300784,1610612745,Houston,Rockets,101128,Francisco,Garcia,18960.0,24730.0,2.0,-12.0,0.136
21300784,1610612745,Houston,Rockets,101128,Francisco,Garcia,28760.0,28800.0,0.0,3.0,0.0
21300784,1610612745,Houston,Rockets,201166,Aaron,Brooks,5130.0,9160.0,0.0,-2.0,0.143
21300784,1610612745,Houston,Rockets,201166,Aaron,Brooks,14043.0,14400.0,0.0,2.0,0.0
21300784,1610612745,Houston,Rockets,201166,Aaron,Brooks,21600.0,23610.0,0.0,0.0,0.125
21300784,1610612745,Houston,Rockets,201600,Omer,Asik,6020.0,9160.0,0.0,-4.0,0.0
21300784,1610612745,Houston,Rockets,201600,Omer,Asik,20340.0,23610.0,0.0,-11.0,0.167
21300784,1610612745,Houston,Rockets,201935,James,Harden,0.0,4680.0,7.0,8.0,0.208
21300784,1610612745,Houston,Rockets,201935,James,Harden,6020.0,21600.0,21.0,-5.0,0.281
21300784,1610612745,Houston,Rockets,201935,James,Harden,24730.0,28800.0,7.0,-3.0,0.267
21300784,1610612745,Houston,Rockets,202391,Jeremy,Lin,0.0,5130.0,2.0,6.0,0.12
21300784,1610612745,Houston,Rockets,202391,Jeremy,Lin,9160.0,14043.0,3.0,3.0,0.158
21300784,1610612745,Houston,Rockets,202391,Jeremy,Lin,14400.0,21600.0,10.0,-6.0,0.192
21300784,1610612745,Houston,Rockets,202391,Jeremy,Lin,23610.0,28800.0,1.0,-2.0,0.211
21300784,1610612745,Houston,Rockets,202700,Donatas,Motiejunas,4080.0,9160.0,6.0,-2.0,0.227
21300784,1610612745,Houston,Rockets,202700,Donatas,Motiejunas,16230.0,21600.0,5.0,-2.0,0.15
21300784,1610612745,Houston,Rockets,202718,Chandler,Parsons,0.0,6020.0,4.0,8.0,0.25
21300784,1610612745,Houston,Rockets,202718,Chandler,Parsons,9160.0,13760.0,3.0,3.0,0.059
21300784,1610612745,Houston,Rockets,202718,Chandler,Parsons,14400.0,18960.0,6.0,7.0,0.313
21300784,1610612745,Houston,Rockets,202718,Chandler,Parsons,21600.0,28800.0,5.0,-2.0,0.231
21300784,1610612745,Houston,Rockets,203093,Terrence,Jones,0.0,4080.0,2.0,6.0,0.167
21300784,1610612745,Houston,Rockets,203093,Terrence,Jones,9160.0,16230.0,2.0,1.0,0.148
21300784,1610612745,Houston,Rockets,203093,Terrence,Jones,21600.0,28760.0,0.0,-5.0,0.08
21300544,1610612745,Houston,Rockets,2730,Dwight,Howard,0.0,6410.0,11.0,4.0,0.381
21300544,1610612745,Houston,Rockets,2730,Dwight,Howard,11500.0,13650.0,4.0,10.0,0.375
21300544,1610612745,Houston,Rockets,2730,Dwight,Howard,14400.0,20530.0,8.0,2.0,0.28
21300544,1610612745,Houston,Rockets,2730,Dwight,Howard,22730.0,28615.0,0.0,-4.0,0.348
21300544,1610612745,Houston,Rockets,101128,Francisco,Garcia,6040.0,14400.0,3.0,13.0,0.057
21300544,1610612745,Houston,Rockets,101128,Francisco,Garcia,18460.0,28800.0,3.0,-13.0,0.025
21300544,1610612745,Houston,Rockets,200758,Ronnie,Brewer,0.0,6040.0,2.0,4.0,0.048
21300544,1610612745,Houston,Rockets,200758,Ronnie,Brewer,14400.0,18460.0,0.0,3.0,0.056
21300544,1610612745,Houston,Rockets,200758,Ronnie,Brewer,28615.0,28800.0,0.0,1.0,0.0
21300544,1610612745,Houston,Rockets,201166,Aaron,Brooks,6040.0,11500.0,3.0,6.0,0.167
21300544,1610612745,Houston,Rockets,201166,Aaron,Brooks,19800.0,23250.0,0.0,-14.0,0.154
21300544,1610612745,Houston,Rockets,201935,James,Harden,0.0,7200.0,8.0,0.0,0.2
21300544,1610612745,Houston,Rockets,201935,James,Harden,11500.0,21600.0,9.0,5.0,0.244
21300544,1610612745,Houston,Rockets,201935,James,Harden,23250.0,28800.0,8.0,-1.0,0.348
21300544,1610612745,Houston,Rockets,201956,Omri,Casspi,6040.0,14400.0,12.0,13.0,0.2
21300544,1610612745,Houston,Rockets,201956,Omri,Casspi,20530.0,22730.0,2.0,-9.0,0.125
21300544,1610612745,Houston,Rockets,202391,Jeremy,Lin,0.0,6040.0,6.0,4.0,0.19
21300544,1610612745,Houston,Rockets,202391,Jeremy,Lin,7200.0,19800.0,9.0,22.0,0.208
21300544,1610612745,Houston,Rockets,202391,Jeremy,Lin,21600.0,28800.0,3.0,-8.0,0.143
21300544,1610612745,Houston,Rockets,202962,Greg,Smith,6410.0,11500.0,4.0,6.0,0.174
21300544,1610612745,Houston,Rockets,202962,Greg,Smith,13650.0,14400.0,0.0,-3.0,0.0
21300544,1610612745,Houston,Rockets,202962,Greg,Smith,20530.0,22730.0,0.0,-9.0,0.125
21300544,1610612745,Houston,Rockets,203093,Terrence,Jones,0.0,6040.0,2.0,4.0,0.238
21300544,1610612745,Houston,Rockets,203093,Terrence,Jones,14400.0,20530.0,11.0,2.0,0.36
21300544,1610612745,Houston,Rockets,203093,Terrence,Jones,22730.0,28800.0,6.0,-3.0,0.2
21301000,1610612745,Houston,Rockets,101128,Francisco,Garcia,27670.0,28800.0,0.0,0.0,0.0
21301000,1610612745,Houston,Rockets,201600,Omer,Asik,0.0,3550.0,2.0,3.0,0.333
21301000,1610612745,Houston,Rockets,201600,Omer,Asik,5040.0,11150.0,4.0,12.0,0.24
21301000,1610612745,Houston,Rockets,201600,Omer,Asik,12610.0,17900.0,2.0,4.0,0.167
21301000,1610612745,Houston,Rockets,201600,Omer,Asik,19430.0,21445.0,4.0,5.0,0.25
21301000,1610612745,Houston,Rockets,201935,James,Harden,0.0,7200.0,8.0,8.0,0.192
21301000,1610612745,Houston,Rockets,201935,James,Harden,11150.0,14072.0,5.0,-1.0,0.2
21301000,1610612745,Houston,Rockets,201935,James,Harden,14400.0,20260.0,2.0,4.0,0.238
21301000,1610612745,Houston,Rockets,201976,Patrick,Beverley,0.0,4400.0,0.0,3.0,0.0
21301000,1610612745,Houston,Rockets,201976,Patrick,Beverley,7200.0,18490.0,14.0,16.0,0.262
21301000,1610612745,Houston,Rockets,201976,Patrick,Beverley,20260.0,23810.0,5.0,0.0,0.2
21301000,1610612745,Houston,Rockets,202391,Jeremy,Lin,4400.0,11150.0,8.0,15.0,0.25
21301000,1610612745,Houston,Rockets,202391,Jeremy,Lin,14072.0,14400.0,0.0,2.0,0.0
21301000,1610612745,Houston,Rockets,202391,Jeremy,Lin,18490.0,28800.0,9.0,14.0,0.22
21301000,1610612745,Houston,Rockets,202700,Donatas,Motiejunas,3550.0,8910.0,3.0,7.0,0.238
21301000,1610612745,Houston,Rockets,202700,Donatas,Motiejunas,11150.0,12610.0,0.0,0.0,0.0
21301000,1610612745,Houston,Rockets,202700,Donatas,Motiejunas,17900.0,27670.0,4.0,16.0,0.205
21301000,1610612745,Houston,Rockets,202706,Jordan,Hamilton,6030.0,10320.0,3.0,8.0,0.158
21301000,1610612745,Houston,Rockets,202706,Jordan,Hamilton,21600.0,28800.0,12.0,15.0,0.25
21301000,1610612745,Houston,Rockets,202718,Chandler,Parsons,0.0,6030.0,4.0,5.0,0.136
21301000,1610612745,Houston,Rockets,202718,Chandler,Parsons,10320.0,21600.0,2.0,10.0,0.071
21301000,1610612745,Houston,Rockets,203093,Terrence,Jones,0.0,5040.0,5.0,6.0,0.235
21301000,1610612745,Houston,Rockets,203093,Terrence,Jones,8910.0,19430.0,19.0,8.0,0.256
21301000,1610612745,Houston,Rockets,203093,Terrence,Jones,21445.0,28800.0,6.0,15.0,0.138
21301000,1610612745,Houston,Rockets,203477,Isaiah,Canaan,23810.0,28800.0,3.0,15.0,0.263
21300729,1610612745,Houston,Rockets,2730,Dwight,Howard,0.0,7200.0,9.0,5.0,0.25
21300729,1610612745,Houston,Rockets,2730,Dwight,Howard,9480.0,13915.0,6.0,8.0,0.353
21300729,1610612745,Houston,Rockets,2730,Dwight,Howard,14400.0,19210.0,7.0,6.0,0.467
21300729,1610612745,Houston,Rockets,2730,Dwight,Howard,21155.0,28100.0,12.0,5.0,0.435
21300729,1610612745,Houston,Rockets,201935,James,Harden,0.0,7200.0,7.0,5.0,0.188
21300729,1610612745,Houston,Rockets,201935,James,Harden,9480.0,21155.0,11.0,12.0,0.225
21300729,1610612745,Houston,Rockets,201935,James,Harden,24440.0,28515.0,5.0,8.0,0.154
21300729,1610612745,Houston,Rockets,201956,Omri,Casspi,6060.0,11450.0,3.0,-7.0,0.2
21300729,1610612745,Houston,Rockets,201956,Omri,Casspi,21600.0,24440.0,0.0,1.0,0.111
21300729,1610612745,Houston,Rockets,201976,Patrick,Beverley,0.0,4480.0,5.0,10.0,0.2
21300729,1610612745,Houston,Rockets,201976,Patrick,Beverley,7200.0,11790.0,0.0,-4.0,0.0
21300729,1610612745,Houston,Rockets,201976,Patrick,Beverley,14400.0,19210.0,3.0,6.0,0.067
21300729,1610612745,Houston,Rockets,201976,Patrick,Beverley,21155.0,24440.0,0.0,-2.0,0.091
21300729,1610612745,Houston,Rockets,201976,Patrick,Beverley,27350.0,28800.0,0.0,3.0,0.25
21300729,1610612745,Houston,Rockets,202391,Jeremy,Lin,4480.0,9480.0,4.0,-14.0,0.19
21300729,1610612745,Houston,Rockets,202391,Jeremy,Lin,11790.0,14400.0,2.0,2.0,0.1
21300729,1610612745,Houston,Rockets,202391,Jeremy,Lin,19210.0,28800.0,5.0,5.0,0.194
21300729,1610612745,Houston,Rockets,202700,Donatas,Motiejunas,4750.0,7400.0,0.0,-6.0,0.273
21300729,1610612745,Houston,Rockets,202700,Donatas,Motiejunas,13915.0,14400.0,0.0,-1.0,0.0
21300729,1610612745,Houston,Rockets,202700,Donatas,Motiejunas,19210.0,25350.0,5.0,0.0,0.2
21300729,1610612745,Houston,Rockets,202700,Donatas,Motiejunas,28100.0,28800.0,0.0,1.0,0.0
21300729,1610612745,Houston,Rockets,202718,Chandler,Parsons,0.0,6060.0,3.0,8.0,0.111
21300729,1610612745,Houston,Rockets,202718,Chandler,Parsons,7400.0,21600.0,12.0,-1.0,0.143
21300729,1610612745,Houston,Rockets,202718,Chandler,Parsons,24440.0,28800.0,4.0,8.0,0.143
21300729,1610612745,Houston,Rockets,203093,Terrence,Jones,0.0,4750.0,9.0,12.0,0.273
21300729,1610612745,Houston,Rockets,203093,Terrence,Jones,7200.0,9480.0,0.0,-9.0,0.222
21300729,1610612745,Houston,Rockets,203093,Terrence,Jones,11450.0,21155.0,10.0,7.0,0.182
21300729,1610612745,Houston,Rockets,203093,Terrence,Jones,25350.0,27350.0,0.0,2.0,0.0
21300729,1610612745,Houston,Rockets,203496,Robert,Covington,28515.0,28800.0,0.0,0.0,0.0
21301183,1610612745,Houston,Rockets,101128,Francisco,Garcia,3980.0,12250.0,2.0,9.0,0.114
21301183,1610612745,Houston,Rockets,101128,Francisco,Garcia,17130.0,28800.0,2.0,0.0,0.083
21301183,1610612745,Houston,Rockets,201600,Omer,Asik,0.0,2280.0,0.0,-3.0,0.2
21301183,1610612745,Houston,Rockets,201600,Omer,Asik,7200.0,8310.0,2.0,1.0,0.286
21301183,1610612745,Houston,Rockets,201600,Omer,Asik,14400.0,17130.0,2.0,-6.0,0.077
21301183,1610612745,Houston,Rockets,201600,Omer,Asik,18040.0,22710.0,3.0,9.0,0.2
21301183,1610612745,Houston,Rockets,201600,Omer,Asik,24960.0,28800.0,2.0,3.0,0.059
21301183,1610612745,Houston,Rockets,201935,James,Harden,0.0,7200.0,12.0,-7.0,0.258
21301183,1610612745,Houston,Rockets,201935,James,Harden,8310.0,28800.0,21.0,4.0,0.226
21301183,1610612745,Houston,Rockets,201956,Omri,Casspi,5780.0,14400.0,5.0,17.0,0.167
21301183,1610612745,Houston,Rockets,201956,Omri,Casspi,17130.0,20300.0,2.0,0.0,0.273
21301183,1610612745,Houston,Rockets,201956,Omri,Casspi,23250.0,24710.0,2.0,-2.0,0.4
21301183,1610612745,Houston,Rockets,202391,Jeremy,Lin,0.0,3160.0,0.0,-5.0,0.143
21301183,1610612745,Houston,Rockets,202391,Jeremy,Lin,5780.0,8310.0,3.0,7.0,0.154
21301183,1610612745,Houston,Rockets,202391,Jeremy,Lin,12250.0,17130.0,4.0,1.0,0.381
21301183,1610612745,Houston,Rockets,202391,Jeremy,Lin,24710.0,28800.0,7.0,-1.0,0.333
21301183,1610612745,Houston,Rockets,202700,Donatas,Motiejunas,2280.0,5780.0,4.0,-10.0,0.2
21301183,1610612745,Houston,Rockets,202700,Donatas,Motiejunas,10630.0,12250.0,0.0,-5.0,0.429
21301183,1610612745,Houston,Rockets,202700,Donatas,Motiejunas,20300.0,23250.0,0.0,3.0,0.071
21301183,1610612745,Houston,Rockets,202718,Chandler,Parsons,0.0,3980.0,5.0,-12.0,0.278
21301183,1610612745,Houston,Rockets,202718,Chandler,Parsons,7200.0,28800.0,22.0,5.0,0.198
21301183,1610612745,Houston,Rockets,203093,Terrence,Jones,0.0,7200.0,6.0,-7.0,0.194
21301183,1610612745,Houston,Rockets,203093,Terrence,Jones,8310.0,10630.0,2.0,8.0,0.25
21301183,1610612745,Houston,Rockets,203093,Terrence,Jones,12250.0,18040.0,2.0,-3.0,0.12
21301183,1610612745,Houston,Rockets,203093,Terrence,Jones,22710.0,24960.0,0.0,-8.0,0.222
21301183,1610612745,Houston,Rockets,203477,Isaiah,Canaan,3160.0,5780.0,0.0,-8.0,0.182
21300192,1610612745,Houston,Rockets,2730,Dwight,Howard,0.0,6150.0,6.0,4.0,0.241
21300192,1610612745,Houston,Rockets,2730,Dwight,Howard,10480.0,21253.0,3.0,2.0,0.139
21300192,1610612745,Houston,Rockets,2730,Dwight,Howard,24850.0,28190.0,2.0,-3.0,0.063
21300192,1610612745,Houston,Rockets,101128,Francisco,Garcia,4800.0,10480.0,0.0,3.0,0.091
21300192,1610612745,Houston,Rockets,101128,Francisco,Garcia,19710.0,23180.0,0.0,2.0,0.0
21300192,1610612745,Houston,Rockets,201166,Aaron,Brooks,6330.0,14400.0,16.0,6.0,0.379
21300192,1610612745,Houston,Rockets,201166,Aaron,Brooks,18770.0,24850.0,10.0,3.0,0.333
21300192,1610612745,Houston,Rockets,201166,Aaron,Brooks,28190.0,28800.0,0.0,0.0,0.0
21300192,1610612745,Houston,Rockets,201600,Omer,Asik,6150.0,10480.0,2.0,2.0,0.125
21300192,1610612745,Houston,Rockets,201600,Omer,Asik,21253.0,24850.0,0.0,6.0,0.0
21300192,1610612745,Houston,Rockets,201956,Omri,Casspi,5110.0,10480.0,0.0,2.0,0.095
21300192,1610612745,Houston,Rockets,201956,Omri,Casspi,21600.0,25520.0,5.0,6.0,0.438
21300192,1610612745,Houston,Rockets,201956,Omri,Casspi,28190.0,28800.0,0.0,0.0,0.333
21300192,1610612745,Houston,Rockets,201976,Patrick,Beverley,0.0,6330.0,6.0,7.0,0.172
21300192,1610612745,Houston,Rockets,201976,Patrick,Beverley,11310.0,13610.0,0.0,2.0,0.0
21300192,1610612745,Houston,Rockets,201976,Patrick,Beverley,14400.0,21600.0,8.0,-5.0,0.217
21300192,1610612745,Houston,Rockets,201976,Patrick,Beverley,24850.0,28800.0,3.0,-3.0,0.263
21300192,1610612745,Houston,Rockets,202391,Jeremy,Lin,0.0,4800.0,2.0,3.0,0.136
21300192,1610612745,Houston,Rockets,202391,Jeremy,Lin,7200.0,11310.0,2.0,3.0,0.267
21300192,1610612745,Houston,Rockets,202391,Jeremy,Lin,13610.0,18770.0,5.0,-1.0,0.222
21300192,1610612745,Houston,Rockets,202391,Jeremy,Lin,21600.0,28190.0,10.0,3.0,0.286
21300192,1610612745,Houston,Rockets,202700,Donatas,Motiejunas,28190.0,28800.0,0.0,0.0,0.0
21300192,1610612745,Houston,Rockets,202718,Chandler,Parsons,0.0,7200.0,4.0,7.0,0.25
21300192,1610612745,Houston,Rockets,202718,Chandler,Parsons,10480.0,19710.0,6.0,6.0,0.188
21300192,1610612745,Houston,Rockets,202718,Chandler,Parsons,23180.0,28800.0,4.0,-3.0,0.16
21300192,1610612745,Houston,Rockets,203093,Terrence,Jones,0.0,5110.0,7.0,4.0,0.261
21300192,1610612745,Houston,Rockets,203093,Terrence,Jones,10480.0,21600.0,11.0,2.0,0.158
21300192,1610612745,Houston,Rockets,203093,Terrence,Jones,25520.0,28190.0,0.0,-3.0,0.0
21300234,1610612745,Houston,Rockets,2730,Dwight,Howard,0.0,6460.0,6.0,15.0,0.318
21300234,1610612745,Houston,Rockets,2730,Dwight,Howard,12060.0,14082.0,2.0,4.0,0.2
21300234,1610612745,Houston,Rockets,2730,Dwight,Howard,14400.0,16390.0,4.0,0.0,0.625
21300234,1610612745,Houston,Rockets,101128,Francisco,Garcia,4880.0,11060.0,9.0,5.0,0.269
21300234,1610612745,Houston,Rockets,101128,Francisco,Garcia,20110.0,28800.0,6.0,-6.0,0.1
21300234,1610612745,Houston,Rockets,200758,Ronnie,Brewer,20300.0,28800.0,0.0,-11.0,0.074
21300234,1610612745,Houston,Rockets,201166,Aaron,Brooks,4880.0,9460.0,5.0,3.0,0.158
21300234,1610612745,Houston,Rockets,201166,Aaron,Brooks,12170.0,14400.0,3.0,7.0,0.286
21300234,1610612745,Houston,Rockets,201166,Aaron,Brooks,18660.0,28800.0,6.0,-11.0,0.121
21300234,1610612745,Houston,Rockets,201600,Omer,Asik,6460.0,12060.0,4.0,4.0,0.261
21300234,1610612745,Houston,Rockets,201600,Omer,Asik,14082.0,14400.0,0.0,3.0,0.0
21300234,1610612745,Houston,Rockets,201600,Omer,Asik,16390.0,24430.0,2.0,0.0,0.074
21300234,1610612745,Houston,Rockets,201935,James,Harden,0.0,4880.0,2.0,13.0,0.133
21300234,1610612745,Houston,Rockets,201935,James,Harden,9460.0,20110.0,7.0,9.0,0.158
21300234,1610612745,Houston,Rockets,201956,Omri,Casspi,4880.0,9460.0,5.0,3.0,0.158
21300234,1610612745,Houston,Rockets,201956,Omri,Casspi,20110.0,28800.0,11.0,-6.0,0.367
21300234,1610612745,Houston,Rockets,201976,Patrick,Beverley,0.0,4880.0,3.0,13.0,0.2
21300234,1610612745,Houston,Rockets,201976,Patrick,Beverley,6844.0,12170.0,0.0,1.0,0.136
21300234,1610612745,Houston,Rockets,201976,Patrick,Beverley,14400.0,18660.0,2.0,4.0,0.063
21300234,1610612745,Houston,Rockets,202700,Donatas,Motiejunas,24430.0,28800.0,5.0,-7.0,0.429
21300234,1610612745,Houston,Rockets,202718,Chandler,Parsons,0.0,6844.0,8.0,18.0,0.167
21300234,1610612745,Houston,Rockets,202718,Chandler,Parsons,11060.0,20300.0,13.0,12.0,0.152
21300234,1610612745,Houston,Rockets,203093,Terrence,Jones,0.0,4880.0,6.0,13.0,0.267
21300234,1610612745,Houston,Rockets,203093,Terrence,Jones,9460.0,20110.0,5.0,9.0,0.237
21301072,1610612745,Houston,Rockets,2730,Dwight,Howard,0.0,6410.0,6.0,14.0,0.107
21301072,1610612745,Houston,Rockets,2730,Dwight,Howard,9910.0,19200.0,11.0,21.0,0.238
21301072,1610612745,Houston,Rockets,201600,Omer,Asik,6410.0,9910.0,2.0,-13.0,0.071
21301072,1610612745,Houston,Rockets,201600,Omer,Asik,19200.0,28800.0,2.0,0.0,0.071
21301072,1610612745,Houston,Rockets,201935,James,Harden,0.0,7200.0,10.0,7.0,0.355
21301072,1610612745,Houston,Rockets,201935,James,Harden,9910.0,21600.0,16.0,19.0,0.25
21301072,1610612745,Houston,Rockets,201956,Omri,Casspi,20970.0,28800.0,5.0,0.0,0.222
21301072,1610612745,Houston,Rockets,201976,Patrick,Beverley,0.0,4250.0,5.0,5.0,0.167
21301072,1610612745,Houston,Rockets,201976,Patrick,Beverley,7200.0,7480.0,0.0,-3.0,0.0
21301072,1610612745,Houston,Rockets,202391,Jeremy,Lin,4250.0,11180.0,0.0,-3.0,0.121
21301072,1610612745,Houston,Rockets,202391,Jeremy,Lin,14400.0,19480.0,9.0,11.0,0.238
21301072,1610612745,Houston,Rockets,202391,Jeremy,Lin,21600.0,25850.0,4.0,6.0,0.211
21301072,1610612745,Houston,Rockets,202700,Donatas,Motiejunas,5390.0,8600.0,0.0,-9.0,0.2
21301072,1610612745,Houston,Rockets,202700,Donatas,Motiejunas,20970.0,28800.0,6.0,0.0,0.194
21301072,1610612745,Houston,Rockets,202706,Jordan,Hamilton,6410.0,9910.0,3.0,-13.0,0.286
21301072,1610612745,Houston,Rockets,202706,Jordan,Hamilton,25200.0,28800.0,0.0,-2.0,0.167
21301072,1610612745,Houston,Rockets,202718,Chandler,Parsons,0.0,6410.0,6.0,14.0,0.179
21301072,1610612745,Houston,Rockets,202718,Chandler,Parsons,7480.0,20970.0,7.0,18.0,0.136
21301072,1610612745,Houston,Rockets,202718,Chandler,Parsons,21600.0,25200.0,3.0,4.0,0.214
21301072,1610612745,Houston,Rockets,203093,Terrence,Jones,0.0,5390.0,8.0,11.0,0.32
21301072,1610612745,Houston,Rockets,203093,Terrence,Jones,8600.0,20970.0,12.0,20.0,0.182
21301072,1610612745,Houston,Rockets,203477,Isaiah,Canaan,11180.0,14400.0,5.0,12.0,0.214
21301072,1610612745,Houston,Rockets,203477,Isaiah,Canaan,19480.0,21600.0,0.0,-5.0,0.333
21301072,1610612745,Houston,Rockets,203477,Isaiah,Canaan,25850.0,28800.0,0.0,-4.0,0.231
21300642,1610612745,Houston,Rockets,2730,Dwight,Howard,0.0,7200.0,4.0,-1.0,0.24
21300642,1610612745,Houston,Rockets,2730,Dwight,Howard,11660.0,18350.0,4.0,12.0,0.182
21300642,1610612745,Houston,Rockets,2730,Dwight,Howard,22620.0,24070.0,2.0,-5.0,0.4
21300642,1610612745,Houston,Rockets,2730,Dwight,Howard,25940.0,28800.0,1.0,1.0,0.182
21300642,1610612745,Houston,Rockets,201935,James,Harden,0.0,7200.0,2.0,-1.0,0.12
21300642,1610612745,Houston,Rockets,201935,James,Harden,9860.0,21600.0,8.0,3.0,0.275
21300642,1610612745,Houston,Rockets,201935,James,Harden,23880.0,28800.0,0.0,2.0,0.059
21300642,1610612745,Houston,Rockets,201956,Omri,Casspi,5390.0,9860.0,0.0,2.0,0.167
21300642,1610612745,Houston,Rockets,201956,Omri,Casspi,13220.0,14400.0,3.0,1.0,0.167
21300642,1610612745,Houston,Rockets,201956,Omri,Casspi,18760.0,23880.0,2.0,-2.0,0.235
21300642,1610612745,Houston,Rockets,201976,Patrick,Beverley,0.0,5390.0,0.0,-5.0,0.176
21300642,1610612745,Houston,Rockets,201976,Patrick,Beverley,11660.0,19610.0,3.0,7.0,0.148
21300642,1610612745,Houston,Rockets,201976,Patrick,Beverley,21600.0,28800.0,0.0,-1.0,0.167
21300642,1610612745,Houston,Rockets,202391,Jeremy,Lin,5390.0,14400.0,6.0,-4.0,0.143
21300642,1610612745,Houston,Rockets,202391,Jeremy,Lin,19610.0,26750.0,3.0,2.0,0.174
21300642,1610612745,Houston,Rockets,202391,Jeremy,Lin,28717.0,28800.0,0.0,0.0,0.0
21300642,1610612745,Houston,Rockets,202700,Donatas,Motiejunas,3870.0,11660.0,6.0,-5.0,0.276
21300642,1610612745,Houston,Rockets,202700,Donatas,Motiejunas,18350.0,22620.0,0.0,-2.0,0.125
21300642,1610612745,Houston,Rockets,202718,Chandler,Parsons,0.0,5390.0,4.0,-5.0,0.235
21300642,1610612745,Houston,Rockets,202718,Chandler,Parsons,7200.0,13220.0,0.0,-9.0,0.143
21300642,1610612745,Houston,Rockets,202718,Chandler,Parsons,14400.0,28800.0,30.0,8.0,0.277
21300642,1610612745,Houston,Rockets,203093,Terrence,Jones,0.0,3870.0,4.0,-5.0,0.231
21300642,1610612745,Houston,Rockets,203093,Terrence,Jones,7200.0,11660.0,0.0,-9.0,0.188
21300642,1610612745,Houston,Rockets,203093,Terrence,Jones,14400.0,18760.0,2.0,8.0,0.308
21300642,1610612745,Houston,Rockets,203093,Terrence,Jones,24070.0,25940.0,3.0,3.0,0.4
21300642,1610612745,Houston,Rockets,203093,Terrence,Jones,26750.0,28717.0,0.0,0.0,0.0
21300424,1610612745,Houston,Rockets,2730,Dwight,Howard,0.0,5840.0,2.0,6.0,0.105
21300424,1610612745,Houston,Rockets,2730,Dwight,Howard,9170.0,11700.0,0.0,-4.0,0.2
21300424,1610612745,Houston,Rockets,2730,Dwight,Howard,14400.0,16880.0,0.0,-3.0,0.222
21300424,1610612745,Houston,Rockets,101128,Francisco,Garcia,7200.0,9690.0,3.0,-5.0,0.111
21300424,1610612745,Houston,Rockets,101128,Francisco,Garcia,21600.0,28800.0,3.0,14.0,0.12
21300424,1610612745,Houston,Rockets,201166,Aaron,Brooks,5470.0,11700.0,4.0,-10.0,0.227
21300424,1610612745,Houston,Rockets,201166,Aaron,Brooks,18710.0,21399.0,2.0,3.0,0.222
21300424,1610612745,Houston,Rockets,201935,James,Harden,0.0,7200.0,8.0,3.0,0.25
21300424,1610612745,Houston,Rockets,201935,James,Harden,9690.0,28800.0,19.0,10.0,0.25
21300424,1610612745,Houston,Rockets,201956,Omri,Casspi,5470.0,12340.0,2.0,-14.0,0.125
21300424,1610612745,Houston,Rockets,202391,Jeremy,Lin,0.0,5470.0,0.0,8.0,0.222
21300424,1610612745,Houston,Rockets,202391,Jeremy,Lin,7200.0,9690.0,2.0,-5.0,0.333
21300424,1610612745,Houston,Rockets,202391,Jeremy,Lin,11700.0,18710.0,2.0,-9.0,0.167
21300424,1610612745,Houston,Rockets,202391,Jeremy,Lin,21399.0,28800.0,14.0,16.0,0.333
21300424,1610612745,Houston,Rockets,202700,Donatas,Motiejunas,12340.0,14400.0,0.0,-2.0,0.125
21300424,1610612745,Houston,Rockets,202700,Donatas,Motiejunas,16880.0,28800.0,4.0,19.0,0.071
21300424,1610612745,Houston,Rockets,202718,Chandler,Parsons,0.0,7200.0,4.0,3.0,0.167
21300424,1610612745,Houston,Rockets,202718,Chandler,Parsons,9690.0,28800.0,11.0,10.0,0.176
21300424,1610612745,Houston,Rockets,203093,Terrence,Jones,0.0,5470.0,10.0,8.0,0.278
21300424,1610612745,Houston,Rockets,203093,Terrence,Jones,5840.0,9170.0,0.0,-4.0,0.091
21300424,1610612745,Houston,Rockets,203093,Terrence,Jones,11700.0,21600.0,10.0,-4.0,0.257
21300926,1610612745,Houston,Rockets,2730,Dwight,Howard,0.0,7200.0,4.0,11.0,0.208
21300926,1610612745,Houston,Rockets,2730,Dwight,Howard,9910.0,13840.0,4.0,-2.0,0.333
21300926,1610612745,Houston,Rockets,2730,Dwight,Howard,14400.0,20060.0,7.0,21.0,0.263
21300926,1610612745,Houston,Rockets,201600,Omer,Asik,7200.0,9910.0,2.0,0.0,0.2
21300926,1610612745,Houston,Rockets,201600,Omer,Asik,13840.0,14400.0,0.0,-2.0,0.0
21300926,1610612745,Houston,Rockets,201600,Omer,Asik,20060.0,28800.0,2.0,-2.0,0.161
21300926,1610612745,Houston,Rockets,201935,James,Harden,0.0,7200.0,5.0,11.0,0.25
21300926,1610612745,Houston,Rockets,201935,James,Harden,9910.0,21022.0,23.0,17.0,0.385
21300926,1610612745,Houston,Rockets,201956,Omri,Casspi,24030.0,28800.0,0.0,-4.0,0.111
21300926,1610612745,Houston,Rockets,201976,Patrick,Beverley,0.0,5720.0,7.0,5.0,0.167
21300926,1610612745,Houston,Rockets,201976,Patrick,Beverley,10700.0,20840.0,2.0,12.0,0.118
21300926,1610612745,Houston,Rockets,202391,Jeremy,Lin,5720.0,10700.0,4.0,11.0,0.15
21300926,1610612745,Houston,Rockets,202391,Jeremy,Lin,20840.0,25480.0,7.0,0.0,0.176
21300926,1610612745,Houston,Rockets,202700,Donatas,Motiejunas,5160.0,10100.0,5.0,12.0,0.1
21300926,1610612745,Houston,Rockets,202700,Donatas,Motiejunas,19720.0,28800.0,5.0,3.0,0.121
21300926,1610612745,Houston,Rockets,202706,Jordan,Hamilton,6230.0,10570.0,4.0,8.0,0.353
21300926,1610612745,Houston,Rockets,202706,Jordan,Hamilton,14140.0,14400.0,0.0,0.0,0.5
21300926,1610612745,Houston,Rockets,202706,Jordan,Hamilton,19720.0,25480.0,3.0,5.0,0.143
21300926,1610612745,Houston,Rockets,202718,Chandler,Parsons,0.0,6230.0,4.0,7.0,0.25
21300926,1610612745,Houston,Rockets,202718,Chandler,Parsons,7200.0,9910.0,0.0,0.0,0.3
21300926,1610612745,Houston,Rockets,202718,Chandler,Parsons,10570.0,19720.0,5.0,8.0,0.097
21300926,1610612745,Houston,Rockets,202718,Chandler,Parsons,21022.0,24030.0,2.0,2.0,0.273
21300926,1610612745,Houston,Rockets,203093,Terrence,Jones,0.0,5160.0,2.0,1.0,0.059
21300926,1610612745,Houston,Rockets,203093,Terrence,Jones,10100.0,14140.0,2.0,-6.0,0.077
21300926,1610612745,Houston,Rockets,203093,Terrence,Jones,14400.0,19720.0,3.0,16.0,0.118
21300926,1610612745,Houston,Rockets,203477,Isaiah,Canaan,25480.0,28800.0,5.0,-2.0,0.25
21300926,1610612745,Houston,Rockets,203584,Troy,Daniels,25480.0,28800.0,5.0,-2.0,0.333
21300811,1610612745,Houston,Rockets,2730,Dwight,Howard,0.0,6570.0,8.0,8.0,0.29
21300811,1610612745,Houston,Rockets,2730,Dwight,Howard,9840.0,20320.0,12.0,12.0,0.267
21300811,1610612745,Houston,Rockets,101128,Francisco,Garcia,7200.0,11200.0,0.0,0.0,0.056
21300811,1610612745,Houston,Rockets,101128,Francisco,Garcia,21600.0,28800.0,11.0,-3.0,0.194
21300811,1610612745,Houston,Rockets,201166,Aaron,Brooks,25760.0,28800.0,0.0,-6.0,0.154
21300811,1610612745,Houston,Rockets,201600,Omer,Asik,6570.0,9840.0,4.0,6.0,0.1
21300811,1610612745,Houston,Rockets,201600,Omer,Asik,18170.0,28800.0,3.0,0.0,0.109
21300811,1610612745,Houston,Rockets,201935,James,Harden,0.0,6570.0,7.0,8.0,0.226
21300811,1610612745,Houston,Rockets,201935,James,Harden,8180.0,13660.0,8.0,7.0,0.292
21300811,1610612745,Houston,Rockets,201935,James,Harden,14400.0,21600.0,14.0,8.0,0.233
21300811,1610612745,Houston,Rockets,201956,Omri,Casspi,21600.0,28800.0,7.0,-3.0,0.194
21300811,1610612745,Houston,Rockets,201976,Patrick,Beverley,0.0,7200.0,4.0,10.0,0.105
21300811,1610612745,Houston,Rockets,201976,Patrick,Beverley,11200.0,21600.0,6.0,19.0,0.114
21300811,1610612745,Houston,Rockets,202391,Jeremy,Lin,6570.0,11200.0,1.0,2.0,0.24
21300811,1610612745,Houston,Rockets,202391,Jeremy,Lin,13660.0,14400.0,2.0,5.0,0.5
21300811,1610612745,Houston,Rockets,202391,Jeremy,Lin,21600.0,28800.0,6.0,-3.0,0.258
21300811,1610612745,Houston,Rockets,202700,Donatas,Motiejunas,5340.0,11200.0,7.0,7.0,0.258
21300811,1610612745,Houston,Rockets,202700,Donatas,Motiejunas,20320.0,25760.0,5.0,6.0,0.167
21300811,1610612745,Houston,Rockets,202718,Chandler,Parsons,0.0,8180.0,9.0,9.0,0.238
21300811,1610612745,Houston,Rockets,202718,Chandler,Parsons,11200.0,21600.0,9.0,19.0,0.136
21300811,1610612745,Houston,Rockets,203093,Terrence,Jones,0.0,5340.0,2.0,3.0,0.154
21300811,1610612745,Houston,Rockets,203093,Terrence,Jones,11200.0,18170.0,9.0,16.0,0.276
21300852,1610612745,Houston,Rockets,2730,Dwight,Howard,0.0,4520.0,5.0,14.0,0.176
21300852,1610612745,Houston,Rockets,2730,Dwight,Howard,10100.0,13510.0,5.0,1.0,0.25
21300852,1610612745,Houston,Rockets,2730,Dwight,Howard,14400.0,21181.0,10.0,4.0,0.333
21300852,1610612745,Houston,Rockets,201600,Omer,Asik,4520.0,10100.0,2.0,9.0,0.1
21300852,1610612745,Houston,Rockets,201600,Omer,Asik,13510.0,14400.0,0.0,-6.0,0.0
21300852,1610612745,Houston,Rockets,201600,Omer,Asik,21181.0,28800.0,5.0,4.0,0.129
21300852,1610612745,Houston,Rockets,201935,James,Harden,0.0,7200.0,22.0,25.0,0.5
21300852,1610612745,Houston,Rockets,201935,James,Harden,10100.0,21600.0,21.0,4.0,0.372
21300852,1610612745,Houston,Rockets,201956,Omri,Casspi,21600.0,28800.0,2.0,-1.0,0.138
21300852,1610612745,Houston,Rockets,201976,Patrick,Beverley,0.0,4950.0,2.0,15.0,0.053
21300852,1610612745,Houston,Rockets,201976,Patrick,Beverley,9420.0,20090.0,3.0,2.0,0.103
21300852,1610612745,Houston,Rockets,202391,Jeremy,Lin,4950.0,9420.0,4.0,10.0,0.235
21300852,1610612745,Houston,Rockets,202391,Jeremy,Lin,20090.0,28800.0,7.0,-1.0,0.25
21300852,1610612745,Houston,Rockets,202700,Donatas,Motiejunas,3020.0,9420.0,3.0,19.0,0.077
21300852,1610612745,Houston,Rockets,202700,Donatas,Motiejunas,11670.0,13640.0,0.0,-2.0,0.0
21300852,1610612745,Houston,Rockets,202700,Donatas,Motiejunas,21181.0,24250.0,2.0,3.0,0.154
21300852,1610612745,Houston,Rockets,202706,Jordan,Hamilton,4950.0,10100.0,2.0,8.0,0.111
21300852,1610612745,Houston,Rockets,202706,Jordan,Hamilton,13640.0,14400.0,2.0,-4.0,0.25
21300852,1610612745,Houston,Rockets,202706,Jordan,Hamilton,20090.0,28800.0,8.0,-1.0,0.139
21300852,1610612745,Houston,Rockets,202718,Chandler,Parsons,0.0,4950.0,8.0,15.0,0.316
21300852,1610612745,Houston,Rockets,202718,Chandler,Parsons,7200.0,20090.0,2.0,2.0,0.13
21300852,1610612745,Houston,Rockets,203093,Terrence,Jones,0.0,3020.0,2.0,6.0,0.1
21300852,1610612745,Houston,Rockets,203093,Terrence,Jones,9420.0,11670.0,2.0,-1.0,0.286
21300852,1610612745,Houston,Rockets,203093,Terrence,Jones,14400.0,21181.0,7.0,4.0,0.125
21300852,1610612745,Houston,Rockets,203477,Isaiah,Canaan,24250.0,28800.0,3.0,1.0,0.222
21300989,1610612745,Houston,Rockets,2730,Dwight,Howard,0.0,7200.0,8.0,-4.0,0.261
21300989,1610612745,Houston,Rockets,2730,Dwight,Howard,10290.0,21600.0,11.0,9.0,0.222
21300989,1610612745,Houston,Rockets,2730,Dwight,Howard,24630.0,28800.0,2.0,-9.0,0.071
21300989,1610612745,Houston,Rockets,201600,Omer,Asik,7200.0,10290.0,2.0,-3.0,0.25
21300989,1610612745,Houston,Rockets,201600,Omer,Asik,21600.0,24630.0,2.0,-2.0,0.1
21300989,1610612745,Houston,Rockets,201935,James,Harden,0.0,6170.0,7.0,-2.0,0.3
21300989,1610612745,Houston,Rockets,201935,James,Harden,8660.0,13910.0,7.0,-1.0,0.261
21300989,1610612745,Houston,Rockets,201935,James,Harden,14315.0,28800.0,16.0,-4.0,0.264
21300989,1610612745,Houston,Rockets,201976,Patrick,Beverley,0.0,4850.0,0.0,-3.0,0.063
21300989,1610612745,Houston,Rockets,201976,Patrick,Beverley,10550.0,19740.0,4.0,9.0,0.216
21300989,1610612745,Houston,Rockets,201976,Patrick,Beverley,21067.0,28800.0,11.0,-11.0,0.346
21300989,1610612745,Houston,Rockets,202391,Jeremy,Lin,4850.0,11160.0,6.0,-8.0,0.261
21300989,1610612745,Houston,Rockets,202391,Jeremy,Lin,13910.0,14315.0,0.0,0.0,0.0
21300989,1610612745,Houston,Rockets,202391,Jeremy,Lin,19740.0,24630.0,0.0,0.0,0.056
21300989,1610612745,Houston,Rockets,202391,Jeremy,Lin,25070.0,28800.0,0.0,-14.0,0.25
21300989,1610612745,Houston,Rockets,202700,Donatas,Motiejunas,5300.0,10290.0,2.0,-2.0,0.111
21300989,1610612745,Houston,Rockets,202700,Donatas,Motiejunas,19740.0,25070.0,5.0,5.0,0.2
21300989,1610612745,Houston,Rockets,202706,Jordan,Hamilton,6170.0,10550.0,0.0,-7.0,0.118
21300989,1610612745,Houston,Rockets,202718,Chandler,Parsons,0.0,8660.0,2.0,-4.0,0.148
21300989,1610612745,Houston,Rockets,202718,Chandler,Parsons,11160.0,21067.0,5.0,13.0,0.154
21300989,1610612745,Houston,Rockets,202718,Chandler,Parsons,24630.0,28800.0,2.0,-9.0,0.143
21300989,1610612745,Houston,Rockets,203093,Terrence,Jones,0.0,5300.0,6.0,-5.0,0.235
21300989,1610612745,Houston,Rockets,203093,Terrence,Jones,10290.0,19740.0,6.0,7.0,0.105
21300876,1610612745,Houston,Rockets,2730,Dwight,Howard,0.0,7200.0,9.0,21.0,0.167
21300876,1610612745,Houston,Rockets,2730,Dwight,Howard,10910.0,19580.0,8.0,-5.0,0.229
21300876,1610612745,Houston,Rockets,2730,Dwight,Howard,23520.0,28800.0,0.0,-3.0,0.053
21300876,1610612745,Houston,Rockets,201600,Omer,Asik,7200.0,10910.0,0.0,0.0,0.077
21300876,1610612745,Houston,Rockets,201600,Omer,Asik,19580.0,23520.0,0.0,-5.0,0.167
21300876,1610612745,Houston,Rockets,201935,James,Harden,0.0,7200.0,12.0,21.0,0.233
21300876,1610612745,Houston,Rockets,201935,James,Harden,10250.0,21600.0,6.0,-3.0,0.208
21300876,1610612745,Houston,Rockets,201935,James,Harden,23520.0,28800.0,2.0,-3.0,0.316
21300876,1610612745,Houston,Rockets,201956,Omri,Casspi,5870.0,10910.0,11.0,3.0,0.316
21300876,1610612745,Houston,Rockets,201956,Omri,Casspi,19760.0,23520.0,5.0,-3.0,0.176
21300876,1610612745,Houston,Rockets,201976,Patrick,Beverley,0.0,4320.0,6.0,12.0,0.222
21300876,1610612745,Houston,Rockets,201976,Patrick,Beverley,7200.0,18960.0,3.0,-3.0,0.13
21300876,1610612745,Houston,Rockets,201976,Patrick,Beverley,21600.0,28800.0,10.0,-7.0,0.269
21300876,1610612745,Houston,Rockets,202391,Jeremy,Lin,4320.0,10250.0,2.0,6.0,0.261
21300876,1610612745,Houston,Rockets,202391,Jeremy,Lin,18960.0,23520.0,2.0,-7.0,0.25
21300876,1610612745,Houston,Rockets,202700,Donatas,Motiejunas,5870.0,10910.0,2.0,3.0,0.158
21300876,1610612745,Houston,Rockets,202700,Donatas,Motiejunas,19080.0,23520.0,5.0,-7.0,0.2
21300876,1610612745,Houston,Rockets,202706,Jordan,Hamilton,0.0,5870.0,4.0,18.0,0.208
21300876,1610612745,Houston,Rockets,202706,Jordan,Hamilton,10910.0,19760.0,7.0,-7.0,0.167
21300876,1610612745,Houston,Rockets,202706,Jordan,Hamilton,23520.0,28800.0,2.0,-3.0,0.105
21300876,1610612745,Houston,Rockets,203093,Terrence,Jones,0.0,5870.0,8.0,18.0,0.208
21300876,1610612745,Houston,Rockets,203093,Terrence,Jones,10910.0,19080.0,12.0,-3.0,0.242
21300876,1610612745,Houston,Rockets,203093,Terrence,Jones,23520.0,28800.0,2.0,-3.0,0.158
21300206,1610612745,Houston,Rockets,2730,Dwight,Howard,0.0,6270.0,5.0,-2.0,0.333
21300206,1610612745,Houston,Rockets,2730,Dwight,Howard,10390.0,20330.0,10.0,-2.0,0.333
21300206,1610612745,Houston,Rockets,101128,Francisco,Garcia,6020.0,9030.0,0.0,-3.0,0.231
21300206,1610612745,Houston,Rockets,101128,Francisco,Garcia,19220.0,28424.0,6.0,17.0,0.25
21300206,1610612745,Houston,Rockets,201166,Aaron,Brooks,5080.0,10960.0,0.0,-5.0,0.125
21300206,1610612745,Houston,Rockets,201166,Aaron,Brooks,19220.0,23050.0,3.0,6.0,0.25
21300206,1610612745,Houston,Rockets,201600,Omer,Asik,6270.0,10390.0,0.0,-3.0,0.111
21300206,1610612745,Houston,Rockets,201600,Omer,Asik,20330.0,28800.0,2.0,14.0,0.029
21300206,1610612745,Houston,Rockets,201956,Omri,Casspi,4060.0,9030.0,5.0,-3.0,0.211
21300206,1610612745,Houston,Rockets,201956,Omri,Casspi,20270.0,28800.0,11.0,14.0,0.176
21300206,1610612745,Houston,Rockets,201976,Patrick,Beverley,0.0,5080.0,0.0,0.0,0.143
21300206,1610612745,Houston,Rockets,201976,Patrick,Beverley,6659.0,19220.0,2.0,-7.0,0.106
21300206,1610612745,Houston,Rockets,201976,Patrick,Beverley,22820.0,28800.0,7.0,12.0,0.167
21300206,1610612745,Houston,Rockets,202391,Jeremy,Lin,0.0,6659.0,6.0,-4.0,0.25
21300206,1610612745,Houston,Rockets,202391,Jeremy,Lin,10960.0,22820.0,7.0,0.0,0.163
21300206,1610612745,Houston,Rockets,202391,Jeremy,Lin,28424.0,28800.0,1.0,1.0,0.333
21300206,1610612745,Houston,Rockets,202718,Chandler,Parsons,0.0,6020.0,2.0,-4.0,0.118
21300206,1610612745,Houston,Rockets,202718,Chandler,Parsons,9030.0,19220.0,6.0,-4.0,0.132
21300206,1610612745,Houston,Rockets,202718,Chandler,Parsons,23050.0,28800.0,9.0,12.0,0.208
21300206,1610612745,Houston,Rockets,203093,Terrence,Jones,0.0,4060.0,4.0,-4.0,0.273
21300206,1610612745,Houston,Rockets,203093,Terrence,Jones,9030.0,20270.0,7.0,0.0,0.262
21300072,1610612745,Houston,Rockets,2730,Dwight,Howard,0.0,6020.0,4.0,-12.0,0.167
21300072,1610612745,Houston,Rockets,2730,Dwight,Howard,8480.0,20810.0,6.0,8.0,0.216
21300072,1610612745,Houston,Rockets,2730,Dwight,Howard,25240.0,28800.0,5.0,2.0,0.467
21300072,1610612745,Houston,Rockets,101128,Francisco,Garcia,5100.0,8480.0,0.0,-1.0,0.133
21300072,1610612745,Houston,Rockets,101128,Francisco,Garcia,10680.0,12620.0,2.0,1.0,0.273
21300072,1610612745,Houston,Rockets,101128,Francisco,Garcia,21600.0,24800.0,0.0,3.0,0.143
21300072,1610612745,Houston,Rockets,201600,Omer,Asik,0.0,4380.0,2.0,-12.0,0.222
21300072,1610612745,Houston,Rockets,201600,Omer,Asik,6020.0,8480.0,2.0,-3.0,0.182
21300072,1610612745,Houston,Rockets,201600,Omer,Asik,14400.0,17120.0,0.0,0.0,0.111
21300072,1610612745,Houston,Rockets,201600,Omer,Asik,20810.0,25240.0,2.0,4.0,0.105
21300072,1610612745,Houston,Rockets,201935,James,Harden,0.0,6020.0,4.0,-12.0,0.333
21300072,1610612745,Houston,Rockets,201935,James,Harden,8480.0,28800.0,31.0,14.0,0.306
21300072,1610612745,Houston,Rockets,201956,Omri,Casspi,4380.0,8660.0,2.0,-3.0,0.167
21300072,1610612745,Houston,Rockets,201956,Omri,Casspi,17120.0,25090.0,3.0,12.0,0.121
21300072,1610612745,Houston,Rockets,201976,Patrick,Beverley,0.0,3350.0,0.0,-8.0,0.083
21300072,1610612745,Houston,Rockets,201976,Patrick,Beverley,6020.0,15760.0,3.0,-2.0,0.14
21300072,1610612745,Houston,Rockets,201976,Patrick,Beverley,21600.0,28800.0,0.0,3.0,0.133
21300072,1610612745,Houston,Rockets,202391,Jeremy,Lin,3350.0,10680.0,8.0,-4.0,0.242
21300072,1610612745,Houston,Rockets,202391,Jeremy,Lin,12620.0,14400.0,0.0,-3.0,0.0
21300072,1610612745,Houston,Rockets,202391,Jeremy,Lin,15760.0,21600.0,8.0,10.0,0.261
21300072,1610612745,Houston,Rockets,202391,Jeremy,Lin,25090.0,28800.0,0.0,1.0,0.067
21300072,1610612745,Houston,Rockets,202718,Chandler,Parsons,0.0,5100.0,2.0,-14.0,0.15
21300072,1610612745,Houston,Rockets,202718,Chandler,Parsons,8660.0,21600.0,10.0,11.0,0.164
21300072,1610612745,Houston,Rockets,202718,Chandler,Parsons,24800.0,28800.0,4.0,0.0,0.125
21300580,1610612745,Houston,Rockets,2730,Dwight,Howard,0.0,7200.0,6.0,-4.0,0.222
21300580,1610612745,Houston,Rockets,2730,Dwight,Howard,10300.0,11820.0,0.0,2.0,0.167
21300580,1610612745,Houston,Rockets,2730,Dwight,Howard,14400.0,19060.0,0.0,-4.0,0.211
21300580,1610612745,Houston,Rockets,2730,Dwight,Howard,21600.0,23600.0,4.0,-1.0,0.571
21300580,1610612745,Houston,Rockets,2730,Dwight,Howard,26280.0,28800.0,1.0,-4.0,0.167
21300580,1610612745,Houston,Rockets,101128,Francisco,Garcia,6120.0,8040.0,3.0,-2.0,0.25
21300580,1610612745,Houston,Rockets,101128,Francisco,Garcia,14054.0,14400.0,0.0,0.0,0.0
21300580,1610612745,Houston,Rockets,101128,Francisco,Garcia,20660.0,23600.0,0.0,-7.0,0.091
21300580,1610612745,Houston,Rockets,201166,Aaron,Brooks,4720.0,11820.0,11.0,13.0,0.231
21300580,1610612745,Houston,Rockets,201166,Aaron,Brooks,19060.0,26280.0,0.0,-18.0,0.192
21300580,1610612745,Houston,Rockets,201935,James,Harden,0.0,6120.0,6.0,-4.0,0.261
21300580,1610612745,Houston,Rockets,201935,James,Harden,8040.0,20660.0,10.0,12.0,0.184
21300580,1610612745,Houston,Rockets,201935,James,Harden,23600.0,28800.0,0.0,-11.0,0.238
21300580,1610612745,Houston,Rockets,201956,Omri,Casspi,6490.0,10300.0,0.0,11.0,0.0
21300580,1610612745,Houston,Rockets,202391,Jeremy,Lin,0.0,4720.0,2.0,-7.0,0.105
21300580,1610612745,Houston,Rockets,202391,Jeremy,Lin,11820.0,19060.0,2.0,4.0,0.167
21300580,1610612745,Houston,Rockets,202391,Jeremy,Lin,26280.0,28800.0,2.0,-4.0,0.25
21300580,1610612745,Houston,Rockets,202700,Donatas,Motiejunas,4720.0,9290.0,10.0,7.0,0.375
21300580,1610612745,Houston,Rockets,202700,Donatas,Motiejunas,11820.0,14400.0,3.0,8.0,0.182
21300580,1610612745,Houston,Rockets,202700,Donatas,Motiejunas,19060.0,26280.0,2.0,-18.0,0.077
21300580,1610612745,Houston,Rockets,202718,Chandler,Parsons,0.0,6490.0,1.0,-7.0,0.125
21300580,1610612745,Houston,Rockets,202718,Chandler,Parsons,9290.0,14054.0,9.0,14.0,0.3
21300580,1610612745,Houston,Rockets,202718,Chandler,Parsons,14400.0,28800.0,4.0,-26.0,0.2
21300580,1610612745,Houston,Rockets,203093,Terrence,Jones,0.0,4720.0,4.0,-7.0,0.211
21300580,1610612745,Houston,Rockets,203093,Terrence,Jones,7200.0,21600.0,12.0,4.0,0.179
21300580,1610612745,Houston,Rockets,203093,Terrence,Jones,23600.0,28800.0,0.0,-11.0,0.19
21300900,1610612745,Houston,Rockets,2730,Dwight,Howard,0.0,6949.0,8.0,5.0,0.259
21300900,1610612745,Houston,Rockets,2730,Dwight,Howard,10410.0,14014.0,5.0,2.0,0.286
21300900,1610612745,Houston,Rockets,2730,Dwight,Howard,14400.0,20530.0,6.0,9.0,0.192
21300900,1610612745,Houston,Rockets,2730,Dwight,Howard,23590.0,28800.0,3.0,-1.0,0.176
21300900,1610612745,Houston,Rockets,201600,Omer,Asik,7200.0,10410.0,0.0,-5.0,0.091
21300900,1610612745,Houston,Rockets,201600,Omer,Asik,14014.0,14400.0,0.0,-3.0,0.0
21300900,1610612745,Houston,Rockets,201600,Omer,Asik,20530.0,23590.0,3.0,-6.0,0.333
21300900,1610612745,Houston,Rockets,201935,James,Harden,0.0,5270.0,5.0,6.0,0.143
21300900,1610612745,Houston,Rockets,201935,James,Harden,6949.0,13070.0,2.0,0.0,0.227
21300900,1610612745,Houston,Rockets,201935,James,Harden,14400.0,21600.0,9.0,9.0,0.323
21300900,1610612745,Houston,Rockets,201935,James,Harden,23590.0,28800.0,5.0,-1.0,0.294
21300900,1610612745,Houston,Rockets,201976,Patrick,Beverley,0.0,5270.0,9.0,6.0,0.19
21300900,1610612745,Houston,Rockets,201976,Patrick,Beverley,10410.0,19650.0,8.0,12.0,0.211
21300900,1610612745,Houston,Rockets,201976,Patrick,Beverley,23590.0,28800.0,2.0,-1.0,0.176
21300900,1610612745,Houston,Rockets,202391,Jeremy,Lin,5270.0,10410.0,3.0,-4.0,0.333
21300900,1610612745,Houston,Rockets,202391,Jeremy,Lin,19650.0,23590.0,4.0,-10.0,0.063
21300900,1610612745,Houston,Rockets,202700,Donatas,Motiejunas,5820.0,10410.0,0.0,-5.0,0.188
21300900,1610612745,Houston,Rockets,202700,Donatas,Motiejunas,20280.0,23590.0,1.0,-9.0,0.286
21300900,1610612745,Houston,Rockets,202706,Jordan,Hamilton,5270.0,10410.0,4.0,-4.0,0.111
21300900,1610612745,Houston,Rockets,202706,Jordan,Hamilton,13070.0,14400.0,0.0,-4.0,0.0
21300900,1610612745,Houston,Rockets,202706,Jordan,Hamilton,19010.0,23590.0,0.0,-8.0,0.1
21300900,1610612745,Houston,Rockets,202718,Chandler,Parsons,0.0,7200.0,4.0,7.0,0.143
21300900,1610612745,Houston,Rockets,202718,Chandler,Parsons,10410.0,19010.0,6.0,10.0,0.2
21300900,1610612745,Houston,Rockets,202718,Chandler,Parsons,21600.0,28800.0,0.0,-7.0,0.083
21300900,1610612745,Houston,Rockets,203093,Terrence,Jones,0.0,5820.0,8.0,7.0,0.261
21300900,1610612745,Houston,Rockets,203093,Terrence,Jones,10410.0,20280.0,3.0,11.0,0.1
21300900,1610612745,Houston,Rockets,203093,Terrence,Jones,23590.0,28800.0,8.0,-1.0,0.235
21300421,1610612745,Houston,Rockets,2730,Dwight,Howard,0.0,5600.0,6.0,14.0,0.227
21300421,1610612745,Houston,Rockets,2730,Dwight,Howard,9110.0,14116.0,5.0,2.0,0.4
21300421,1610612745,Houston,Rockets,2730,Dwight,Howard,14400.0,20540.0,4.0,-1.0,0.231
21300421,1610612745,Houston,Rockets,2730,Dwight,Howard,24600.0,28572.0,0.0,8.0,0.0
21300421,1610612745,Houston,Rockets,101128,Francisco,Garcia,5510.0,10560.0,0.0,-10.0,0.0
21300421,1610612745,Houston,Rockets,101128,Francisco,Garcia,20540.0,23590.0,0.0,-3.0,0.091
21300421,1610612745,Houston,Rockets,101128,Francisco,Garcia,28572.0,28800.0,0.0,0.0,0.0
21300421,1610612745,Houston,Rockets,200758,Ronnie,Brewer,28572.0,28800.0,0.0,0.0,0.0
21300421,1610612745,Houston,Rockets,201166,Aaron,Brooks,5600.0,10560.0,6.0,-8.0,0.263
21300421,1610612745,Houston,Rockets,201166,Aaron,Brooks,21307.0,24600.0,0.0,-3.0,0.0
21300421,1610612745,Houston,Rockets,201166,Aaron,Brooks,28572.0,28800.0,0.0,0.0,0.0
21300421,1610612745,Houston,Rockets,201935,James,Harden,0.0,5510.0,2.0,16.0,0.045
21300421,1610612745,Houston,Rockets,201935,James,Harden,6952.0,21600.0,10.0,-5.0,0.211
21300421,1610612745,Houston,Rockets,201935,James,Harden,23590.0,28572.0,16.0,8.0,0.533
21300421,1610612745,Houston,Rockets,201956,Omri,Casspi,4280.0,9110.0,3.0,-9.0,0.25
21300421,1610612745,Houston,Rockets,201956,Omri,Casspi,14116.0,14400.0,0.0,0.0,0.0
21300421,1610612745,Houston,Rockets,201956,Omri,Casspi,18630.0,24600.0,4.0,-2.0,0.19
21300421,1610612745,Houston,Rockets,201956,Omri,Casspi,28572.0,28800.0,0.0,0.0,0.0
21300421,1610612745,Houston,Rockets,202391,Jeremy,Lin,0.0,5600.0,4.0,14.0,0.136
21300421,1610612745,Houston,Rockets,202391,Jeremy,Lin,10560.0,21307.0,9.0,2.0,0.205
21300421,1610612745,Houston,Rockets,202391,Jeremy,Lin,24600.0,28572.0,0.0,8.0,0.077
21300421,1610612745,Houston,Rockets,202718,Chandler,Parsons,0.0,6952.0,14.0,13.0,0.25
21300421,1610612745,Houston,Rockets,202718,Chandler,Parsons,10560.0,20540.0,5.0,2.0,0.122
21300421,1610612745,Houston,Rockets,202718,Chandler,Parsons,21600.0,28572.0,2.0,5.0,0.143
21300421,1610612745,Houston,Rockets,203093,Terrence,Jones,0.0,4280.0,6.0,16.0,0.353
21300421,1610612745,Houston,Rockets,203093,Terrence,Jones,5600.0,18630.0,9.0,-7.0,0.196
21300421,1610612745,Houston,Rockets,203093,Terrence,Jones,20540.0,28572.0,6.0,5.0,0.231
21300421,1610612745,Houston,Rockets,203477,Isaiah,Canaan,28572.0,28800.0,0.0,0.0,0.0
21300597,1610612745,Houston,Rockets,2730,Dwight,Howard,0.0,6140.0,8.0,7.0,0.217
21300597,1610612745,Houston,Rockets,2730,Dwight,Howard,10680.0,21600.0,12.0,1.0,0.18
21300597,1610612745,Houston,Rockets,2730,Dwight,Howard,24390.0,28257.0,0.0,2.0,0.0
21300597,1610612745,Houston,Rockets,200758,Ronnie,Brewer,28257.0,28800.0,0.0,-2.0,0.0
21300597,1610612745,Houston,Rockets,201166,Aaron,Brooks,5820.0,10830.0,5.0,6.0,0.105
21300597,1610612745,Houston,Rockets,201166,Aaron,Brooks,18580.0,28257.0,5.0,6.0,0.158
21300597,1610612745,Houston,Rockets,201166,Aaron,Brooks,28335.0,28800.0,0.0,-4.0,0.0
21300597,1610612745,Houston,Rockets,201935,James,Harden,0.0,7200.0,6.0,6.0,0.222
21300597,1610612745,Houston,Rockets,201935,James,Harden,10440.0,21600.0,12.0,3.0,0.288
21300597,1610612745,Houston,Rockets,201935,James,Harden,24390.0,28257.0,4.0,2.0,0.2
21300597,1610612745,Houston,Rockets,201956,Omri,Casspi,4150.0,10440.0,2.0,6.0,0.238
21300597,1610612745,Houston,Rockets,201956,Omri,Casspi,18580.0,24390.0,4.0,4.0,0.217
21300597,1610612745,Houston,Rockets,201956,Omri,Casspi,28257.0,28800.0,0.0,-2.0,0.25
21300597,1610612745,Houston,Rockets,202391,Jeremy,Lin,0.0,5820.0,7.0,7.0,0.182
21300597,1610612745,Houston,Rockets,202391,Jeremy,Lin,10830.0,18580.0,0.0,-7.0,0.162
21300597,1610612745,Houston,Rockets,202700,Donatas,Motiejunas,4150.0,10680.0,2.0,8.0,0.13
21300597,1610612745,Houston,Rockets,202700,Donatas,Motiejunas,12260.0,13842.0,0.0,-6.0,0.25
21300597,1610612745,Houston,Rockets,202700,Donatas,Motiejunas,19800.0,24390.0,1.0,-1.0,0.056
21300597,1610612745,Houston,Rockets,202718,Chandler,Parsons,0.0,4150.0,2.0,4.0,0.176
21300597,1610612745,Houston,Rockets,202718,Chandler,Parsons,7200.0,18580.0,0.0,0.0,0.08
21300597,1610612745,Houston,Rockets,202718,Chandler,Parsons,21600.0,28257.0,6.0,-1.0,0.292
21300597,1610612745,Houston,Rockets,203093,Terrence,Jones,0.0,4150.0,4.0,4.0,0.235
21300597,1610612745,Houston,Rockets,203093,Terrence,Jones,6140.0,12260.0,17.0,7.0,0.375
21300597,1610612745,Houston,Rockets,203093,Terrence,Jones,13842.0,19800.0,10.0,3.0,0.192
21300597,1610612745,Houston,Rockets,203093,Terrence,Jones,21600.0,28335.0,5.0,1.0,0.28
21300597,1610612745,Houston,Rockets,203477,Isaiah,Canaan,28257.0,28800.0,2.0,-2.0,0.25
21300597,1610612745,Houston,Rockets,203496,Robert,Covington,28257.0,28800.0,0.0,-2.0,0.0
21300485,1610612745,Houston,Rockets,2730,Dwight,Howard,0.0,5360.0,3.0,-4.0,0.222
21300485,1610612745,Houston,Rockets,2730,Dwight,Howard,7200.0,14357.0,4.0,5.0,0.143
21300485,1610612745,Houston,Rockets,2730,Dwight,Howard,14400.0,21600.0,4.0,-9.0,0.185
21300485,1610612745,Houston,Rockets,2730,Dwight,Howard,25440.0,28800.0,4.0,0.0,0.2
21300485,1610612745,Houston,Rockets,101128,Francisco,Garcia,7200.0,11510.0,0.0,9.0,0.0
21300485,1610612745,Houston,Rockets,101128,Francisco,Garcia,21600.0,28800.0,3.0,10.0,0.091
21300485,1610612745,Houston,Rockets,201166,Aaron,Brooks,5050.0,7590.0,0.0,-4.0,0.444
21300485,1610612745,Houston,Rockets,201166,Aaron,Brooks,19450.0,28630.0,5.0,7.0,0.226
21300485,1610612745,Houston,Rockets,201935,James,Harden,0.0,7200.0,4.0,-4.0,0.167
21300485,1610612745,Houston,Rockets,201935,James,Harden,9320.0,28800.0,33.0,2.0,0.362
21300485,1610612745,Houston,Rockets,201956,Omri,Casspi,6510.0,10310.0,5.0,5.0,0.2
21300485,1610612745,Houston,Rockets,202391,Jeremy,Lin,0.0,5050.0,7.0,-1.0,0.294
21300485,1610612745,Houston,Rockets,202391,Jeremy,Lin,7590.0,19450.0,7.0,0.0,0.222
21300485,1610612745,Houston,Rockets,202718,Chandler,Parsons,0.0,9320.0,4.0,0.0,0.212
21300485,1610612745,Houston,Rockets,202718,Chandler,Parsons,11510.0,28800.0,13.0,-3.0,0.164
21300485,1610612745,Houston,Rockets,202962,Greg,Smith,5360.0,7200.0,0.0,0.0,0.0
21300485,1610612745,Houston,Rockets,202962,Greg,Smith,14357.0,14400.0,0.0,0.0,0.0
21300485,1610612745,Houston,Rockets,202962,Greg,Smith,21600.0,25440.0,0.0,10.0,0.0
21300485,1610612745,Houston,Rockets,203093,Terrence,Jones,0.0,6510.0,2.0,-4.0,0.15
21300485,1610612745,Houston,Rockets,203093,Terrence,Jones,10310.0,21600.0,4.0,-9.0,0.136
21300485,1610612745,Houston,Rockets,203093,Terrence,Jones,28630.0,28800.0,0.0,0.0,0.0
21300671,1610612745,Houston,Rockets,2730,Dwight,Howard,0.0,5580.0,0.0,-12.0,0.381
21300671,1610612745,Houston,Rockets,2730,Dwight,Howard,10190.0,21600.0,17.0,14.0,0.395
21300671,1610612745,Houston,Rockets,2730,Dwight,Howard,24440.0,28800.0,6.0,-2.0,0.421
21300671,1610612745,Houston,Rockets,201166,Aaron,Brooks,4710.0,9890.0,3.0,6.0,0.25
21300671,1610612745,Houston,Rockets,201166,Aaron,Brooks,19220.0,24440.0,2.0,4.0,0.15
21300671,1610612745,Houston,Rockets,201166,Aaron,Brooks,25140.0,28130.0,3.0,-3.0,0.167
21300671,1610612745,Houston,Rockets,201956,Omri,Casspi,4710.0,10190.0,4.0,7.0,0.2
21300671,1610612745,Houston,Rockets,201956,Omri,Casspi,21028.0,24570.0,1.0,1.0,0.231
21300671,1610612745,Houston,Rockets,201976,Patrick,Beverley,0.0,5740.0,2.0,-14.0,0.136
21300671,1610612745,Houston,Rockets,201976,Patrick,Beverley,9890.0,20560.0,7.0,13.0,0.15
21300671,1610612745,Houston,Rockets,201976,Patrick,Beverley,24440.0,25140.0,2.0,-2.0,0.5
21300671,1610612745,Houston,Rockets,201976,Patrick,Beverley,28130.0,28800.0,0.0,3.0,0.0
21300671,1610612745,Houston,Rockets,202391,Jeremy,Lin,0.0,4710.0,2.0,-13.0,0.118
21300671,1610612745,Houston,Rockets,202391,Jeremy,Lin,5740.0,19220.0,7.0,19.0,0.189
21300671,1610612745,Houston,Rockets,202391,Jeremy,Lin,20560.0,28800.0,9.0,1.0,0.206
21300671,1610612745,Houston,Rockets,202700,Donatas,Motiejunas,4060.0,7640.0,3.0,2.0,0.067
21300671,1610612745,Houston,Rockets,202700,Donatas,Motiejunas,13130.0,14400.0,0.0,3.0,0.0
21300671,1610612745,Houston,Rockets,202700,Donatas,Motiejunas,19220.0,24440.0,2.0,4.0,0.1
21300671,1610612745,Houston,Rockets,202700,Donatas,Motiejunas,28130.0,28800.0,0.0,3.0,0.0
21300671,1610612745,Houston,Rockets,202718,Chandler,Parsons,0.0,4710.0,0.0,-13.0,0.176
21300671,1610612745,Houston,Rockets,202718,Chandler,Parsons,7640.0,21028.0,6.0,19.0,0.135
21300671,1610612745,Houston,Rockets,202718,Chandler,Parsons,24570.0,28800.0,0.0,-2.0,0.056
21300671,1610612745,Houston,Rockets,203093,Terrence,Jones,0.0,4060.0,2.0,-13.0,0.063
21300671,1610612745,Houston,Rockets,203093,Terrence,Jones,5580.0,13130.0,13.0,2.0,0.303
21300671,1610612745,Houston,Rockets,203093,Terrence,Jones,14400.0,19220.0,4.0,12.0,0.167
21300671,1610612745,Houston,Rockets,203093,Terrence,Jones,21600.0,28130.0,2.0,-4.0,0.125
21300112,1610612745,Houston,Rockets,2730,Dwight,Howard,0.0,6420.0,8.0,5.0,0.208
21300112,1610612745,Houston,Rockets,2730,Dwight,Howard,9040.0,19780.0,8.0,8.0,0.279
21300112,1610612745,Houston,Rockets,2730,Dwight,Howard,23640.0,31612.0,7.0,-10.0,0.242
21300112,1610612745,Houston,Rockets,2730,Dwight,Howard,31680.0,31800.0,0.0,-1.0,0.0
21300112,1610612745,Houston,Rockets,101128,Francisco,Garcia,4670.0,9040.0,0.0,-3.0,0.118
21300112,1610612745,Houston,Rockets,101128,Francisco,Garcia,12730.0,14400.0,0.0,-5.0,0.0
21300112,1610612745,Houston,Rockets,101128,Francisco,Garcia,18970.0,24810.0,0.0,-2.0,0.091
21300112,1610612745,Houston,Rockets,101128,Francisco,Garcia,28734.0,28800.0,0.0,0.0,0.0
21300112,1610612745,Houston,Rockets,101128,Francisco,Garcia,31612.0,31680.0,0.0,-2.0,1.0
21300112,1610612745,Houston,Rockets,101128,Francisco,Garcia,31718.0,31800.0,0.0,-4.0,0.0
21300112,1610612745,Houston,Rockets,201166,Aaron,Brooks,6420.0,9040.0,0.0,-7.0,0.111
21300112,1610612745,Houston,Rockets,201166,Aaron,Brooks,31718.0,31729.0,0.0,-2.0,0.0
21300112,1610612745,Houston,Rockets,201600,Omer,Asik,6420.0,9040.0,0.0,-7.0,0.0
21300112,1610612745,Houston,Rockets,201956,Omri,Casspi,4730.0,10300.0,7.0,-4.0,0.286
21300112,1610612745,Houston,Rockets,201956,Omri,Casspi,19090.0,27620.0,9.0,-6.0,0.265
21300112,1610612745,Houston,Rockets,201956,Omri,Casspi,28734.0,28800.0,0.0,0.0,0.0
21300112,1610612745,Houston,Rockets,201956,Omri,Casspi,31612.0,31718.0,0.0,1.0,0.0
21300112,1610612745,Houston,Rockets,201976,Patrick,Beverley,0.0,6420.0,6.0,5.0,0.125
21300112,1610612745,Houston,Rockets,201976,Patrick,Beverley,9040.0,12730.0,0.0,4.0,0.071
21300112,1610612745,Houston,Rockets,201976,Patrick,Beverley,14400.0,18970.0,0.0,11.0,0.0
21300112,1610612745,Houston,Rockets,201976,Patrick,Beverley,20940.0,28734.0,6.0,-5.0,0.129
21300112,1610612745,Houston,Rockets,201976,Patrick,Beverley,28800.0,31612.0,0.0,-3.0,0.091
21300112,1610612745,Houston,Rockets,201976,Patrick,Beverley,31680.0,31800.0,0.0,-1.0,0.0
21300112,1610612745,Houston,Rockets,202391,Jeremy,Lin,0.0,4670.0,8.0,1.0,0.294
21300112,1610612745,Houston,Rockets,202391,Jeremy,Lin,5670.0,20940.0,20.0,2.0,0.233
21300112,1610612745,Houston,Rockets,202391,Jeremy,Lin,22560.0,31718.0,6.0,-12.0,0.237
21300112,1610612745,Houston,Rockets,202391,Jeremy,Lin,31729.0,31800.0,0.0,-2.0,0.5
21300112,1610612745,Houston,Rockets,202718,Chandler,Parsons,0.0,4730.0,0.0,2.0,0.167
21300112,1610612745,Houston,Rockets,202718,Chandler,Parsons,5390.0,5670.0,0.0,0.0,1.0
21300112,1610612745,Houston,Rockets,202718,Chandler,Parsons,9040.0,22560.0,18.0,12.0,0.291
21300112,1610612745,Houston,Rockets,202718,Chandler,Parsons,24810.0,31800.0,4.0,-12.0,0.219
21300112,1610612745,Houston,Rockets,203093,Terrence,Jones,0.0,5390.0,5.0,3.0,0.2
21300112,1610612745,Houston,Rockets,203093,Terrence,Jones,10300.0,19090.0,5.0,10.0,0.143
21300112,1610612745,Houston,Rockets,203093,Terrence,Jones,19780.0,23640.0,0.0,1.0,0.063
21300112,1610612745,Houston,Rockets,203093,Terrence,Jones,27620.0,28734.0,0.0,-2.0,0.2
21300112,1610612745,Houston,Rockets,203093,Terrence,Jones,28800.0,31680.0,0.0,-5.0,0.167
21300464,1610612745,Houston,Rockets,2730,Dwight,Howard,0.0,5220.0,0.0,-5.0,0.211
21300464,1610612745,Houston,Rockets,2730,Dwight,Howard,7200.0,28800.0,15.0,1.0,0.155
21300464,1610612745,Houston,Rockets,101128,Francisco,Garcia,6230.0,10040.0,0.0,1.0,0.0
21300464,1610612745,Houston,Rockets,101128,Francisco,Garcia,13670.0,14400.0,0.0,-1.0,0.0
21300464,1610612745,Houston,Rockets,101128,Francisco,Garcia,19590.0,24610.0,4.0,-1.0,0.16
21300464,1610612745,Houston,Rockets,201166,Aaron,Brooks,4900.0,8440.0,4.0,-3.0,0.286
21300464,1610612745,Houston,Rockets,201166,Aaron,Brooks,13670.0,14400.0,0.0,-1.0,0.0
21300464,1610612745,Houston,Rockets,201166,Aaron,Brooks,20110.0,24610.0,0.0,1.0,0.091
21300464,1610612745,Houston,Rockets,201166,Aaron,Brooks,28679.0,28691.0,0.0,-1.0,0.0
21300464,1610612745,Houston,Rockets,201935,James,Harden,0.0,7200.0,7.0,-5.0,0.286
21300464,1610612745,Houston,Rockets,201935,James,Harden,10040.0,13670.0,5.0,0.0,0.25
21300464,1610612745,Houston,Rockets,201935,James,Harden,14400.0,19590.0,16.0,7.0,0.421
21300464,1610612745,Houston,Rockets,201935,James,Harden,21600.0,28800.0,10.0,-10.0,0.484
21300464,1610612745,Houston,Rockets,201956,Omri,Casspi,5220.0,10140.0,2.0,0.0,0.118
21300464,1610612745,Houston,Rockets,201956,Omri,Casspi,19310.0,23580.0,4.0,2.0,0.333
21300464,1610612745,Houston,Rockets,201956,Omri,Casspi,28709.0,28800.0,0.0,0.0,0.0
21300464,1610612745,Houston,Rockets,202391,Jeremy,Lin,0.0,4900.0,2.0,-3.0,0.167
21300464,1610612745,Houston,Rockets,202391,Jeremy,Lin,8440.0,20110.0,6.0,5.0,0.119
21300464,1610612745,Houston,Rockets,202391,Jeremy,Lin,24610.0,28800.0,6.0,-4.0,0.235
21300464,1610612745,Houston,Rockets,202718,Chandler,Parsons,0.0,6230.0,5.0,-6.0,0.217
21300464,1610612745,Houston,Rockets,202718,Chandler,Parsons,7200.0,13670.0,4.0,0.0,0.25
21300464,1610612745,Houston,Rockets,202718,Chandler,Parsons,14400.0,21600.0,4.0,12.0,0.207
21300464,1610612745,Houston,Rockets,202718,Chandler,Parsons,24610.0,28800.0,0.0,-4.0,0.059
21300464,1610612745,Houston,Rockets,203093,Terrence,Jones,0.0,7200.0,4.0,-5.0,0.107
21300464,1610612745,Houston,Rockets,203093,Terrence,Jones,10140.0,19310.0,4.0,5.0,0.176
21300464,1610612745,Houston,Rockets,203093,Terrence,Jones,23580.0,28679.0,4.0,-5.0,0.158
21300464,1610612745,Houston,Rockets,203093,Terrence,Jones,28691.0,28709.0,0.0,0.0,0.0
21300259,1610612745,Houston,Rockets,2730,Dwight,Howard,0.0,6520.0,4.0,-10.0,0.292
21300259,1610612745,Houston,Rockets,2730,Dwight,Howard,11270.0,20080.0,9.0,1.0,0.273
21300259,1610612745,Houston,Rockets,2730,Dwight,Howard,24490.0,28800.0,2.0,-2.0,0.077
21300259,1610612745,Houston,Rockets,101128,Francisco,Garcia,0.0,5280.0,2.0,-6.0,0.1
21300259,1610612745,Houston,Rockets,101128,Francisco,Garcia,7200.0,19240.0,11.0,7.0,0.152
21300259,1610612745,Houston,Rockets,101128,Francisco,Garcia,21600.0,24990.0,0.0,4.0,0.1
21300259,1610612745,Houston,Rockets,200758,Ronnie,Brewer,5280.0,7630.0,0.0,-8.0,0.0
21300259,1610612745,Houston,Rockets,201166,Aaron,Brooks,5280.0,10130.0,0.0,-1.0,0.263
21300259,1610612745,Houston,Rockets,201166,Aaron,Brooks,19240.0,28800.0,13.0,0.0,0.321
21300259,1610612745,Houston,Rockets,201600,Omer,Asik,6520.0,11270.0,2.0,3.0,0.158
21300259,1610612745,Houston,Rockets,201600,Omer,Asik,20080.0,24490.0,0.0,2.0,0.077
21300259,1610612745,Houston,Rockets,201935,James,Harden,0.0,7200.0,10.0,-13.0,0.296
21300259,1610612745,Houston,Rockets,201935,James,Harden,10130.0,28800.0,27.0,1.0,0.349
21300259,1610612745,Houston,Rockets,201956,Omri,Casspi,5280.0,12370.0,8.0,7.0,0.143
21300259,1610612745,Houston,Rockets,201956,Omri,Casspi,17780.0,28800.0,5.0,1.0,0.143
21300259,1610612745,Houston,Rockets,201976,Patrick,Beverley,0.0,5280.0,2.0,-6.0,0.1
21300259,1610612745,Houston,Rockets,201976,Patrick,Beverley,7630.0,21600.0,6.0,6.0,0.135
21300259,1610612745,Houston,Rockets,201976,Patrick,Beverley,24990.0,28800.0,0.0,-2.0,0.091
21300259,1610612745,Houston,Rockets,203093,Terrence,Jones,0.0,5280.0,2.0,-6.0,0.2
21300259,1610612745,Houston,Rockets,203093,Terrence,Jones,12370.0,17780.0,0.0,-8.0,0.05
21300350,1610612745,Houston,Rockets,2730,Dwight,Howard,0.0,3190.0,3.0,0.0,0.273
21300350,1610612745,Houston,Rockets,2730,Dwight,Howard,8870.0,17800.0,7.0,-6.0,0.286
21300350,1610612745,Houston,Rockets,2730,Dwight,Howard,21600.0,28040.0,3.0,-6.0,0.208
21300350,1610612745,Houston,Rockets,101128,Francisco,Garcia,5490.0,12000.0,0.0,-12.0,0.071
21300350,1610612745,Houston,Rockets,101128,Francisco,Garcia,21038.0,23880.0,0.0,1.0,0.083
21300350,1610612745,Houston,Rockets,101128,Francisco,Garcia,26350.0,28800.0,3.0,0.0,0.3
21300350,1610612745,Houston,Rockets,200758,Ronnie,Brewer,28040.0,28800.0,0.0,1.0,0.0
21300350,1610612745,Houston,Rockets,201166,Aaron,Brooks,5320.0,9560.0,5.0,-4.0,0.222
21300350,1610612745,Houston,Rockets,201166,Aaron,Brooks,15070.0,18340.0,0.0,-7.0,0.083
21300350,1610612745,Houston,Rockets,201166,Aaron,Brooks,19490.0,24650.0,2.0,-1.0,0.095
21300350,1610612745,Houston,Rockets,201166,Aaron,Brooks,25080.0,28800.0,6.0,-2.0,0.429
21300350,1610612745,Houston,Rockets,201935,James,Harden,0.0,6912.0,9.0,0.0,0.296
21300350,1610612745,Houston,Rockets,201935,James,Harden,8870.0,15070.0,13.0,-3.0,0.4
21300350,1610612745,Houston,Rockets,201935,James,Harden,18340.0,25080.0,3.0,-1.0,0.231
21300350,1610612745,Houston,Rockets,201956,Omri,Casspi,3870.0,8870.0,3.0,-6.0,0.15
21300350,1610612745,Houston,Rockets,201956,Omri,Casspi,16890.0,21038.0,1.0,-6.0,0.176
21300350,1610612745,Houston,Rockets,201976,Patrick,Beverley,0.0,5320.0,0.0,2.0,0.1
21300350,1610612745,Houston,Rockets,201976,Patrick,Beverley,9560.0,19490.0,6.0,-8.0,0.128
21300350,1610612745,Houston,Rockets,201976,Patrick,Beverley,24650.0,28040.0,0.0,-5.0,0.154
21300350,1610612745,Houston,Rockets,202700,Donatas,Motiejunas,12000.0,14400.0,0.0,0.0,0.222
21300350,1610612745,Houston,Rockets,202700,Donatas,Motiejunas,28040.0,28800.0,0.0,1.0,0.0
21300350,1610612745,Houston,Rockets,202718,Chandler,Parsons,0.0,5490.0,12.0,4.0,0.429
21300350,1610612745,Houston,Rockets,202718,Chandler,Parsons,6912.0,21038.0,5.0,-10.0,0.161
21300350,1610612745,Houston,Rockets,202718,Chandler,Parsons,23880.0,28800.0,2.0,-6.0,0.176
21300350,1610612745,Houston,Rockets,202962,Greg,Smith,3190.0,6912.0,2.0,0.0,0.125
21300350,1610612745,Houston,Rockets,202962,Greg,Smith,17800.0,26350.0,4.0,-7.0,0.125
21300350,1610612745,Houston,Rockets,203093,Terrence,Jones,0.0,3870.0,0.0,4.0,0.067
21300350,1610612745,Houston,Rockets,203093,Terrence,Jones,6912.0,8870.0,2.0,-2.0,0.25
21300350,1610612745,Houston,Rockets,203093,Terrence,Jones,14400.0,16890.0,0.0,4.0,0.25
21300350,1610612745,Houston,Rockets,203093,Terrence,Jones,21038.0,21600.0,0.0,0.0,0.0
21300838,1610612745,Houston,Rockets,2730,Dwight,Howard,0.0,6863.0,7.0,14.0,0.214
21300838,1610612745,Houston,Rockets,2730,Dwight,Howard,10070.0,19820.0,16.0,-13.0,0.256
21300838,1610612745,Houston,Rockets,2730,Dwight,Howard,24590.0,28653.0,2.0,9.0,0.214
21300838,1610612745,Houston,Rockets,2730,Dwight,Howard,28659.0,28659.0,0.0,0.0,0.0
21300838,1610612745,Houston,Rockets,201600,Omer,Asik,6863.0,10070.0,3.0,-6.0,0.214
21300838,1610612745,Houston,Rockets,201600,Omer,Asik,19820.0,24590.0,0.0,-3.0,0.0
21300838,1610612745,Houston,Rockets,201935,James,Harden,0.0,7200.0,4.0,14.0,0.167
21300838,1610612745,Houston,Rockets,201935,James,Harden,10070.0,14198.0,3.0,-4.0,0.375
21300838,1610612745,Houston,Rockets,201935,James,Harden,14400.0,20860.0,10.0,-9.0,0.2
21300838,1610612745,Houston,Rockets,201935,James,Harden,21600.0,28800.0,6.0,13.0,0.259
21300838,1610612745,Houston,Rockets,201956,Omri,Casspi,6863.0,9020.0,4.0,-3.0,0.4
21300838,1610612745,Houston,Rockets,201956,Omri,Casspi,20860.0,24590.0,3.0,-3.0,0.188
21300838,1610612745,Houston,Rockets,201976,Patrick,Beverley,0.0,5080.0,6.0,10.0,0.238
21300838,1610612745,Houston,Rockets,201976,Patrick,Beverley,7200.0,12540.0,2.0,-15.0,0.095
21300838,1610612745,Houston,Rockets,201976,Patrick,Beverley,14198.0,18260.0,0.0,-9.0,0.222
21300838,1610612745,Houston,Rockets,201976,Patrick,Beverley,23260.0,28800.0,12.0,12.0,0.381
21300838,1610612745,Houston,Rockets,202391,Jeremy,Lin,5080.0,10070.0,2.0,-2.0,0.143
21300838,1610612745,Houston,Rockets,202391,Jeremy,Lin,12540.0,14400.0,0.0,5.0,0.0
21300838,1610612745,Houston,Rockets,202391,Jeremy,Lin,18260.0,23260.0,0.0,-4.0,0.238
21300838,1610612745,Houston,Rockets,202391,Jeremy,Lin,28653.0,28659.0,0.0,2.0,0.0
21300838,1610612745,Houston,Rockets,202391,Jeremy,Lin,28659.0,28800.0,0.0,2.0,0.0
21300838,1610612745,Houston,Rockets,202700,Donatas,Motiejunas,5370.0,9020.0,0.0,1.0,0.188
21300838,1610612745,Houston,Rockets,202700,Donatas,Motiejunas,18260.0,28800.0,7.0,8.0,0.098
21300838,1610612745,Houston,Rockets,202718,Chandler,Parsons,0.0,6863.0,2.0,14.0,0.107
21300838,1610612745,Houston,Rockets,202718,Chandler,Parsons,9020.0,21600.0,9.0,-21.0,0.22
21300838,1610612745,Houston,Rockets,202718,Chandler,Parsons,24590.0,28800.0,2.0,11.0,0.0
21300838,1610612745,Houston,Rockets,203093,Terrence,Jones,0.0,5370.0,9.0,10.0,0.273
21300838,1610612745,Houston,Rockets,203093,Terrence,Jones,9020.0,18260.0,6.0,-16.0,0.189
21300328,1610612745,Houston,Rockets,2730,Dwight,Howard,0.0,6510.0,3.0,1.0,0.208
21300328,1610612745,Houston,Rockets,2730,Dwight,Howard,8940.0,21600.0,17.0,2.0,0.275
21300328,1610612745,Houston,Rockets,2730,Dwight,Howard,22700.0,28800.0,12.0,1.0,0.304
21300328,1610612745,Houston,Rockets,101128,Francisco,Garcia,5740.0,14400.0,3.0,3.0,0.139
21300328,1610612745,Houston,Rockets,101128,Francisco,Garcia,20100.0,22700.0,0.0,-4.0,0.167
21300328,1610612745,Houston,Rockets,201935,James,Harden,0.0,7200.0,8.0,-1.0,0.407
21300328,1610612745,Houston,Rockets,201935,James,Harden,8940.0,13460.0,4.0,3.0,0.167
21300328,1610612745,Houston,Rockets,201935,James,Harden,14173.0,14291.0,0.0,0.0,0.0
21300328,1610612745,Houston,Rockets,201935,James,Harden,14400.0,21600.0,9.0,-1.0,0.214
21300328,1610612745,Houston,Rockets,201935,James,Harden,22700.0,28800.0,4.0,1.0,0.217
21300328,1610612745,Houston,Rockets,201956,Omri,Casspi,4880.0,9170.0,2.0,2.0,0.111
21300328,1610612745,Houston,Rockets,201956,Omri,Casspi,18570.0,22700.0,4.0,0.0,0.19
21300328,1610612745,Houston,Rockets,201956,Omri,Casspi,27550.0,28800.0,0.0,5.0,0.167
21300328,1610612745,Houston,Rockets,201976,Patrick,Beverley,0.0,4630.0,2.0,-2.0,0.056
21300328,1610612745,Houston,Rockets,201976,Patrick,Beverley,7200.0,19000.0,4.0,-6.0,0.184
21300328,1610612745,Houston,Rockets,201976,Patrick,Beverley,21600.0,28800.0,3.0,-7.0,0.107
21300328,1610612745,Houston,Rockets,202391,Jeremy,Lin,4630.0,8940.0,2.0,0.0,0.167
21300328,1610612745,Houston,Rockets,202391,Jeremy,Lin,13460.0,14173.0,2.0,0.0,0.25
21300328,1610612745,Houston,Rockets,202391,Jeremy,Lin,14291.0,14400.0,0.0,0.0,0.0
21300328,1610612745,Houston,Rockets,202391,Jeremy,Lin,19000.0,22700.0,1.0,-1.0,0.118
21300328,1610612745,Houston,Rockets,202718,Chandler,Parsons,0.0,5740.0,0.0,-2.0,0.136
21300328,1610612745,Houston,Rockets,202718,Chandler,Parsons,9170.0,20100.0,7.0,-4.0,0.205
21300328,1610612745,Houston,Rockets,202718,Chandler,Parsons,22700.0,28800.0,7.0,1.0,0.261
21300328,1610612745,Houston,Rockets,203093,Terrence,Jones,0.0,4880.0,2.0,-2.0,0.167
21300328,1610612745,Houston,Rockets,203093,Terrence,Jones,6510.0,8940.0,2.0,-3.0,0.091
21300328,1610612745,Houston,Rockets,203093,Terrence,Jones,14400.0,18570.0,4.0,-9.0,0.286
21300328,1610612745,Houston,Rockets,203093,Terrence,Jones,21600.0,27550.0,2.0,-12.0,0.136
21301161,1610612745,Houston,Rockets,101128,Francisco,Garcia,5760.0,9740.0,0.0,1.0,0.158
21301161,1610612745,Houston,Rockets,101128,Francisco,Garcia,13660.0,14400.0,0.0,0.0,0.0
21301161,1610612745,Houston,Rockets,101128,Francisco,Garcia,19730.0,28800.0,5.0,-6.0,0.186
21301161,1610612745,Houston,Rockets,201600,Omer,Asik,0.0,5760.0,6.0,7.0,0.167
21301161,1610612745,Houston,Rockets,201600,Omer,Asik,10840.0,19730.0,4.0,17.0,0.184
21301161,1610612745,Houston,Rockets,201935,James,Harden,0.0,7200.0,11.0,9.0,0.194
21301161,1610612745,Houston,Rockets,201935,James,Harden,9740.0,21600.0,22.0,17.0,0.28
21301161,1610612745,Houston,Rockets,201956,Omri,Casspi,20890.0,28800.0,6.0,-9.0,0.132
21301161,1610612745,Houston,Rockets,202391,Jeremy,Lin,0.0,4740.0,2.0,9.0,0.15
21301161,1610612745,Houston,Rockets,202391,Jeremy,Lin,8810.0,11420.0,0.0,-10.0,0.364
21301161,1610612745,Houston,Rockets,202391,Jeremy,Lin,14400.0,19730.0,7.0,16.0,0.13
21301161,1610612745,Houston,Rockets,202391,Jeremy,Lin,21600.0,24670.0,0.0,-5.0,0.083
21301161,1610612745,Houston,Rockets,202700,Donatas,Motiejunas,4740.0,10840.0,0.0,-5.0,0.154
21301161,1610612745,Houston,Rockets,202700,Donatas,Motiejunas,20800.0,28800.0,13.0,-6.0,0.256
21301161,1610612745,Houston,Rockets,202706,Jordan,Hamilton,24670.0,28800.0,2.0,-5.0,0.182
21301161,1610612745,Houston,Rockets,202718,Chandler,Parsons,0.0,5760.0,4.0,7.0,0.083
21301161,1610612745,Houston,Rockets,202718,Chandler,Parsons,7200.0,13660.0,5.0,-4.0,0.32
21301161,1610612745,Houston,Rockets,202718,Chandler,Parsons,14173.0,20890.0,10.0,21.0,0.179
21301161,1610612745,Houston,Rockets,203093,Terrence,Jones,0.0,4740.0,10.0,9.0,0.4
21301161,1610612745,Houston,Rockets,203093,Terrence,Jones,5760.0,14173.0,13.0,-4.0,0.194
21301161,1610612745,Houston,Rockets,203093,Terrence,Jones,14400.0,20800.0,10.0,16.0,0.269
21301161,1610612745,Houston,Rockets,203477,Isaiah,Canaan,4740.0,8810.0,6.0,4.0,0.111
21301161,1610612745,Houston,Rockets,203477,Isaiah,Canaan,11420.0,14400.0,3.0,2.0,0.083
21301161,1610612745,Houston,Rockets,203477,Isaiah,Canaan,19730.0,28800.0,6.0,-6.0,0.163
21300753,1610612745,Houston,Rockets,2730,Dwight,Howard,0.0,5590.0,2.0,0.0,0.1
21300753,1610612745,Houston,Rockets,2730,Dwight,Howard,8070.0,14078.0,8.0,3.0,0.391
21300753,1610612745,Houston,Rockets,2730,Dwight,Howard,14400.0,20010.0,6.0,-4.0,0.353
21300753,1610612745,Houston,Rockets,2730,Dwight,Howard,23800.0,28800.0,11.0,-2.0,0.368
21300753,1610612745,Houston,Rockets,201600,Omer,Asik,5590.0,8070.0,0.0,6.0,0.111
21300753,1610612745,Houston,Rockets,201600,Omer,Asik,14078.0,14400.0,0.0,2.0,0.0
21300753,1610612745,Houston,Rockets,201600,Omer,Asik,20010.0,23800.0,0.0,1.0,0.0
21300753,1610612745,Houston,Rockets,201935,James,Harden,0.0,7200.0,7.0,3.0,0.269
21300753,1610612745,Houston,Rockets,201935,James,Harden,10340.0,21600.0,13.0,2.0,0.4
21300753,1610612745,Houston,Rockets,201935,James,Harden,23800.0,28800.0,2.0,-2.0,0.211
21300753,1610612745,Houston,Rockets,201956,Omri,Casspi,6590.0,10340.0,0.0,7.0,0.0
21300753,1610612745,Houston,Rockets,201956,Omri,Casspi,20010.0,23800.0,0.0,1.0,0.143
21300753,1610612745,Houston,Rockets,201976,Patrick,Beverley,0.0,4950.0,11.0,4.0,0.333
21300753,1610612745,Houston,Rockets,201976,Patrick,Beverley,7200.0,12390.0,2.0,4.0,0.111
21300753,1610612745,Houston,Rockets,201976,Patrick,Beverley,14400.0,19690.0,2.0,-4.0,0.188
21300753,1610612745,Houston,Rockets,201976,Patrick,Beverley,21600.0,23800.0,0.0,-4.0,0.143
21300753,1610612745,Houston,Rockets,201976,Patrick,Beverley,28588.0,28800.0,0.0,3.0,0.0
21300753,1610612745,Houston,Rockets,202391,Jeremy,Lin,4950.0,10340.0,9.0,6.0,0.25
21300753,1610612745,Houston,Rockets,202391,Jeremy,Lin,12390.0,14400.0,2.0,4.0,0.1
21300753,1610612745,Houston,Rockets,202391,Jeremy,Lin,19690.0,28800.0,7.0,-1.0,0.294
21300753,1610612745,Houston,Rockets,202700,Donatas,Motiejunas,3510.0,10270.0,7.0,5.0,0.25
21300753,1610612745,Houston,Rockets,202700,Donatas,Motiejunas,12390.0,14400.0,0.0,4.0,0.0
21300753,1610612745,Houston,Rockets,202700,Donatas,Motiejunas,18240.0,24340.0,2.0,3.0,0.048
21300753,1610612745,Houston,Rockets,202718,Chandler,Parsons,0.0,6590.0,2.0,3.0,0.125
21300753,1610612745,Houston,Rockets,202718,Chandler,Parsons,10340.0,20010.0,3.0,-3.0,0.152
21300753,1610612745,Houston,Rockets,202718,Chandler,Parsons,23800.0,28800.0,3.0,-2.0,0.105
21300753,1610612745,Houston,Rockets,203093,Terrence,Jones,0.0,3510.0,0.0,5.0,0.077
21300753,1610612745,Houston,Rockets,203093,Terrence,Jones,10270.0,12390.0,0.0,-3.0,0.0
21300753,1610612745,Houston,Rockets,203093,Terrence,Jones,14400.0,18240.0,2.0,-4.0,0.083
21300753,1610612745,Houston,Rockets,203093,Terrence,Jones,24340.0,28588.0,0.0,-7.0,0.125
21300939,1610612745,Houston,Rockets,2730,Dwight,Howard,0.0,1910.0,1.0,-9.0,0.25
21300939,1610612745,Houston,Rockets,2730,Dwight,Howard,8120.0,14238.0,7.0,-4.0,0.286
21300939,1610612745,Houston,Rockets,2730,Dwight,Howard,14400.0,21600.0,7.0,-5.0,0.333
21300939,1610612745,Houston,Rockets,2730,Dwight,Howard,23800.0,31800.0,2.0,18.0,0.135
21300939,1610612745,Houston,Rockets,201600,Omer,Asik,1910.0,8120.0,0.0,6.0,0.0
21300939,1610612745,Houston,Rockets,201600,Omer,Asik,13090.0,14400.0,0.0,-1.0,0.0
21300939,1610612745,Houston,Rockets,201600,Omer,Asik,21600.0,23800.0,0.0,-1.0,0.0
21300939,1610612745,Houston,Rockets,201935,James,Harden,0.0,6854.0,11.0,-4.0,0.407
21300939,1610612745,Houston,Rockets,201935,James,Harden,10030.0,14238.0,1.0,0.0,0.333
21300939,1610612745,Houston,Rockets,201935,James,Harden,14400.0,28636.0,23.0,5.0,0.309
21300939,1610612745,Houston,Rockets,201935,James,Harden,28687.0,28712.0,3.0,3.0,1.0
21300939,1610612745,Houston,Rockets,201935,James,Harden,28800.0,31800.0,3.0,5.0,0.214
21300939,1610612745,Houston,Rockets,201976,Patrick,Beverley,0.0,4750.0,2.0,-4.0,0.158
21300939,1610612745,Houston,Rockets,201976,Patrick,Beverley,11020.0,21600.0,8.0,-8.0,0.162
21300939,1610612745,Houston,Rockets,201976,Patrick,Beverley,23510.0,30050.0,2.0,9.0,0.067
21300939,1610612745,Houston,Rockets,202391,Jeremy,Lin,4750.0,11020.0,6.0,0.0,0.217
21300939,1610612745,Houston,Rockets,202391,Jeremy,Lin,14238.0,14400.0,2.0,0.0,1.0
21300939,1610612745,Houston,Rockets,202391,Jeremy,Lin,17800.0,31800.0,18.0,21.0,0.271
21300939,1610612745,Houston,Rockets,202700,Donatas,Motiejunas,4050.0,8880.0,0.0,4.0,0.111
21300939,1610612745,Houston,Rockets,202700,Donatas,Motiejunas,14238.0,14238.0,0.0,0.0,0.0
21300939,1610612745,Houston,Rockets,202706,Jordan,Hamilton,5790.0,10030.0,2.0,-7.0,0.313
21300939,1610612745,Houston,Rockets,202706,Jordan,Hamilton,14238.0,14400.0,0.0,0.0,0.0
21300939,1610612745,Houston,Rockets,202706,Jordan,Hamilton,20300.0,23510.0,2.0,1.0,0.25
21300939,1610612745,Houston,Rockets,202706,Jordan,Hamilton,28636.0,28687.0,0.0,-1.0,0.0
21300939,1610612745,Houston,Rockets,202706,Jordan,Hamilton,30050.0,31800.0,0.0,8.0,0.125
21300939,1610612745,Houston,Rockets,202718,Chandler,Parsons,0.0,5790.0,8.0,0.0,0.273
21300939,1610612745,Houston,Rockets,202718,Chandler,Parsons,6854.0,20300.0,4.0,-9.0,0.102
21300939,1610612745,Houston,Rockets,202718,Chandler,Parsons,21600.0,28636.0,2.0,10.0,0.097
21300939,1610612745,Houston,Rockets,202718,Chandler,Parsons,28687.0,31800.0,2.0,8.0,0.188
21300939,1610612745,Houston,Rockets,203093,Terrence,Jones,0.0,4050.0,2.0,-7.0,0.125
21300939,1610612745,Houston,Rockets,203093,Terrence,Jones,8880.0,13090.0,0.0,-3.0,0.0
21300939,1610612745,Houston,Rockets,203093,Terrence,Jones,14400.0,17800.0,0.0,-9.0,0.077
21300939,1610612745,Houston,Rockets,203093,Terrence,Jones,28636.0,28687.0,0.0,-1.0,0.0
21300939,1610612745,Houston,Rockets,203093,Terrence,Jones,28712.0,28800.0,0.0,0.0,0.0
21300614,1610612745,Houston,Rockets,2730,Dwight,Howard,0.0,8520.0,11.0,12.0,0.167
21300614,1610612745,Houston,Rockets,2730,Dwight,Howard,10570.0,21298.0,11.0,-3.0,0.298
21300614,1610612745,Houston,Rockets,2730,Dwight,Howard,23490.0,26940.0,2.0,3.0,0.214
21300614,1610612745,Houston,Rockets,200758,Ronnie,Brewer,5560.0,7200.0,0.0,-2.0,0.0
21300614,1610612745,Houston,Rockets,200758,Ronnie,Brewer,20080.0,23490.0,0.0,3.0,0.063
21300614,1610612745,Houston,Rockets,200758,Ronnie,Brewer,28490.0,28800.0,0.0,2.0,0.0
21300614,1610612745,Houston,Rockets,201166,Aaron,Brooks,28490.0,28800.0,0.0,2.0,0.0
21300614,1610612745,Houston,Rockets,201935,James,Harden,0.0,7200.0,5.0,9.0,0.154
21300614,1610612745,Houston,Rockets,201935,James,Harden,8950.0,21600.0,14.0,0.0,0.241
21300614,1610612745,Houston,Rockets,201935,James,Harden,23490.0,28490.0,3.0,-4.0,0.238
21300614,1610612745,Houston,Rockets,201956,Omri,Casspi,5000.0,14400.0,11.0,6.0,0.162
21300614,1610612745,Houston,Rockets,201956,Omri,Casspi,18290.0,28800.0,4.0,4.0,0.133
21300614,1610612745,Houston,Rockets,201976,Patrick,Beverley,0.0,3330.0,6.0,14.0,0.154
21300614,1610612745,Houston,Rockets,201976,Patrick,Beverley,7200.0,12450.0,2.0,12.0,0.158
21300614,1610612745,Houston,Rockets,201976,Patrick,Beverley,14400.0,20080.0,5.0,-3.0,0.25
21300614,1610612745,Houston,Rockets,201976,Patrick,Beverley,23490.0,26590.0,4.0,3.0,0.308
21300614,1610612745,Houston,Rockets,202391,Jeremy,Lin,3330.0,10570.0,3.0,1.0,0.222
21300614,1610612745,Houston,Rockets,202391,Jeremy,Lin,12450.0,14400.0,0.0,-6.0,0.0
21300614,1610612745,Houston,Rockets,202391,Jeremy,Lin,20080.0,23490.0,3.0,3.0,0.188
21300614,1610612745,Houston,Rockets,202391,Jeremy,Lin,26590.0,28800.0,2.0,-5.0,0.3
21300614,1610612745,Houston,Rockets,202700,Donatas,Motiejunas,0.0,5000.0,7.0,9.0,0.222
21300614,1610612745,Houston,Rockets,202700,Donatas,Motiejunas,8520.0,8950.0,0.0,3.0,0.0
21300614,1610612745,Houston,Rockets,202700,Donatas,Motiejunas,14400.0,18290.0,0.0,-6.0,0.0
21300614,1610612745,Houston,Rockets,202700,Donatas,Motiejunas,21298.0,23490.0,2.0,3.0,0.25
21300614,1610612745,Houston,Rockets,202700,Donatas,Motiejunas,26940.0,28490.0,0.0,-7.0,0.286
21300614,1610612745,Houston,Rockets,202718,Chandler,Parsons,0.0,5560.0,10.0,11.0,0.35
21300614,1610612745,Houston,Rockets,202718,Chandler,Parsons,7200.0,20080.0,14.0,3.0,0.189
21300614,1610612745,Houston,Rockets,202718,Chandler,Parsons,21600.0,28490.0,7.0,-4.0,0.179
21300614,1610612745,Houston,Rockets,203496,Robert,Covington,28490.0,28800.0,0.0,2.0,0.0
21301111,1610612745,Houston,Rockets,101128,Francisco,Garcia,5300.0,12390.0,5.0,5.0,0.167
21301111,1610612745,Houston,Rockets,101128,Francisco,Garcia,19200.0,23460.0,3.0,4.0,0.118
21301111,1610612745,Houston,Rockets,101128,Francisco,Garcia,24830.0,28800.0,2.0,0.0,0.125
21301111,1610612745,Houston,Rockets,201600,Omer,Asik,0.0,5300.0,2.0,-4.0,0.095
21301111,1610612745,Houston,Rockets,201600,Omer,Asik,7200.0,11550.0,2.0,9.0,0.19
21301111,1610612745,Houston,Rockets,201600,Omer,Asik,12820.0,19200.0,1.0,-8.0,0.04
21301111,1610612745,Houston,Rockets,201600,Omer,Asik,21600.0,23460.0,2.0,-3.0,0.375
21301111,1610612745,Houston,Rockets,201600,Omer,Asik,24830.0,28364.0,5.0,-2.0,0.308
21301111,1610612745,Houston,Rockets,201935,James,Harden,0.0,7200.0,12.0,-5.0,0.286
21301111,1610612745,Houston,Rockets,201935,James,Harden,11550.0,21600.0,14.0,-8.0,0.289
21301111,1610612745,Houston,Rockets,201935,James,Harden,23460.0,27870.0,0.0,-4.0,0.125
21301111,1610612745,Houston,Rockets,201956,Omri,Casspi,1580.0,7200.0,3.0,-1.0,0.217
21301111,1610612745,Houston,Rockets,201956,Omri,Casspi,11700.0,12820.0,0.0,-6.0,0.2
21301111,1610612745,Houston,Rockets,201956,Omri,Casspi,15430.0,21600.0,4.0,0.0,0.174
21301111,1610612745,Houston,Rockets,201956,Omri,Casspi,28364.0,28800.0,0.0,2.0,0.0
21301111,1610612745,Houston,Rockets,202391,Jeremy,Lin,0.0,5300.0,3.0,-4.0,0.19
21301111,1610612745,Houston,Rockets,202391,Jeremy,Lin,9460.0,17780.0,9.0,-4.0,0.235
21301111,1610612745,Houston,Rockets,202391,Jeremy,Lin,21740.0,27870.0,4.0,-6.0,0.217
21301111,1610612745,Houston,Rockets,202700,Donatas,Motiejunas,0.0,1580.0,0.0,-4.0,0.4
21301111,1610612745,Houston,Rockets,202700,Donatas,Motiejunas,11550.0,11700.0,0.0,-1.0,0.0
21301111,1610612745,Houston,Rockets,202700,Donatas,Motiejunas,14400.0,15430.0,0.0,-1.0,0.0
21301111,1610612745,Houston,Rockets,202700,Donatas,Motiejunas,23460.0,24830.0,0.0,-2.0,0.0
21301111,1610612745,Houston,Rockets,202700,Donatas,Motiejunas,27870.0,28800.0,0.0,2.0,0.0
21301111,1610612745,Houston,Rockets,202706,Jordan,Hamilton,5300.0,11550.0,5.0,8.0,0.214
21301111,1610612745,Houston,Rockets,202706,Jordan,Hamilton,14151.0,14400.0,0.0,-2.0,0.0
21301111,1610612745,Houston,Rockets,202706,Jordan,Hamilton,20400.0,21740.0,0.0,-2.0,0.75
21301111,1610612745,Houston,Rockets,202706,Jordan,Hamilton,27870.0,28800.0,2.0,2.0,0.5
21301111,1610612745,Houston,Rockets,202718,Chandler,Parsons,0.0,5300.0,4.0,-4.0,0.19
21301111,1610612745,Houston,Rockets,202718,Chandler,Parsons,7200.0,20400.0,10.0,2.0,0.167
21301111,1610612745,Houston,Rockets,202718,Chandler,Parsons,21600.0,27870.0,2.0,-7.0,0.217
21301111,1610612745,Houston,Rockets,203477,Isaiah,Canaan,5300.0,9460.0,2.0,2.0,0.222
21301111,1610612745,Houston,Rockets,203477,Isaiah,Canaan,12390.0,14151.0,0.0,-2.0,0.143
21301111,1610612745,Houston,Rockets,203477,Isaiah,Canaan,17780.0,24830.0,0.0,-3.0,0.16
21301111,1610612745,Houston,Rockets,203477,Isaiah,Canaan,27870.0,28800.0,0.0,2.0,0.25
21300526,1610612745,Houston,Rockets,2730,Dwight,Howard,0.0,7200.0,7.0,-4.0,0.273
21300526,1610612745,Houston,Rockets,2730,Dwight,Howard,10410.0,13810.0,1.0,-2.0,0.182
21300526,1610612745,Houston,Rockets,2730,Dwight,Howard,14400.0,20380.0,5.0,17.0,0.217
21300526,1610612745,Houston,Rockets,2730,Dwight,Howard,21600.0,27880.0,7.0,4.0,0.345
21300526,1610612745,Houston,Rockets,101128,Francisco,Garcia,6160.0,10410.0,0.0,-5.0,0.05
21300526,1610612745,Houston,Rockets,101128,Francisco,Garcia,19000.0,27880.0,3.0,14.0,0.071
21300526,1610612745,Houston,Rockets,200758,Ronnie,Brewer,0.0,4480.0,0.0,-7.0,0.0
21300526,1610612745,Houston,Rockets,200758,Ronnie,Brewer,10410.0,19000.0,0.0,9.0,0.069
21300526,1610612745,Houston,Rockets,200758,Ronnie,Brewer,27880.0,28800.0,0.0,-3.0,0.0
21300526,1610612745,Houston,Rockets,201166,Aaron,Brooks,5690.0,9020.0,3.0,-3.0,0.214
21300526,1610612745,Houston,Rockets,201166,Aaron,Brooks,12860.0,14400.0,3.0,3.0,0.333
21300526,1610612745,Houston,Rockets,201166,Aaron,Brooks,20380.0,23620.0,3.0,5.0,0.214
21300526,1610612745,Houston,Rockets,201166,Aaron,Brooks,27880.0,28800.0,0.0,-3.0,0.0
21300526,1610612745,Houston,Rockets,201935,James,Harden,0.0,6160.0,6.0,-1.0,0.259
21300526,1610612745,Houston,Rockets,201935,James,Harden,9020.0,21600.0,26.0,19.0,0.36
21300526,1610612745,Houston,Rockets,201935,James,Harden,23620.0,27880.0,6.0,0.0,0.19
21300526,1610612745,Houston,Rockets,201956,Omri,Casspi,4480.0,7200.0,0.0,3.0,0.071
21300526,1610612745,Houston,Rockets,201956,Omri,Casspi,11070.0,13810.0,4.0,-3.0,0.222
21300526,1610612745,Houston,Rockets,201956,Omri,Casspi,19320.0,25650.0,5.0,8.0,0.185
21300526,1610612745,Houston,Rockets,201956,Omri,Casspi,27880.0,28800.0,0.0,-3.0,0.0
21300526,1610612745,Houston,Rockets,202391,Jeremy,Lin,0.0,5690.0,5.0,-3.0,0.2
21300526,1610612745,Houston,Rockets,202391,Jeremy,Lin,7200.0,12860.0,4.0,-4.0,0.318
21300526,1610612745,Houston,Rockets,202391,Jeremy,Lin,14400.0,20380.0,1.0,17.0,0.043
21300526,1610612745,Houston,Rockets,202391,Jeremy,Lin,21600.0,27880.0,3.0,4.0,0.207
21300526,1610612745,Houston,Rockets,202700,Donatas,Motiejunas,5690.0,10410.0,4.0,-3.0,0.273
21300526,1610612745,Houston,Rockets,202700,Donatas,Motiejunas,13810.0,14400.0,0.0,3.0,0.0
21300526,1610612745,Houston,Rockets,202700,Donatas,Motiejunas,27880.0,28800.0,2.0,-3.0,0.667
21300526,1610612745,Houston,Rockets,203093,Terrence,Jones,0.0,5690.0,6.0,-3.0,0.24
21300526,1610612745,Houston,Rockets,203093,Terrence,Jones,7200.0,11070.0,0.0,-1.0,0.063
21300526,1610612745,Houston,Rockets,203093,Terrence,Jones,13810.0,19320.0,6.0,13.0,0.286
21300526,1610612745,Houston,Rockets,203093,Terrence,Jones,20380.0,21600.0,0.0,1.0,0.0
21300526,1610612745,Houston,Rockets,203093,Terrence,Jones,25650.0,27880.0,3.0,4.0,0.143
21300526,1610612745,Houston,Rockets,203477,Isaiah,Canaan,27880.0,28800.0,0.0,-3.0,0.0
21301139,1610612745,Houston,Rockets,101128,Francisco,Garcia,5490.0,9570.0,0.0,-4.0,0.0
21301139,1610612745,Houston,Rockets,101128,Francisco,Garcia,10910.0,14044.0,0.0,-6.0,0.0
21301139,1610612745,Houston,Rockets,101128,Francisco,Garcia,17310.0,22880.0,3.0,10.0,0.087
21301139,1610612745,Houston,Rockets,101128,Francisco,Garcia,24730.0,28800.0,3.0,7.0,0.1
21301139,1610612745,Houston,Rockets,201600,Omer,Asik,0.0,5370.0,2.0,7.0,0.05
21301139,1610612745,Houston,Rockets,201600,Omer,Asik,7200.0,10910.0,0.0,7.0,0.083
21301139,1610612745,Houston,Rockets,201600,Omer,Asik,12950.0,19540.0,4.0,-16.0,0.16
21301139,1610612745,Houston,Rockets,201600,Omer,Asik,24730.0,28800.0,3.0,7.0,0.1
21301139,1610612745,Houston,Rockets,201935,James,Harden,0.0,5490.0,7.0,7.0,0.35
21301139,1610612745,Houston,Rockets,201935,James,Harden,8470.0,28800.0,32.0,-2.0,0.367
21301139,1610612745,Houston,Rockets,202391,Jeremy,Lin,0.0,3860.0,3.0,3.0,0.2
21301139,1610612745,Houston,Rockets,202391,Jeremy,Lin,6717.0,14258.0,2.0,1.0,0.107
21301139,1610612745,Houston,Rockets,202391,Jeremy,Lin,14400.0,18680.0,0.0,-7.0,0.077
21301139,1610612745,Houston,Rockets,202391,Jeremy,Lin,21600.0,28800.0,3.0,6.0,0.167
21301139,1610612745,Houston,Rockets,202700,Donatas,Motiejunas,3860.0,7200.0,4.0,1.0,0.167
21301139,1610612745,Houston,Rockets,202718,Chandler,Parsons,0.0,6717.0,9.0,4.0,0.292
21301139,1610612745,Houston,Rockets,202718,Chandler,Parsons,9570.0,21600.0,8.0,-5.0,0.174
21301139,1610612745,Houston,Rockets,202718,Chandler,Parsons,22880.0,28800.0,6.0,-1.0,0.308
21301139,1610612745,Houston,Rockets,203093,Terrence,Jones,0.0,3860.0,2.0,3.0,0.133
21301139,1610612745,Houston,Rockets,203093,Terrence,Jones,5370.0,12950.0,8.0,1.0,0.296
21301139,1610612745,Houston,Rockets,203093,Terrence,Jones,14044.0,17310.0,2.0,-10.0,0.1
21301139,1610612745,Houston,Rockets,203093,Terrence,Jones,19540.0,24730.0,4.0,5.0,0.158
21301139,1610612745,Houston,Rockets,203477,Isaiah,Canaan,3860.0,8470.0,3.0,3.0,0.25
21301139,1610612745,Houston,Rockets,203477,Isaiah,Canaan,14258.0,14400.0,0.0,0.0,0.0
21301139,1610612745,Houston,Rockets,203477,Isaiah,Canaan,18680.0,24730.0,3.0,-1.0,0.13
21300050,1610612745,Houston,Rockets,2730,Dwight,Howard,0.0,3360.0,4.0,-14.0,0.385
21300050,1610612745,Houston,Rockets,2730,Dwight,Howard,5860.0,6370.0,0.0,-3.0,0.5
21300050,1610612745,Houston,Rockets,2730,Dwight,Howard,14400.0,26020.0,9.0,-7.0,0.227
21300050,1610612745,Houston,Rockets,101128,Francisco,Garcia,5280.0,11840.0,8.0,-1.0,0.161
21300050,1610612745,Houston,Rockets,101128,Francisco,Garcia,19800.0,26020.0,6.0,-7.0,0.2
21300050,1610612745,Houston,Rockets,200758,Ronnie,Brewer,26020.0,28800.0,0.0,0.0,0.1
21300050,1610612745,Houston,Rockets,201166,Aaron,Brooks,5860.0,9160.0,2.0,0.0,0.118
21300050,1610612745,Houston,Rockets,201166,Aaron,Brooks,13790.0,14400.0,1.0,5.0,0.25
21300050,1610612745,Houston,Rockets,201166,Aaron,Brooks,18580.0,24040.0,6.0,4.0,0.19
21300050,1610612745,Houston,Rockets,201166,Aaron,Brooks,27660.0,28800.0,0.0,-1.0,0.0
21300050,1610612745,Houston,Rockets,201600,Omer,Asik,0.0,5860.0,2.0,-11.0,0.083
21300050,1610612745,Houston,Rockets,201600,Omer,Asik,10220.0,18580.0,4.0,-7.0,0.088
21300050,1610612745,Houston,Rockets,201935,James,Harden,0.0,5280.0,2.0,-13.0,0.143
21300050,1610612745,Houston,Rockets,201935,James,Harden,7200.0,21600.0,13.0,2.0,0.274
21300050,1610612745,Houston,Rockets,201956,Omri,Casspi,3360.0,10220.0,12.0,6.0,0.273
21300050,1610612745,Houston,Rockets,201956,Omri,Casspi,11840.0,14400.0,2.0,2.0,0.25
21300050,1610612745,Houston,Rockets,201956,Omri,Casspi,18580.0,26020.0,5.0,-4.0,0.207
21300050,1610612745,Houston,Rockets,202391,Jeremy,Lin,0.0,5860.0,0.0,-11.0,0.083
21300050,1610612745,Houston,Rockets,202391,Jeremy,Lin,9160.0,13790.0,5.0,-6.0,0.25
21300050,1610612745,Houston,Rockets,202391,Jeremy,Lin,14400.0,18580.0,2.0,-3.0,0.063
21300050,1610612745,Houston,Rockets,202391,Jeremy,Lin,24040.0,27660.0,7.0,-7.0,0.267
21300050,1610612745,Houston,Rockets,202700,Donatas,Motiejunas,26020.0,28800.0,0.0,0.0,0.1
21300050,1610612745,Houston,Rockets,202718,Chandler,Parsons,0.0,7200.0,6.0,-17.0,0.214
21300050,1610612745,Houston,Rockets,202718,Chandler,Parsons,10220.0,19800.0,6.0,-4.0,0.189
21300050,1610612745,Houston,Rockets,202718,Chandler,Parsons,21600.0,26330.0,2.0,-4.0,0.211
21300050,1610612745,Houston,Rockets,202962,Greg,Smith,6370.0,10220.0,8.0,6.0,0.238
21300050,1610612745,Houston,Rockets,202962,Greg,Smith,26020.0,28800.0,4.0,0.0,0.2
21300050,1610612745,Houston,Rockets,203093,Terrence,Jones,26330.0,28800.0,2.0,0.0,0.333
21300058,1610612745,Houston,Rockets,2730,Dwight,Howard,0.0,6330.0,10.0,3.0,0.32
21300058,1610612745,Houston,Rockets,2730,Dwight,Howard,9120.0,20500.0,14.0,15.0,0.256
21300058,1610612745,Houston,Rockets,2730,Dwight,Howard,22880.0,28190.0,5.0,4.0,0.333
21300058,1610612745,Houston,Rockets,101128,Francisco,Garcia,3530.0,9120.0,3.0,4.0,0.174
21300058,1610612745,Houston,Rockets,101128,Francisco,Garcia,20010.0,27260.0,0.0,-2.0,0.036
21300058,1610612745,Houston,Rockets,101128,Francisco,Garcia,28090.0,28800.0,3.0,-1.0,0.333
21300058,1610612745,Houston,Rockets,201166,Aaron,Brooks,28190.0,28800.0,0.0,1.0,0.333
21300058,1610612745,Houston,Rockets,201600,Omer,Asik,0.0,4710.0,2.0,-4.0,0.111
21300058,1610612745,Houston,Rockets,201600,Omer,Asik,6330.0,9120.0,2.0,-5.0,0.182
21300058,1610612745,Houston,Rockets,201600,Omer,Asik,14400.0,17720.0,4.0,13.0,0.182
21300058,1610612745,Houston,Rockets,201600,Omer,Asik,20500.0,22880.0,0.0,-3.0,0.182
21300058,1610612745,Houston,Rockets,201935,James,Harden,0.0,7200.0,13.0,-1.0,0.414
21300058,1610612745,Houston,Rockets,201935,James,Harden,9910.0,21136.0,14.0,8.0,0.286
21300058,1610612745,Houston,Rockets,201935,James,Harden,22880.0,28190.0,6.0,4.0,0.278
21300058,1610612745,Houston,Rockets,201956,Omri,Casspi,4710.0,13220.0,3.0,10.0,0.086
21300058,1610612745,Houston,Rockets,201956,Omri,Casspi,17720.0,22880.0,4.0,-8.0,0.136
21300058,1610612745,Houston,Rockets,201956,Omri,Casspi,28190.0,28800.0,0.0,1.0,0.0
21300058,1610612745,Houston,Rockets,201976,Patrick,Beverley,3530.0,9910.0,0.0,9.0,0.071
21300058,1610612745,Houston,Rockets,201976,Patrick,Beverley,13220.0,14400.0,0.0,-1.0,0.0
21300058,1610612745,Houston,Rockets,201976,Patrick,Beverley,18480.0,28090.0,12.0,1.0,0.189
21300058,1610612745,Houston,Rockets,202391,Jeremy,Lin,0.0,3530.0,2.0,-6.0,0.077
21300058,1610612745,Houston,Rockets,202391,Jeremy,Lin,7200.0,18480.0,6.0,16.0,0.167
21300058,1610612745,Houston,Rockets,202391,Jeremy,Lin,21136.0,22880.0,2.0,-1.0,0.429
21300058,1610612745,Houston,Rockets,202391,Jeremy,Lin,27260.0,28190.0,2.0,1.0,0.667
21300058,1610612745,Houston,Rockets,202718,Chandler,Parsons,0.0,3530.0,0.0,-6.0,0.154
21300058,1610612745,Houston,Rockets,202718,Chandler,Parsons,9120.0,20010.0,7.0,17.0,0.22
21300058,1610612745,Houston,Rockets,202718,Chandler,Parsons,22880.0,28190.0,2.0,4.0,0.056
21300058,1610612745,Houston,Rockets,202962,Greg,Smith,28190.0,28800.0,0.0,1.0,0.0
21300058,1610612745,Houston,Rockets,203093,Terrence,Jones,28190.0,28800.0,0.0,1.0,0.0
21300090,1610612745,Houston,Rockets,2730,Dwight,Howard,0.0,5660.0,10.0,-1.0,0.35
21300090,1610612745,Houston,Rockets,2730,Dwight,Howard,8960.0,14206.0,6.0,3.0,0.286
21300090,1610612745,Houston,Rockets,2730,Dwight,Howard,14400.0,19910.0,2.0,-3.0,0.143
21300090,1610612745,Houston,Rockets,2730,Dwight,Howard,21600.0,28800.0,3.0,-11.0,0.143
21300090,1610612745,Houston,Rockets,101128,Francisco,Garcia,5120.0,11220.0,0.0,13.0,0.16
21300090,1610612745,Houston,Rockets,101128,Francisco,Garcia,14206.0,14400.0,0.0,0.0,0.0
21300090,1610612745,Houston,Rockets,101128,Francisco,Garcia,20160.0,25730.0,3.0,-10.0,0.19
21300090,1610612745,Houston,Rockets,201600,Omer,Asik,0.0,4060.0,2.0,-10.0,0.071
21300090,1610612745,Houston,Rockets,201600,Omer,Asik,5660.0,8960.0,5.0,7.0,0.333
21300090,1610612745,Houston,Rockets,201600,Omer,Asik,14400.0,19510.0,0.0,-2.0,0.053
21300090,1610612745,Houston,Rockets,201600,Omer,Asik,19910.0,21600.0,0.0,-8.0,0.0
21300090,1610612745,Houston,Rockets,201935,James,Harden,0.0,6190.0,4.0,1.0,0.227
21300090,1610612745,Houston,Rockets,201935,James,Harden,9940.0,14206.0,0.0,-1.0,0.278
21300090,1610612745,Houston,Rockets,201935,James,Harden,14400.0,21600.0,3.0,-11.0,0.148
21300090,1610612745,Houston,Rockets,201935,James,Harden,23910.0,28800.0,5.0,-8.0,0.263
21300090,1610612745,Houston,Rockets,201956,Omri,Casspi,4060.0,7152.0,3.0,14.0,0.167
21300090,1610612745,Houston,Rockets,201956,Omri,Casspi,7200.0,9940.0,0.0,6.0,0.0
21300090,1610612745,Houston,Rockets,201956,Omri,Casspi,13939.0,14400.0,0.0,0.0,0.0
21300090,1610612745,Houston,Rockets,201956,Omri,Casspi,19510.0,23910.0,0.0,-12.0,0.176
21300090,1610612745,Houston,Rockets,201976,Patrick,Beverley,0.0,4060.0,0.0,-10.0,0.214
21300090,1610612745,Houston,Rockets,201976,Patrick,Beverley,6190.0,13939.0,9.0,8.0,0.167
21300090,1610612745,Houston,Rockets,201976,Patrick,Beverley,14206.0,17840.0,4.0,1.0,0.385
21300090,1610612745,Houston,Rockets,201976,Patrick,Beverley,21600.0,28800.0,6.0,-11.0,0.179
21300090,1610612745,Houston,Rockets,202391,Jeremy,Lin,4060.0,9940.0,4.0,20.0,0.182
21300090,1610612745,Houston,Rockets,202391,Jeremy,Lin,11220.0,14400.0,2.0,1.0,0.077
21300090,1610612745,Houston,Rockets,202391,Jeremy,Lin,17840.0,21600.0,0.0,-12.0,0.333
21300090,1610612745,Houston,Rockets,202391,Jeremy,Lin,25730.0,28800.0,0.0,-8.0,0.167
21300090,1610612745,Houston,Rockets,202718,Chandler,Parsons,0.0,5120.0,2.0,-5.0,0.118
21300090,1610612745,Houston,Rockets,202718,Chandler,Parsons,7152.0,7200.0,0.0,0.0,0.0
21300090,1610612745,Houston,Rockets,202718,Chandler,Parsons,9940.0,20160.0,15.0,-5.0,0.244
21300090,1610612745,Houston,Rockets,202718,Chandler,Parsons,21600.0,28800.0,6.0,-11.0,0.25
21300038,1610612745,Houston,Rockets,2730,Dwight,Howard,0.0,6440.0,3.0,-8.0,0.348
21300038,1610612745,Houston,Rockets,2730,Dwight,Howard,8730.0,21600.0,10.0,7.0,0.128
21300038,1610612745,Houston,Rockets,2730,Dwight,Howard,25780.0,28800.0,2.0,6.0,0.1
21300038,1610612745,Houston,Rockets,101128,Francisco,Garcia,5290.0,10540.0,0.0,-12.0,0.056
21300038,1610612745,Houston,Rockets,101128,Francisco,Garcia,12920.0,14400.0,0.0,-1.0,0.0
21300038,1610612745,Houston,Rockets,101128,Francisco,Garcia,20080.0,28800.0,12.0,15.0,0.258
21300038,1610612745,Houston,Rockets,201166,Aaron,Brooks,4750.0,12920.0,2.0,-9.0,0.167
21300038,1610612745,Houston,Rockets,201166,Aaron,Brooks,19150.0,23320.0,0.0,1.0,0.059
21300038,1610612745,Houston,Rockets,201600,Omer,Asik,0.0,4750.0,0.0,-6.0,0.063
21300038,1610612745,Houston,Rockets,201600,Omer,Asik,6440.0,8730.0,0.0,1.0,0.143
21300038,1610612745,Houston,Rockets,201600,Omer,Asik,14400.0,20080.0,2.0,12.0,0.136
21300038,1610612745,Houston,Rockets,201600,Omer,Asik,21600.0,25780.0,2.0,5.0,0.063
21300038,1610612745,Houston,Rockets,201935,James,Harden,0.0,5740.0,4.0,-8.0,0.238
21300038,1610612745,Houston,Rockets,201935,James,Harden,8730.0,28800.0,19.0,18.0,0.26
21300038,1610612745,Houston,Rockets,202391,Jeremy,Lin,0.0,4750.0,3.0,-6.0,0.313
21300038,1610612745,Houston,Rockets,202391,Jeremy,Lin,5740.0,8730.0,0.0,1.0,0.1
21300038,1610612745,Houston,Rockets,202391,Jeremy,Lin,10540.0,19150.0,8.0,14.0,0.156
21300038,1610612745,Houston,Rockets,202391,Jeremy,Lin,23320.0,28800.0,9.0,12.0,0.389
21300038,1610612745,Houston,Rockets,202718,Chandler,Parsons,0.0,5290.0,4.0,-4.0,0.167
21300038,1610612745,Houston,Rockets,202718,Chandler,Parsons,7200.0,20080.0,18.0,4.0,0.34
21300038,1610612745,Houston,Rockets,202718,Chandler,Parsons,21600.0,28800.0,2.0,11.0,0.077
21300038,1610612745,Houston,Rockets,203093,Terrence,Jones,4750.0,7200.0,2.0,-2.0,0.1
21300038,1610612745,Houston,Rockets,203093,Terrence,Jones,20080.0,21600.0,2.0,4.0,0.2
21300905,1610612745,Houston,Rockets,2730,Dwight,Howard,0.0,5030.0,5.0,-11.0,0.364
21300905,1610612745,Houston,Rockets,2730,Dwight,Howard,10330.0,20170.0,13.0,7.0,0.256
21300905,1610612745,Houston,Rockets,2730,Dwight,Howard,24280.0,27880.0,1.0,11.0,0.214
21300905,1610612745,Houston,Rockets,201600,Omer,Asik,5030.0,10330.0,2.0,7.0,0.045
21300905,1610612745,Houston,Rockets,201600,Omer,Asik,20170.0,24280.0,0.0,0.0,0.063
21300905,1610612745,Houston,Rockets,201935,James,Harden,0.0,7200.0,6.0,-13.0,0.172
21300905,1610612745,Houston,Rockets,201935,James,Harden,10650.0,14302.0,0.0,2.0,0.267
21300905,1610612745,Houston,Rockets,201935,James,Harden,14400.0,21600.0,14.0,17.0,0.345
21300905,1610612745,Houston,Rockets,201935,James,Harden,24280.0,27880.0,11.0,11.0,0.429
21300905,1610612745,Houston,Rockets,201956,Omri,Casspi,27880.0,28800.0,0.0,-2.0,0.2
21300905,1610612745,Houston,Rockets,201976,Patrick,Beverley,0.0,5610.0,2.0,-11.0,0.25
21300905,1610612745,Houston,Rockets,201976,Patrick,Beverley,11040.0,20810.0,0.0,9.0,0.051
21300905,1610612745,Houston,Rockets,201976,Patrick,Beverley,24280.0,27880.0,2.0,11.0,0.071
21300905,1610612745,Houston,Rockets,202391,Jeremy,Lin,5610.0,11040.0,0.0,7.0,0.091
21300905,1610612745,Houston,Rockets,202391,Jeremy,Lin,20810.0,24280.0,2.0,-2.0,0.385
21300905,1610612745,Houston,Rockets,202700,Donatas,Motiejunas,6110.0,9320.0,2.0,3.0,0.231
21300905,1610612745,Houston,Rockets,202700,Donatas,Motiejunas,21600.0,24280.0,2.0,-7.0,0.333
21300905,1610612745,Houston,Rockets,202706,Jordan,Hamilton,5030.0,10650.0,3.0,5.0,0.174
21300905,1610612745,Houston,Rockets,202706,Jordan,Hamilton,14302.0,14400.0,0.0,-3.0,0.0
21300905,1610612745,Houston,Rockets,202706,Jordan,Hamilton,20170.0,24280.0,0.0,0.0,0.063
21300905,1610612745,Houston,Rockets,202706,Jordan,Hamilton,27990.0,28800.0,0.0,-2.0,0.0
21300905,1610612745,Houston,Rockets,202718,Chandler,Parsons,0.0,5030.0,0.0,-11.0,0.091
21300905,1610612745,Houston,Rockets,202718,Chandler,Parsons,7200.0,20170.0,15.0,16.0,0.321
21300905,1610612745,Houston,Rockets,202718,Chandler,Parsons,21600.0,27990.0,4.0,4.0,0.167
21300905,1610612745,Houston,Rockets,203093,Terrence,Jones,0.0,6110.0,2.0,-11.0,0.154
21300905,1610612745,Houston,Rockets,203093,Terrence,Jones,9320.0,21600.0,11.0,18.0,0.16
21300905,1610612745,Houston,Rockets,203093,Terrence,Jones,24280.0,28800.0,4.0,9.0,0.167
21300905,1610612745,Houston,Rockets,203477,Isaiah,Canaan,27880.0,28800.0,0.0,-2.0,0.0
21300905,1610612745,Houston,Rockets,203584,Troy,Daniels,27880.0,28800.0,0.0,-2.0,0.0
21300955,1610612745,Houston,Rockets,2730,Dwight,Howard,0.0,5500.0,4.0,-1.0,0.292
21300955,1610612745,Houston,Rockets,2730,Dwight,Howard,8850.0,18880.0,3.0,-13.0,0.265
21300955,1610612745,Houston,Rockets,2730,Dwight,Howard,24590.0,28800.0,2.0,2.0,0.067
21300955,1610612745,Houston,Rockets,101128,Francisco,Garcia,18880.0,28800.0,11.0,8.0,0.167
21300955,1610612745,Houston,Rockets,201600,Omer,Asik,5500.0,8850.0,1.0,-2.0,0.2
21300955,1610612745,Houston,Rockets,201600,Omer,Asik,18880.0,24590.0,6.0,6.0,0.19
21300955,1610612745,Houston,Rockets,201935,James,Harden,0.0,7200.0,5.0,-2.0,0.25
21300955,1610612745,Houston,Rockets,201935,James,Harden,9780.0,28800.0,23.0,-2.0,0.269
21300955,1610612745,Houston,Rockets,201976,Patrick,Beverley,0.0,4840.0,2.0,-2.0,0.182
21300955,1610612745,Houston,Rockets,201976,Patrick,Beverley,9190.0,12700.0,0.0,-11.0,0.0
21300955,1610612745,Houston,Rockets,201976,Patrick,Beverley,14400.0,16280.0,0.0,1.0,0.0
21300955,1610612745,Houston,Rockets,201976,Patrick,Beverley,24210.0,28800.0,0.0,4.0,0.0
21300955,1610612745,Houston,Rockets,202391,Jeremy,Lin,4840.0,9190.0,2.0,-3.0,0.211
21300955,1610612745,Houston,Rockets,202391,Jeremy,Lin,12470.0,14400.0,0.0,1.0,0.0
21300955,1610612745,Houston,Rockets,202391,Jeremy,Lin,16280.0,24210.0,6.0,2.0,0.222
21300955,1610612745,Houston,Rockets,202700,Donatas,Motiejunas,4220.0,8850.0,3.0,-3.0,0.19
21300955,1610612745,Houston,Rockets,202706,Jordan,Hamilton,5940.0,9780.0,3.0,-3.0,0.25
21300955,1610612745,Houston,Rockets,202706,Jordan,Hamilton,12700.0,14400.0,0.0,1.0,0.0
21300955,1610612745,Houston,Rockets,202718,Chandler,Parsons,0.0,5940.0,3.0,-3.0,0.115
21300955,1610612745,Houston,Rockets,202718,Chandler,Parsons,7200.0,28800.0,16.0,-6.0,0.234
21300955,1610612745,Houston,Rockets,203093,Terrence,Jones,0.0,4220.0,4.0,0.0,0.167
21300955,1610612745,Houston,Rockets,203093,Terrence,Jones,8850.0,12470.0,0.0,-13.0,0.083
21300955,1610612745,Houston,Rockets,203093,Terrence,Jones,14400.0,18880.0,4.0,-1.0,0.25
21300862,1610612745,Houston,Rockets,2730,Dwight,Howard,0.0,5200.0,4.0,-4.0,0.182
21300862,1610612745,Houston,Rockets,2730,Dwight,Howard,9970.0,14270.0,4.0,-4.0,0.211
21300862,1610612745,Houston,Rockets,2730,Dwight,Howard,14400.0,21600.0,10.0,-3.0,0.348
21300862,1610612745,Houston,Rockets,2730,Dwight,Howard,24530.0,28800.0,5.0,-2.0,0.188
21300862,1610612745,Houston,Rockets,201600,Omer,Asik,5200.0,9970.0,4.0,10.0,0.188
21300862,1610612745,Houston,Rockets,201600,Omer,Asik,13480.0,14400.0,0.0,2.0,0.0
21300862,1610612745,Houston,Rockets,201600,Omer,Asik,21600.0,24530.0,0.0,-5.0,0.083
21300862,1610612745,Houston,Rockets,201600,Omer,Asik,25700.0,27330.0,2.0,-1.0,0.167
21300862,1610612745,Houston,Rockets,201935,James,Harden,0.0,6912.0,6.0,-4.0,0.296
21300862,1610612745,Houston,Rockets,201935,James,Harden,8780.0,23230.0,12.0,-7.0,0.245
21300862,1610612745,Houston,Rockets,201935,James,Harden,24530.0,28800.0,0.0,-2.0,0.25
21300862,1610612745,Houston,Rockets,201976,Patrick,Beverley,0.0,5200.0,3.0,-4.0,0.136
21300862,1610612745,Houston,Rockets,201976,Patrick,Beverley,10930.0,19410.0,0.0,-4.0,0.059
21300862,1610612745,Houston,Rockets,201976,Patrick,Beverley,24530.0,28485.0,2.0,-2.0,0.143
21300862,1610612745,Houston,Rockets,202391,Jeremy,Lin,5200.0,10930.0,5.0,6.0,0.25
21300862,1610612745,Houston,Rockets,202391,Jeremy,Lin,19410.0,24530.0,1.0,-4.0,0.316
21300862,1610612745,Houston,Rockets,202391,Jeremy,Lin,28485.0,28800.0,0.0,0.0,0.0
21300862,1610612745,Houston,Rockets,202700,Donatas,Motiejunas,3320.0,8790.0,4.0,14.0,0.1
21300862,1610612745,Houston,Rockets,202700,Donatas,Motiejunas,11490.0,13480.0,2.0,2.0,0.25
21300862,1610612745,Houston,Rockets,202700,Donatas,Motiejunas,14270.0,14400.0,0.0,0.0,0.0
21300862,1610612745,Houston,Rockets,202700,Donatas,Motiejunas,19900.0,25700.0,2.0,-5.0,0.19
21300862,1610612745,Houston,Rockets,202706,Jordan,Hamilton,3320.0,8780.0,5.0,14.0,0.25
21300862,1610612745,Houston,Rockets,202706,Jordan,Hamilton,11910.0,14400.0,2.0,8.0,0.25
21300862,1610612745,Houston,Rockets,202706,Jordan,Hamilton,19410.0,24530.0,6.0,-4.0,0.158
21300862,1610612745,Houston,Rockets,202706,Jordan,Hamilton,27330.0,28800.0,3.0,-2.0,0.286
21300862,1610612745,Houston,Rockets,202718,Chandler,Parsons,0.0,3320.0,0.0,-13.0,0.286
21300862,1610612745,Houston,Rockets,202718,Chandler,Parsons,6912.0,11910.0,0.0,-2.0,0.105
21300862,1610612745,Houston,Rockets,202718,Chandler,Parsons,14400.0,19410.0,4.0,-4.0,0.353
21300862,1610612745,Houston,Rockets,202718,Chandler,Parsons,23230.0,28800.0,3.0,-2.0,0.13
21300862,1610612745,Houston,Rockets,203093,Terrence,Jones,0.0,3320.0,2.0,-13.0,0.143
21300862,1610612745,Houston,Rockets,203093,Terrence,Jones,8790.0,11490.0,0.0,-3.0,0.182
21300862,1610612745,Houston,Rockets,203093,Terrence,Jones,14400.0,19900.0,2.0,-2.0,0.056
21300301,1610612745,Houston,Rockets,2730,Dwight,Howard,0.0,7200.0,1.0,10.0,0.185
21300301,1610612745,Houston,Rockets,2730,Dwight,Howard,9660.0,13010.0,9.0,7.0,0.333
21300301,1610612745,Houston,Rockets,2730,Dwight,Howard,14400.0,17100.0,4.0,0.0,0.4
21300301,1610612745,Houston,Rockets,2730,Dwight,Howard,21600.0,28800.0,6.0,-12.0,0.25
21300301,1610612745,Houston,Rockets,101128,Francisco,Garcia,6925.0,9660.0,0.0,-4.0,0.182
21300301,1610612745,Houston,Rockets,101128,Francisco,Garcia,19140.0,23660.0,0.0,0.0,0.188
21300301,1610612745,Houston,Rockets,101128,Francisco,Garcia,28325.0,28800.0,0.0,-3.0,0.0
21300301,1610612745,Houston,Rockets,200758,Ronnie,Brewer,28325.0,28800.0,0.0,-3.0,0.0
21300301,1610612745,Houston,Rockets,201166,Aaron,Brooks,5770.0,8970.0,2.0,-6.0,0.333
21300301,1610612745,Houston,Rockets,201166,Aaron,Brooks,13690.0,14400.0,0.0,2.0,0.333
21300301,1610612745,Houston,Rockets,201166,Aaron,Brooks,20080.0,23660.0,0.0,-3.0,0.077
21300301,1610612745,Houston,Rockets,201166,Aaron,Brooks,28325.0,28800.0,0.0,-3.0,0.333
21300301,1610612745,Houston,Rockets,201935,James,Harden,0.0,7200.0,8.0,10.0,0.296
21300301,1610612745,Houston,Rockets,201935,James,Harden,9660.0,21600.0,17.0,17.0,0.178
21300301,1610612745,Houston,Rockets,201935,James,Harden,23660.0,28325.0,2.0,-5.0,0.318
21300301,1610612745,Houston,Rockets,201956,Omri,Casspi,5770.0,11130.0,4.0,0.0,0.143
21300301,1610612745,Houston,Rockets,201956,Omri,Casspi,13010.0,14400.0,0.0,2.0,0.0
21300301,1610612745,Houston,Rockets,201956,Omri,Casspi,17100.0,23660.0,2.0,4.0,0.13
21300301,1610612745,Houston,Rockets,201956,Omri,Casspi,28325.0,28800.0,0.0,-3.0,0.0
21300301,1610612745,Houston,Rockets,201976,Patrick,Beverley,0.0,5770.0,6.0,11.0,0.143
21300301,1610612745,Houston,Rockets,201976,Patrick,Beverley,7200.0,20080.0,3.0,11.0,0.082
21300301,1610612745,Houston,Rockets,201976,Patrick,Beverley,23660.0,28325.0,0.0,-5.0,0.182
21300301,1610612745,Houston,Rockets,202700,Donatas,Motiejunas,7200.0,9660.0,0.0,-5.0,0.222
21300301,1610612745,Houston,Rockets,202718,Chandler,Parsons,0.0,6925.0,8.0,9.0,0.154
21300301,1610612745,Houston,Rockets,202718,Chandler,Parsons,8970.0,13690.0,3.0,7.0,0.19
21300301,1610612745,Houston,Rockets,202718,Chandler,Parsons,14400.0,19140.0,3.0,4.0,0.25
21300301,1610612745,Houston,Rockets,202718,Chandler,Parsons,21600.0,28325.0,4.0,-9.0,0.167
21300301,1610612745,Houston,Rockets,203093,Terrence,Jones,0.0,5770.0,3.0,11.0,0.238
21300301,1610612745,Houston,Rockets,203093,Terrence,Jones,11130.0,21600.0,12.0,11.0,0.282
21300301,1610612745,Houston,Rockets,203093,Terrence,Jones,23660.0,28325.0,1.0,-5.0,0.045
21300768,1610612745,Houston,Rockets,2730,Dwight,Howard,0.0,6270.0,3.0,9.0,0.231
21300768,1610612745,Houston,Rockets,2730,Dwight,Howard,8530.0,19780.0,11.0,5.0,0.186
21300768,1610612745,Houston,Rockets,2730,Dwight,Howard,21600.0,27760.0,4.0,13.0,0.333
21300768,1610612745,Houston,Rockets,101128,Francisco,Garcia,15190.0,21600.0,3.0,1.0,0.154
21300768,1610612745,Houston,Rockets,101128,Francisco,Garcia,27760.0,28800.0,3.0,1.0,0.333
21300768,1610612745,Houston,Rockets,201600,Omer,Asik,5280.0,8530.0,2.0,-6.0,0.143
21300768,1610612745,Houston,Rockets,201600,Omer,Asik,19780.0,21600.0,1.0,-5.0,0.333
21300768,1610612745,Houston,Rockets,201600,Omer,Asik,27760.0,28800.0,0.0,1.0,0.0
21300768,1610612745,Houston,Rockets,201935,James,Harden,0.0,7200.0,10.0,6.0,0.267
21300768,1610612745,Houston,Rockets,201935,James,Harden,8910.0,20990.0,9.0,2.0,0.292
21300768,1610612745,Houston,Rockets,201956,Omri,Casspi,6270.0,8910.0,0.0,-5.0,0.182
21300768,1610612745,Houston,Rockets,201956,Omri,Casspi,13620.0,14400.0,2.0,4.0,0.2
21300768,1610612745,Houston,Rockets,201956,Omri,Casspi,27760.0,28800.0,0.0,1.0,0.0
21300768,1610612745,Houston,Rockets,201976,Patrick,Beverley,0.0,4660.0,6.0,9.0,0.105
21300768,1610612745,Houston,Rockets,201976,Patrick,Beverley,7200.0,8910.0,0.0,-2.0,0.143
21300768,1610612745,Houston,Rockets,201976,Patrick,Beverley,14400.0,18790.0,5.0,2.0,0.294
21300768,1610612745,Houston,Rockets,201976,Patrick,Beverley,20990.0,27760.0,3.0,11.0,0.13
21300768,1610612745,Houston,Rockets,202391,Jeremy,Lin,4660.0,14400.0,2.0,0.0,0.1
21300768,1610612745,Houston,Rockets,202391,Jeremy,Lin,18790.0,28800.0,0.0,7.0,0.086
21300768,1610612745,Houston,Rockets,202700,Donatas,Motiejunas,3480.0,5280.0,0.0,7.0,0.125
21300768,1610612745,Houston,Rockets,202700,Donatas,Motiejunas,12540.0,14400.0,6.0,3.0,0.222
21300768,1610612745,Houston,Rockets,202700,Donatas,Motiejunas,19130.0,24840.0,3.0,2.0,0.095
21300768,1610612745,Houston,Rockets,202700,Donatas,Motiejunas,27760.0,28800.0,0.0,1.0,0.0
21300768,1610612745,Houston,Rockets,202718,Chandler,Parsons,0.0,6270.0,7.0,9.0,0.192
21300768,1610612745,Houston,Rockets,202718,Chandler,Parsons,8910.0,13620.0,5.0,1.0,0.176
21300768,1610612745,Houston,Rockets,202718,Chandler,Parsons,14400.0,15190.0,0.0,-6.0,0.0
21300768,1610612745,Houston,Rockets,202718,Chandler,Parsons,21600.0,27760.0,8.0,13.0,0.333
21300768,1610612745,Houston,Rockets,203093,Terrence,Jones,0.0,3480.0,6.0,3.0,0.357
21300768,1610612745,Houston,Rockets,203093,Terrence,Jones,6270.0,12540.0,4.0,-3.0,0.167
21300768,1610612745,Houston,Rockets,203093,Terrence,Jones,14400.0,19130.0,0.0,2.0,0.111
21300768,1610612745,Houston,Rockets,203093,Terrence,Jones,24840.0,27760.0,4.0,4.0,0.2
21300649,1610612745,Houston,Rockets,2730,Dwight,Howard,0.0,7200.0,4.0,-2.0,0.346
21300649,1610612745,Houston,Rockets,2730,Dwight,Howard,9980.0,14040.0,4.0,-2.0,0.308
21300649,1610612745,Houston,Rockets,2730,Dwight,Howard,14400.0,21600.0,2.0,-6.0,0.148
21300649,1610612745,Houston,Rockets,2730,Dwight,Howard,23270.0,24760.0,0.0,-6.0,0.0
21300649,1610612745,Houston,Rockets,201166,Aaron,Brooks,21600.0,23470.0,0.0,-3.0,0.25
21300649,1610612745,Houston,Rockets,201166,Aaron,Brooks,24760.0,28800.0,6.0,8.0,0.214
21300649,1610612745,Houston,Rockets,201935,James,Harden,0.0,6130.0,6.0,0.0,0.217
21300649,1610612745,Houston,Rockets,201935,James,Harden,8560.0,21600.0,10.0,-16.0,0.255
21300649,1610612745,Houston,Rockets,201935,James,Harden,23470.0,24760.0,0.0,-6.0,0.25
21300649,1610612745,Houston,Rockets,201956,Omri,Casspi,5330.0,9980.0,2.0,-11.0,0.222
21300649,1610612745,Houston,Rockets,201956,Omri,Casspi,21252.0,23270.0,4.0,-5.0,0.25
21300649,1610612745,Houston,Rockets,201956,Omri,Casspi,24760.0,28800.0,3.0,8.0,0.143
21300649,1610612745,Houston,Rockets,201976,Patrick,Beverley,0.0,6130.0,0.0,0.0,0.087
21300649,1610612745,Houston,Rockets,201976,Patrick,Beverley,9980.0,23470.0,9.0,-13.0,0.184
21300649,1610612745,Houston,Rockets,202391,Jeremy,Lin,6130.0,9980.0,0.0,-7.0,0.133
21300649,1610612745,Houston,Rockets,202391,Jeremy,Lin,14040.0,14400.0,0.0,-2.0,0.0
21300649,1610612745,Houston,Rockets,202391,Jeremy,Lin,16050.0,28800.0,6.0,-4.0,0.2
21300649,1610612745,Houston,Rockets,202700,Donatas,Motiejunas,4510.0,8560.0,0.0,-3.0,0.143
21300649,1610612745,Houston,Rockets,202700,Donatas,Motiejunas,14040.0,14400.0,0.0,-2.0,0.0
21300649,1610612745,Houston,Rockets,202700,Donatas,Motiejunas,22220.0,24760.0,0.0,-4.0,0.1
21300649,1610612745,Houston,Rockets,202718,Chandler,Parsons,0.0,5330.0,0.0,4.0,0.158
21300649,1610612745,Houston,Rockets,202718,Chandler,Parsons,6130.0,21252.0,9.0,-15.0,0.236
21300649,1610612745,Houston,Rockets,202718,Chandler,Parsons,23470.0,24760.0,2.0,-6.0,0.25
21300649,1610612745,Houston,Rockets,203093,Terrence,Jones,0.0,4510.0,2.0,2.0,0.176
21300649,1610612745,Houston,Rockets,203093,Terrence,Jones,7200.0,14040.0,2.0,-7.0,0.125
21300649,1610612745,Houston,Rockets,203093,Terrence,Jones,14400.0,16050.0,0.0,-3.0,0.0
21300649,1610612745,Houston,Rockets,203093,Terrence,Jones,21600.0,22220.0,0.0,-5.0,0.0
21300649,1610612745,Houston,Rockets,203093,Terrence,Jones,24760.0,28800.0,4.0,8.0,0.214
21300649,1610612745,Houston,Rockets,203496,Robert,Covington,24760.0,28800.0,6.0,8.0,0.286
21300271,1610612745,Houston,Rockets,2730,Dwight,Howard,0.0,6530.0,9.0,-8.0,0.321
21300271,1610612745,Houston,Rockets,2730,Dwight,Howard,9900.0,21600.0,5.0,-8.0,0.184
21300271,1610612745,Houston,Rockets,2730,Dwight,Howard,25480.0,28800.0,1.0,-2.0,0.154
21300271,1610612745,Houston,Rockets,101128,Francisco,Garcia,0.0,5360.0,2.0,0.0,0.16
21300271,1610612745,Houston,Rockets,101128,Francisco,Garcia,7200.0,13690.0,3.0,-9.0,0.1
21300271,1610612745,Houston,Rockets,101128,Francisco,Garcia,18950.0,23610.0,3.0,-1.0,0.167
21300271,1610612745,Houston,Rockets,201166,Aaron,Brooks,5360.0,11930.0,7.0,-8.0,0.241
21300271,1610612745,Houston,Rockets,201166,Aaron,Brooks,13690.0,18950.0,2.0,11.0,0.19
21300271,1610612745,Houston,Rockets,201166,Aaron,Brooks,20560.0,28800.0,8.0,-4.0,0.273
21300271,1610612745,Houston,Rockets,201935,James,Harden,0.0,7200.0,3.0,-5.0,0.161
21300271,1610612745,Houston,Rockets,201935,James,Harden,9310.0,21600.0,7.0,-10.0,0.269
21300271,1610612745,Houston,Rockets,201935,James,Harden,23610.0,28800.0,4.0,-5.0,0.3
21300271,1610612745,Houston,Rockets,201956,Omri,Casspi,5730.0,10870.0,2.0,0.0,0.292
21300271,1610612745,Houston,Rockets,201956,Omri,Casspi,14400.0,20560.0,7.0,6.0,0.217
21300271,1610612745,Houston,Rockets,201956,Omri,Casspi,21600.0,28800.0,5.0,3.0,0.207
21300271,1610612745,Houston,Rockets,201976,Patrick,Beverley,0.0,9310.0,0.0,-2.0,0.103
21300271,1610612745,Houston,Rockets,201976,Patrick,Beverley,11930.0,20560.0,5.0,3.0,0.121
21300271,1610612745,Houston,Rockets,201976,Patrick,Beverley,21600.0,28800.0,7.0,3.0,0.138
21300271,1610612745,Houston,Rockets,202700,Donatas,Motiejunas,6530.0,9900.0,0.0,4.0,0.143
21300271,1610612745,Houston,Rockets,203093,Terrence,Jones,0.0,5730.0,6.0,-3.0,0.269
21300271,1610612745,Houston,Rockets,203093,Terrence,Jones,10870.0,14400.0,0.0,-8.0,0.067
21300271,1610612745,Houston,Rockets,203093,Terrence,Jones,20560.0,25480.0,2.0,-2.0,0.15
21301088,1610612745,Houston,Rockets,101128,Francisco,Garcia,6290.0,9760.0,3.0,1.0,0.125
21301088,1610612745,Houston,Rockets,101128,Francisco,Garcia,21320.0,22930.0,0.0,-8.0,0.167
21301088,1610612745,Houston,Rockets,201600,Omer,Asik,0.0,4550.0,4.0,4.0,0.211
21301088,1610612745,Houston,Rockets,201600,Omer,Asik,9340.0,21320.0,4.0,-11.0,0.1
21301088,1610612745,Houston,Rockets,201600,Omer,Asik,24360.0,28800.0,4.0,0.0,0.176
21301088,1610612745,Houston,Rockets,201935,James,Harden,0.0,7200.0,9.0,10.0,0.258
21301088,1610612745,Houston,Rockets,201935,James,Harden,9760.0,21600.0,16.0,-11.0,0.327
21301088,1610612745,Houston,Rockets,201935,James,Harden,22930.0,28800.0,7.0,-1.0,0.391
21301088,1610612745,Houston,Rockets,201956,Omri,Casspi,4550.0,9340.0,0.0,5.0,0.048
21301088,1610612745,Houston,Rockets,201956,Omri,Casspi,12280.0,14400.0,0.0,1.0,0.0
21301088,1610612745,Houston,Rockets,202391,Jeremy,Lin,0.0,4940.0,2.0,5.0,0.19
21301088,1610612745,Houston,Rockets,202391,Jeremy,Lin,9340.0,18500.0,6.0,-13.0,0.22
21301088,1610612745,Houston,Rockets,202391,Jeremy,Lin,23940.0,28800.0,2.0,0.0,0.158
21301088,1610612745,Houston,Rockets,202700,Donatas,Motiejunas,1210.0,8190.0,4.0,14.0,0.133
21301088,1610612745,Houston,Rockets,202700,Donatas,Motiejunas,10960.0,12280.0,0.0,-8.0,0.4
21301088,1610612745,Houston,Rockets,202700,Donatas,Motiejunas,18500.0,26350.0,2.0,-3.0,0.103
21301088,1610612745,Houston,Rockets,202718,Chandler,Parsons,0.0,6290.0,11.0,6.0,0.222
21301088,1610612745,Houston,Rockets,202718,Chandler,Parsons,7200.0,21320.0,14.0,-12.0,0.254
21301088,1610612745,Houston,Rockets,202718,Chandler,Parsons,21600.0,28800.0,3.0,-7.0,0.148
21301088,1610612745,Houston,Rockets,203093,Terrence,Jones,0.0,1210.0,0.0,-2.0,0.25
21301088,1610612745,Houston,Rockets,203093,Terrence,Jones,8190.0,10960.0,0.0,-8.0,0.0
21301088,1610612745,Houston,Rockets,203093,Terrence,Jones,14400.0,18500.0,2.0,-1.0,0.211
21301088,1610612745,Houston,Rockets,203093,Terrence,Jones,21320.0,24360.0,0.0,-9.0,0.0
21301088,1610612745,Houston,Rockets,203477,Isaiah,Canaan,4940.0,9340.0,6.0,4.0,0.316
21301088,1610612745,Houston,Rockets,203477,Isaiah,Canaan,18500.0,23940.0,4.0,-7.0,0.263
21301088,1610612745,Houston,Rockets,203477,Isaiah,Canaan,26350.0,28800.0,4.0,-4.0,0.222
21300396,1610612745,Houston,Rockets,2730,Dwight,Howard,0.0,6715.0,14.0,9.0,0.379
21300396,1610612745,Houston,Rockets,2730,Dwight,Howard,7200.0,13834.0,9.0,2.0,0.333
21300396,1610612745,Houston,Rockets,2730,Dwight,Howard,14400.0,20840.0,6.0,5.0,0.273
21300396,1610612745,Houston,Rockets,2730,Dwight,Howard,23180.0,27260.0,6.0,9.0,0.417
21300396,1610612745,Houston,Rockets,101128,Francisco,Garcia,0.0,5750.0,2.0,3.0,0.125
21300396,1610612745,Houston,Rockets,101128,Francisco,Garcia,7200.0,10950.0,6.0,6.0,0.2
21300396,1610612745,Houston,Rockets,101128,Francisco,Garcia,14400.0,18190.0,3.0,2.0,0.214
21300396,1610612745,Houston,Rockets,101128,Francisco,Garcia,20840.0,28800.0,5.0,4.0,0.16
21300396,1610612745,Houston,Rockets,200758,Ronnie,Brewer,10950.0,14400.0,0.0,-7.0,0.083
21300396,1610612745,Houston,Rockets,200758,Ronnie,Brewer,19800.0,23180.0,0.0,-6.0,0.0
21300396,1610612745,Houston,Rockets,200758,Ronnie,Brewer,27500.0,28800.0,0.0,-1.0,0.4
21300396,1610612745,Houston,Rockets,201166,Aaron,Brooks,5750.0,14065.0,5.0,8.0,0.125
21300396,1610612745,Houston,Rockets,201166,Aaron,Brooks,14112.0,20840.0,3.0,5.0,0.208
21300396,1610612745,Houston,Rockets,201166,Aaron,Brooks,23180.0,28800.0,2.0,7.0,0.118
21300396,1610612745,Houston,Rockets,201956,Omri,Casspi,6715.0,14400.0,3.0,-1.0,0.138
21300396,1610612745,Houston,Rockets,201956,Omri,Casspi,18190.0,28800.0,10.0,7.0,0.182
21300396,1610612745,Houston,Rockets,201976,Patrick,Beverley,0.0,7200.0,10.0,9.0,0.258
21300396,1610612745,Houston,Rockets,201976,Patrick,Beverley,9400.0,10950.0,0.0,-2.0,0.167
21300396,1610612745,Houston,Rockets,202700,Donatas,Motiejunas,14065.0,14112.0,0.0,-3.0,0.0
21300396,1610612745,Houston,Rockets,202718,Chandler,Parsons,0.0,9400.0,0.0,17.0,0.125
21300396,1610612745,Houston,Rockets,202718,Chandler,Parsons,10950.0,27500.0,20.0,3.0,0.222
21300396,1610612745,Houston,Rockets,202962,Greg,Smith,4710.0,7200.0,2.0,9.0,0.231
21300396,1610612745,Houston,Rockets,203093,Terrence,Jones,0.0,4710.0,5.0,0.0,0.158
21300396,1610612745,Houston,Rockets,203093,Terrence,Jones,13834.0,19800.0,0.0,5.0,0.045
21300396,1610612745,Houston,Rockets,203093,Terrence,Jones,20840.0,23180.0,0.0,-3.0,0.125
21300396,1610612745,Houston,Rockets,203093,Terrence,Jones,27260.0,28800.0,3.0,-2.0,0.2
21301047,1610612745,Houston,Rockets,2730,Dwight,Howard,0.0,5650.0,6.0,-3.0,0.227
21301047,1610612745,Houston,Rockets,2730,Dwight,Howard,9960.0,19680.0,4.0,-1.0,0.206
21301047,1610612745,Houston,Rockets,2730,Dwight,Howard,24630.0,28800.0,0.0,5.0,0.071
21301047,1610612745,Houston,Rockets,201600,Omer,Asik,5650.0,9960.0,0.0,5.0,0.067
21301047,1610612745,Houston,Rockets,201600,Omer,Asik,19680.0,24630.0,2.0,5.0,0.111
21301047,1610612745,Houston,Rockets,201935,James,Harden,0.0,7200.0,7.0,1.0,0.321
21301047,1610612745,Houston,Rockets,201935,James,Harden,10760.0,22860.0,21.0,4.0,0.326
21301047,1610612745,Houston,Rockets,201935,James,Harden,24630.0,28800.0,3.0,5.0,0.143
21301047,1610612745,Houston,Rockets,201976,Patrick,Beverley,0.0,5390.0,2.0,-1.0,0.238
21301047,1610612745,Houston,Rockets,201976,Patrick,Beverley,7200.0,10760.0,0.0,6.0,0.0
21301047,1610612745,Houston,Rockets,201976,Patrick,Beverley,11680.0,19020.0,3.0,1.0,0.16
21301047,1610612745,Houston,Rockets,201976,Patrick,Beverley,24630.0,28800.0,3.0,5.0,0.143
21301047,1610612745,Houston,Rockets,202391,Jeremy,Lin,5390.0,11680.0,7.0,4.0,0.261
21301047,1610612745,Houston,Rockets,202391,Jeremy,Lin,19020.0,24630.0,3.0,2.0,0.1
21301047,1610612745,Houston,Rockets,202700,Donatas,Motiejunas,5390.0,10130.0,2.0,6.0,0.25
21301047,1610612745,Houston,Rockets,202700,Donatas,Motiejunas,13770.0,14400.0,0.0,3.0,0.0
21301047,1610612745,Houston,Rockets,202700,Donatas,Motiejunas,20150.0,24630.0,2.0,7.0,0.059
21301047,1610612745,Houston,Rockets,202706,Jordan,Hamilton,6470.0,10760.0,6.0,3.0,0.188
21301047,1610612745,Houston,Rockets,202706,Jordan,Hamilton,21177.0,24630.0,0.0,1.0,0.154
21301047,1610612745,Houston,Rockets,202718,Chandler,Parsons,0.0,6470.0,0.0,4.0,0.04
21301047,1610612745,Houston,Rockets,202718,Chandler,Parsons,10760.0,21177.0,2.0,-2.0,0.194
21301047,1610612745,Houston,Rockets,202718,Chandler,Parsons,22860.0,28800.0,9.0,0.0,0.35
21301047,1610612745,Houston,Rockets,203093,Terrence,Jones,0.0,5390.0,8.0,-1.0,0.238
21301047,1610612745,Houston,Rockets,203093,Terrence,Jones,10130.0,13770.0,4.0,-4.0,0.333
21301047,1610612745,Houston,Rockets,203093,Terrence,Jones,14400.0,20150.0,4.0,-5.0,0.143
21301047,1610612745,Houston,Rockets,203093,Terrence,Jones,24630.0,28800.0,2.0,5.0,0.286
21301209,1610612745,Houston,Rockets,2730,Dwight,Howard,0.0,4890.0,6.0,7.0,0.176
21301209,1610612745,Houston,Rockets,2730,Dwight,Howard,10310.0,18990.0,9.0,5.0,0.2
21301209,1610612745,Houston,Rockets,2730,Dwight,Howard,23520.0,28800.0,5.0,6.0,0.238
21301209,1610612745,Houston,Rockets,101128,Francisco,Garcia,6060.0,10310.0,0.0,2.0,0.067
21301209,1610612745,Houston,Rockets,101128,Francisco,Garcia,19490.0,23520.0,2.0,-7.0,0.167
21301209,1610612745,Houston,Rockets,201600,Omer,Asik,4890.0,10310.0,6.0,0.0,0.211
21301209,1610612745,Houston,Rockets,201600,Omer,Asik,18990.0,23520.0,2.0,-12.0,0.071
21301209,1610612745,Houston,Rockets,201935,James,Harden,0.0,6060.0,7.0,5.0,0.286
21301209,1610612745,Houston,Rockets,201935,James,Harden,10310.0,19490.0,2.0,0.0,0.237
21301209,1610612745,Houston,Rockets,201935,James,Harden,22930.0,28800.0,7.0,1.0,0.227
21301209,1610612745,Houston,Rockets,201976,Patrick,Beverley,0.0,2800.0,4.0,0.0,0.5
21301209,1610612745,Houston,Rockets,201976,Patrick,Beverley,7200.0,18990.0,3.0,3.0,0.109
21301209,1610612745,Houston,Rockets,201976,Patrick,Beverley,21600.0,28800.0,5.0,-2.0,0.115
21301209,1610612745,Houston,Rockets,202391,Jeremy,Lin,2800.0,10310.0,2.0,7.0,0.154
21301209,1610612745,Houston,Rockets,202391,Jeremy,Lin,18990.0,22930.0,3.0,-7.0,0.231
21301209,1610612745,Houston,Rockets,202700,Donatas,Motiejunas,7200.0,10310.0,0.0,-2.0,0.167
21301209,1610612745,Houston,Rockets,202700,Donatas,Motiejunas,21600.0,23520.0,0.0,-8.0,0.4
21301209,1610612745,Houston,Rockets,202718,Chandler,Parsons,0.0,7200.0,2.0,9.0,0.167
21301209,1610612745,Houston,Rockets,202718,Chandler,Parsons,10310.0,21600.0,17.0,1.0,0.273
21301209,1610612745,Houston,Rockets,202718,Chandler,Parsons,23520.0,28800.0,2.0,6.0,0.19
21301209,1610612745,Houston,Rockets,203093,Terrence,Jones,0.0,7200.0,9.0,9.0,0.167
21301209,1610612745,Houston,Rockets,203093,Terrence,Jones,10310.0,21600.0,6.0,1.0,0.205
21301209,1610612745,Houston,Rockets,203093,Terrence,Jones,23520.0,28800.0,5.0,6.0,0.143
21300009,1610612745,Houston,Rockets,2730,Dwight,Howard,0.0,5540.0,3.0,-3.0,0.333
21300009,1610612745,Houston,Rockets,2730,Dwight,Howard,9120.0,13310.0,2.0,8.0,0.125
21300009,1610612745,Houston,Rockets,2730,Dwight,Howard,14400.0,20530.0,8.0,-2.0,0.333
21300009,1610612745,Houston,Rockets,2730,Dwight,Howard,23850.0,28800.0,4.0,7.0,0.2
21300009,1610612745,Houston,Rockets,101128,Francisco,Garcia,5540.0,14400.0,14.0,9.0,0.229
21300009,1610612745,Houston,Rockets,101128,Francisco,Garcia,19630.0,28800.0,5.0,9.0,0.194
21300009,1610612745,Houston,Rockets,201166,Aaron,Brooks,9980.0,13310.0,0.0,8.0,0.077
21300009,1610612745,Houston,Rockets,201166,Aaron,Brooks,20530.0,23850.0,0.0,2.0,0.083
21300009,1610612745,Houston,Rockets,201600,Omer,Asik,0.0,3590.0,0.0,1.0,0.071
21300009,1610612745,Houston,Rockets,201600,Omer,Asik,5540.0,9120.0,0.0,1.0,0.154
21300009,1610612745,Houston,Rockets,201600,Omer,Asik,13310.0,18510.0,4.0,-5.0,0.19
21300009,1610612745,Houston,Rockets,201600,Omer,Asik,20530.0,23850.0,0.0,2.0,0.083
21300009,1610612745,Houston,Rockets,201935,James,Harden,0.0,6480.0,2.0,-5.0,0.259
21300009,1610612745,Houston,Rockets,201935,James,Harden,9460.0,19630.0,6.0,5.0,0.282
21300009,1610612745,Houston,Rockets,201935,James,Harden,23340.0,28800.0,13.0,9.0,0.353
21300009,1610612745,Houston,Rockets,201956,Omri,Casspi,3590.0,8230.0,0.0,-2.0,0.158
21300009,1610612745,Houston,Rockets,201956,Omri,Casspi,9120.0,9460.0,0.0,1.0,0.0
21300009,1610612745,Houston,Rockets,201956,Omri,Casspi,18510.0,25770.0,4.0,9.0,0.16
21300009,1610612745,Houston,Rockets,201976,Patrick,Beverley,0.0,3590.0,5.0,1.0,0.286
21300009,1610612745,Houston,Rockets,201976,Patrick,Beverley,6480.0,9120.0,0.0,3.0,0.182
21300009,1610612745,Houston,Rockets,202391,Jeremy,Lin,3590.0,9980.0,8.0,-3.0,0.192
21300009,1610612745,Houston,Rockets,202391,Jeremy,Lin,13310.0,20530.0,4.0,-2.0,0.148
21300009,1610612745,Houston,Rockets,202391,Jeremy,Lin,23850.0,28800.0,4.0,7.0,0.2
21300009,1610612745,Houston,Rockets,202718,Chandler,Parsons,0.0,5540.0,1.0,-3.0,0.083
21300009,1610612745,Houston,Rockets,202718,Chandler,Parsons,8230.0,23340.0,9.0,5.0,0.19
21300009,1610612745,Houston,Rockets,202718,Chandler,Parsons,25770.0,28800.0,0.0,3.0,0.0
