PLAYER_ID,PLAYER_NAME,NICKNAME,TEAM_ID,TEAM_ABBREVIATION,AGE,GP,W,L,W_PCT,MIN,FGM,FGA,FG_PCT,FG3M,FG3A,FG3_PCT,FTM,FTA,FT_PCT,OREB,DREB,REB,AST,TOV,STL,BLK,BLKA,PF,PFD,PTS,PLUS_MINUS,NBA_FANTASY_PTS,DD2,TD3,WNBA_FANTASY_PTS,GP_RANK,W_RANK,L_RANK,W_PCT_RANK,MIN_RANK,FGM_RANK,FGA_RANK,FG_PCT_RANK,FG3M_RANK,FG3A_RANK,FG3_PCT_RANK,FTM_RANK,FTA_RANK,FT_PCT_RANK,OREB_RANK,DREB_RANK,REB_RANK,AST_RANK,TOV_RANK,STL_RANK,BLK_RANK,BLKA_RANK,PF_RANK,PFD_RANK,PTS_RANK,PLUS_MINUS_RANK,NBA_FANTASY_PTS_RANK,DD2_RANK,TD3_RANK,WNBA_FANTASY_PTS_RANK,DEF_RATING_RANK,PIE,FGM_PG,FGA_PG,E_OFF_RATING,DREB_PCT_RANK,E_DEF_RATING,PACE_RANK,PACE,E_NET_RATING_RANK,EFG_PCT,sp_work_OFF_RATING,OFF_RATING_RANK,sp_work_NET_RATING,USG_PCT_RANK,AST_PCT_RANK,POSS,sp_work_PACE_RANK,sp_work_NET_RATING_RANK,DEF_RATING,sp_work_DEF_RATING_RANK,DREB_PCT,E_TOV_PCT_RANK,sp_work_PACE,sp_work_DEF_RATING,REB_PCT,USG_PCT,AST_RATIO,NET_RATING,AST_TO_RANK,E_PACE,EFG_PCT_RANK,FGM_PG_RANK,REB_PCT_RANK,E_TOV_PCT,AST_RATIO_RANK,PACE_PER40,PIE_RANK,AST_PCT,OREB_PCT,TM_TOV_PCT_RANK,TS_PCT_RANK,AST_TO,OFF_RATING,E_USG_PCT_RANK,E_USG_PCT,E_DEF_RATING_RANK,OREB_PCT_RANK,NET_RATING_RANK,E_PACE_RANK,TS_PCT,sp_work_OFF_RATING_RANK,TM_TOV_PCT,FGA_PG_RANK,E_NET_RATING,E_OFF_RATING_RANK,BACKCOURT_FG_PCT,LEFT_CORNER_3_FG_PCT,MID_FGM,RA_FG_PCT,CORNER_3_FGA,RA_FGA,ITP_FGA,MID_FGA,ABOVE_BREAK_3_FGM,ABOVE_BREAK_3_FGA,MID_FG_PCT,CORNER_3_FG_PCT,RA_FGM,RIGHT_CORNER_3_FG_PCT,BACKCOURT_FGA,RIGHT_CORNER_3_FGM,CORNER_3_FGM,BACKCOURT_FGM,ITP_FG_PCT,ITP_FGM,ABOVE_BREAK_3_FG_PCT,RIGHT_CORNER_3_FGA,LEFT_CORNER_3_FGM,LEFT_CORNER_3_FGA,FGM_35_39,FGM_10_14,FGP_20_24,FGA_15_19,FGM_20_24,FGM_40_PLUS,FGP_15_19,FGP_35_39,FGP_25_29,FGA_30_34,FGM_LT_5,FGA_LT_5,FGA_20_24,FGP_30_34,TEAM_ABBR,FGM_30_34,FGP_LT_5,FGM_15_19,FGP_40_PLUS,FGA_10_14,FGA_25_29,FGP_10_14,FGA_5_9,FGA_35_39,FGP_5_9,FGA_40_PLUS,FGM_5_9,FGM_25_29,year,date,PASSES_MADE,AST_TO_PASS_PCT,PASSES_RECEIVED,FT_AST,AST_PTS_CREATED,POTENTIAL_AST,AST_TO_PASS_PCT_ADJ,SECONDARY_AST,AST_ADJ,DRIVE_TOV_PCT,DRIVE_PF,DRIVE_FTM,DRIVES,DRIVE_PASSES_PCT,DRIVE_TOV,DRIVE_AST_PCT,DRIVE_FT_PCT,DRIVE_PF_PCT,DRIVE_FG_PCT,DRIVE_FGM,DRIVE_PASSES,DRIVE_FGA,DRIVE_FTA,DRIVE_PTS,DRIVE_AST,DRIVE_PTS_PCT,TOUCHES,PTS_PER_POST_TOUCH,FRONT_CT_TOUCHES,ELBOW_TOUCHES,POINTS,PAINT_TOUCHES,PTS_PER_PAINT_TOUCH,AVG_DRIB_PER_TOUCH,PTS_PER_ELBOW_TOUCH,AVG_SEC_PER_TOUCH,POST_TOUCHES,TIME_OF_POSS,PTS_PER_TOUCH,REB_CHANCE_PCT,OREB_CONTEST,AVG_OREB_DIST,OREB_CONTEST_PCT,OREB_CHANCES,REB_CONTEST_PCT,REB_CHANCE_DEFER,DREB_CONTEST_PCT,DREB_CHANCE_PCT,AVG_REB_DIST,AVG_DREB_DIST,REB_CONTEST,DREB_CHANCE_PCT_ADJ,DREB_CHANCE_DEFER,REB_UNCONTEST,DREB_CONTEST,OREB_CHANCE_PCT,OREB_CHANCE_DEFER,DREB_CHANCES,OREB_UNCONTEST,REB_CHANCE_PCT_ADJ,OREB_CHANCE_PCT_ADJ,DREB_UNCONTEST,REB_CHANCES,very_tight_FG2A_FREQUENCY,very_tight_EFG_PCT,very_tight_FG3A_FREQUENCY,very_tight_FG3A,very_tight_FGM,very_tight_FG2_PCT,PLAYER_LAST_TEAM_ABBREVIATION,very_tight_FGA,very_tight_FG3_PCT,very_tight_FG3M,very_tight_FG2M,G,PLAYER_LAST_TEAM_ID,very_tight_FG2A,very_tight_FGA_FREQUENCY,very_tight_FG_PCT,tight_FGA,tight_FGA_FREQUENCY,tight_FG2_PCT,tight_FG2A_FREQUENCY,tight_FG2A,tight_EFG_PCT,tight_FG3A,tight_FG3_PCT,tight_FGM,tight_FG3M,tight_FG_PCT,tight_FG3A_FREQUENCY,tight_FG2M,open_FGA_FREQUENCY,open_FG3A,open_FGA,open_FG2M,open_EFG_PCT,open_FG2A,open_FG3A_FREQUENCY,open_FG_PCT,open_FG3_PCT,open_FG2_PCT,open_FGM,open_FG3M,open_FG2A_FREQUENCY,wide_open_FG2A,wide_open_FG_PCT,wide_open_FG3A,wide_open_EFG_PCT,wide_open_FG2M,wide_open_FG3M,wide_open_FG2A_FREQUENCY,wide_open_FG3A_FREQUENCY,wide_open_FGM,wide_open_FGA_FREQUENCY,wide_open_FG3_PCT,wide_open_FGA,wide_open_FG2_PCT,PULL_UP_FG3M,PULL_UP_FGM,PULL_UP_FG3A,PULL_UP_FG3_PCT,PULL_UP_PTS,PULL_UP_FG_PCT,PULL_UP_FGA,PULL_UP_EFG_PCT,EFF_FG_PCT,CATCH_SHOOT_FG_PCT,POST_TOUCH_FG_PCT,ELBOW_TOUCH_FG_PCT,POST_TOUCH_PTS,PAINT_TOUCH_FG_PCT,ELBOW_TOUCH_PTS,PAINT_TOUCH_PTS,CATCH_SHOOT_PTS,PLUSMINUS,FGA_LT_06,NS_LT_06_PCT,LT_06_PCT,FGM_LT_06,PLAYER_POSITION,FREQ,CATCH_SHOOT_FGA,CATCH_SHOOT_FG3M,CATCH_SHOOT_EFG_PCT,CATCH_SHOOT_FG3A,CATCH_SHOOT_FGM,CATCH_SHOOT_FG3_PCT,HTM,VTM,opp_team,team,opp_id,series_key,GAME_ID,overall_def_FREQ,overall_def_D_FGM,overall_def_D_FGA,overall_def_D_FG_PCT,overall_def_NORMAL_FG_PCT,overall_def_PCT_PLUSMINUS,three_pt_def_FREQ,three_pt_def_FG3M,three_pt_def_FG3A,three_pt_def_FG3_PCT,three_pt_def_NS_FG3_PCT,three_pt_def_PLUSMINUS,two_pt_def_FREQ,two_pt_def_FG2M,two_pt_def_FG2A,two_pt_def_FG2_PCT,two_pt_def_NS_FG2_PCT,two_pt_def_PLUSMINUS,less_6ft_def_FREQ,less_6ft_def_FGM_LT_06,less_6ft_def_FGA_LT_06,less_6ft_def_LT_06_PCT,less_6ft_def_NS_LT_06_PCT,less_6ft_def_PLUSMINUS,less_10ft_def_FREQ,less_10ft_def_FGM_LT_10,less_10ft_def_FGA_LT_10,less_10ft_def_LT_10_PCT,less_10ft_def_NS_LT_10_PCT,less_10ft_def_PLUSMINUS,more_15ft_def_FREQ,more_15ft_def_FGM_GT_15,more_15ft_def_FGA_GT_15,more_15ft_def_GT_15_PCT,more_15ft_def_NS_GT_15_PCT,more_15ft_def_PLUSMINUS,hustle_TEAM_ID,hustle_TEAM_ABBREVIATION,hustle_CONTESTED_SHOTS,hustle_CONTESTED_SHOTS_2PT,hustle_CONTESTED_SHOTS_3PT,hustle_DEFLECTIONS,hustle_CHARGES_DRAWN,hustle_SCREEN_ASSISTS,hustle_SCREEN_AST_PTS,hustle_OFF_LOOSE_BALLS_RECOVERED,hustle_DEF_LOOSE_BALLS_RECOVERED,hustle_LOOSE_BALLS_RECOVERED,hustle_PCT_LOOSE_BALLS_RECOVERED_OFF,hustle_PCT_LOOSE_BALLS_RECOVERED_DEF,hustle_OFF_BOXOUTS,hustle_DEF_BOXOUTS,hustle_BOX_OUTS,hustle_BOX_OUT_PLAYER_TEAM_REBS,hustle_BOX_OUT_PLAYER_REBS,hustle_PCT_BOX_OUTS_OFF,hustle_PCT_BOX_OUTS_DEF,hustle_PCT_BOX_OUTS_TEAM_REB,hustle_PCT_BOX_OUTS_REB,post_touch_TEAM_ID,post_touch_TEAM_ABBREVIATION,post_touch_TOUCHES,post_touch_POST_TOUCHES,post_touch_POST_TOUCH_FGM,post_touch_POST_TOUCH_FGA,post_touch_POST_TOUCH_FG_PCT,post_touch_POST_TOUCH_FTM,post_touch_POST_TOUCH_FTA,post_touch_POST_TOUCH_FT_PCT,post_touch_POST_TOUCH_PTS,post_touch_POST_TOUCH_PTS_PCT,post_touch_POST_TOUCH_PASSES,post_touch_POST_TOUCH_PASSES_PCT,post_touch_POST_TOUCH_AST,post_touch_POST_TOUCH_AST_PCT,post_touch_POST_TOUCH_TOV,post_touch_POST_TOUCH_TOV_PCT,post_touch_POST_TOUCH_FOULS,post_touch_POST_TOUCH_FOULS_PCT,speed_distance_TEAM_ID,speed_distance_TEAM_ABBREVIATION,speed_distance_MIN1,speed_distance_DIST_FEET,speed_distance_DIST_MILES,speed_distance_DIST_MILES_OFF,speed_distance_DIST_MILES_DEF,speed_distance_AVG_SPEED,speed_distance_AVG_SPEED_OFF,speed_distance_AVG_SPEED_DEF,season
201142,Kevin Durant,Kevin,1610612760,OKC,27.0,1,0,1,0.0,41.73833333333334,10,18,0.556,1,5,0.2,5,6,0.833,0,5,5,3,5,1,1,0,3,5,26,-1,37.5,0,0,39.0,1,22,22,22,2,2,4,8,15,8,24,5,6,10,17,8,11,8,1,8,4,1,24,6,4,25,9,5,1,7,14,0.135,10.0,18.0,106.6,14,104.4,36,90.85,21,0.583,106.4,23,1.4,6,17,78,36,18,105.0,14,0.132,37,90.85,105.0,0.066,0.292,10.3,1.4,18,91.01,14,2,21,17.5,26,75.71,12,0.136,0.0,37,15,0.6,106.4,6,0.295,13,17,18,36,0.63,23,17.2,4,2.2,25,,0.0,4.0,1.0,0.0,3.0,2.0,8.0,1.0,5.0,0.5,0.0,3.0,0.0,,0.0,0.0,,1.0,2.0,0.2,0.0,0.0,0.0,0.0,4.0,0.25,3.0,1.0,0.0,0.333,0.0,0.0,0.0,3.0,3.0,4.0,0.0,OKC,0.0,1.0,1.0,0.0,6.0,1.0,0.667,1.0,0.0,1.0,0.0,1.0,0.0,2016,20160506,30.0,0.1,51.0,0.0,8.0,9.0,0.1,0.0,3.0,0.125,1.0,2.0,8.0,0.5,1.0,0.0,1.0,0.125,1.0,2.0,4.0,2.0,2.0,6.0,0.0,0.75,61.0,0.714,45.0,2.0,26.0,0.0,0.0,2.52,1.0,3.63,7.0,3.7,0.426,0.5,0.0,0.0,0.0,3.0,0.0,1.0,0.0,0.714,5.2,5.2,0.0,0.833,1.0,5.0,0.0,0.0,0.0,7.0,0.0,0.556,0.0,5.0,10.0,0.111,1.0,0.0,0.0,2.0,1.0,OKC,2.0,,0.0,2.0,1.0,1610612760.0,2.0,0.111,1.0,12.0,0.667,0.667,0.5,9.0,0.5,3.0,0.0,6.0,0.0,0.5,0.167,6.0,0.222,2.0,4.0,1.0,0.625,2.0,0.111,0.5,0.5,0.5,2.0,1.0,0.111,,,,,,,,,,,,,,0.0,5.0,3.0,0.0,10.0,0.455,11.0,0.455,0.583,0.5,0.667,1.0,5.0,0.0,2.0,0.0,5.0,-0.094,13.0,0.632,0.538,7.0,F,0.163,3.0,1.0,0.5,2.0,1.0,0.5,,,SAS,OKC,1610612759,OKC_SAS_2016,41500233,1.0,7.0,13.0,0.538,0.476,0.062,0.385,3.0,5.0,0.6,0.406,0.194,0.615,4.0,8.0,0.5,0.51,-0.01,0.077,1.0,1.0,1.0,0.707,0.293,0.154,1.0,2.0,0.5,0.611,-0.111,0.846,6.0,11.0,0.545,0.398,0.148,1610612760.0,OKC,10.0,7.0,3.0,2.0,0.0,1.0,2.0,0.0,0.0,0.0,0.0,0.0,0.0,0.0,0.0,0.0,0.0,0.0,0.0,0.0,0.0,1610612760,OKC,61.0,7.0,2.0,3.0,0.667,1.0,2.0,0.5,5.0,0.714,2.0,0.286,0.0,0.0,1.0,0.143,1.0,0.143,1610612760,OKC,41.73,14632.0,2.77,1.41,1.36,4.03,4.25,3.83,2015_16
201566,Russell Westbrook,Russell,1610612760,OKC,27.0,1,0,1,0.0,38.766666666666666,10,31,0.323,3,10,0.3,8,8,1.0,4,5,9,8,5,1,0,3,3,6,31,-5,51.8,0,0,53.0,1,22,22,22,8,2,1,26,6,2,21,2,5,1,2,8,6,2,1,8,16,41,24,3,1,33,2,5,1,1,31,0.138,10.0,31.0,106.7,12,111.3,32,91.63,29,0.371,112.2,19,-6.8,1,3,74,32,28,118.9,31,0.143,25,91.63,118.9,0.118,0.453,17.0,-6.8,7,97.12,27,2,9,10.5,17,76.35,11,0.444,0.098,25,27,1.6,112.2,2,0.461,23,4,28,19,0.449,19,10.6,1,-4.6,24,0.0,0.0,0.0,0.438,0.0,16.0,1.0,4.0,3.0,10.0,0.0,0.0,7.0,0.0,0.0,0.0,0.0,0.0,0.0,0.0,0.3,0.0,0.0,0.0,0.0,0.0,0.429,2.0,3.0,0.0,0.0,0.0,0.0,1.0,7.0,16.0,7.0,0.0,OKC,0.0,0.438,0.0,0.0,2.0,2.0,0.0,1.0,0.0,0.0,0.0,0.0,0.0,2016,20160506,54.0,0.148,77.0,2.0,24.0,17.0,0.204,1.0,11.0,0.056,1.0,2.0,18.0,0.333,1.0,0.056,1.0,0.056,0.222,2.0,6.0,9.0,2.0,6.0,1.0,0.333,93.0,0.0,29.0,1.0,31.0,4.0,1.25,6.63,0.0,6.88,0.0,10.7,0.333,0.563,1.0,11.5,0.25,9.0,0.111,1.0,0.0,0.714,8.3,5.2,1.0,0.833,1.0,7.0,0.0,0.444,0.0,7.0,3.0,0.6,0.444,4.0,16.0,0.214,0.5,0.0,0.0,3.0,0.5,OKC,6.0,,0.0,3.0,1.0,1610612760.0,6.0,0.214,0.5,6.0,0.214,0.333,0.214,6.0,0.333,0.0,,2.0,0.0,0.333,0.0,2.0,0.357,5.0,10.0,1.0,0.4,5.0,0.179,0.3,0.4,0.2,3.0,2.0,0.179,1.0,0.333,5.0,0.417,1.0,1.0,0.036,0.179,2.0,0.214,0.2,6.0,1.0,2.0,2.0,6.0,0.333,6.0,0.2,10.0,0.3,0.371,0.25,0.0,0.0,0.0,0.667,0.0,5.0,3.0,-0.235,13.0,0.62,0.385,5.0,G,0.25,3.0,1.0,0.5,3.0,1.0,0.333,,,SAS,OKC,1610612759,OKC_SAS_2016,41500233,1.0,0.0,5.0,0.0,0.488,-0.488,0.4,0.0,2.0,0.0,0.383,-0.383,0.6,0.0,3.0,0.0,0.499,-0.499,,,,,,,0.2,0.0,1.0,0.0,0.557,-0.557,0.8,0.0,4.0,0.0,0.427,-0.427,1610612760.0,OKC,2.0,1.0,1.0,4.0,0.0,0.0,0.0,0.0,0.0,0.0,0.0,0.0,0.0,0.0,0.0,0.0,0.0,0.0,0.0,0.0,0.0,1610612760,OKC,93.0,0.0,0.0,0.0,0.0,0.0,0.0,0.0,0.0,0.0,0.0,0.0,0.0,0.0,0.0,0.0,0.0,0.0,1610612760,OKC,38.77,14141.0,2.68,1.31,1.37,4.18,4.48,3.95,2015_16
201586,Serge Ibaka,Serge,1610612760,OKC,26.0,1,0,1,0.0,36.43333333333333,5,8,0.625,5,6,0.833,0,0,0.0,0,5,5,0,0,0,1,0,4,1,15,0,24.0,0,0,27.0,1,22,22,22,9,14,15,6,2,5,5,20,21,20,17,8,11,29,25,23,4,1,36,16,14,19,13,5,1,14,30,0.103,5.0,8.0,114.0,11,110.5,30,92.22,17,0.938,120.3,10,3.4,30,29,69,30,17,116.9,30,0.147,1,92.22,116.9,0.068,0.099,0.0,3.4,21,97.41,3,14,17,0.0,29,76.85,16,0.0,0.0,1,4,0.0,120.3,30,0.099,21,17,17,17,0.938,10,0.0,15,3.5,15,0.0,0.667,0.0,0.0,5.0,0.0,0.0,2.0,1.0,1.0,0.0,0.8,0.0,1.0,0.0,2.0,4.0,0.0,0.0,0.0,1.0,2.0,2.0,3.0,0.0,0.0,0.833,2.0,5.0,0.0,0.0,0.0,0.0,0.0,0.0,0.0,6.0,0.0,OKC,0.0,0.0,0.0,0.0,0.0,0.0,0.0,0.0,0.0,0.0,0.0,0.0,0.0,2016,20160506,13.0,0.0,15.0,0.0,0.0,0.0,0.0,0.0,0.0,0.0,0.0,0.0,0.0,0.0,0.0,0.0,0.0,0.0,0.0,0.0,0.0,0.0,0.0,0.0,0.0,0.0,22.0,0.0,14.0,0.0,15.0,0.0,0.0,0.05,0.0,1.06,0.0,0.4,0.682,0.5,0.0,0.0,0.0,3.0,0.2,0.0,0.2,0.714,3.0,3.0,1.0,0.714,0.0,4.0,1.0,0.0,0.0,7.0,0.0,0.5,0.0,4.0,10.0,,,,,,,,,,,,,,,,,2.0,0.25,0.0,0.125,1.0,0.75,1.0,1.0,1.0,1.0,0.5,0.125,0.0,0.25,1.0,2.0,0.0,0.75,1.0,0.125,0.5,1.0,0.0,1.0,1.0,0.125,0.0,0.75,4.0,1.125,0.0,3.0,0.0,0.5,3.0,0.5,0.75,4.0,,0.0,0.0,0.0,,0.0,,0.0,,0.938,0.625,0.0,0.0,0.0,0.0,0.0,0.0,15.0,-0.018,50.0,0.658,0.64,32.0,F,0.391,8.0,5.0,0.938,6.0,5.0,0.833,,,SAS,OKC,1610612759,OKC_SAS_2016,41500233,1.0,9.0,17.0,0.529,0.506,0.024,0.176,2.0,3.0,0.667,0.383,0.284,0.824,7.0,14.0,0.5,0.519,-0.019,0.294,2.0,5.0,0.4,0.681,-0.281,0.412,2.0,7.0,0.286,0.611,-0.326,0.471,5.0,8.0,0.625,0.427,0.198,1610612760.0,OKC,13.0,11.0,2.0,0.0,0.0,0.0,0.0,0.0,0.0,0.0,0.0,0.0,0.0,0.0,0.0,0.0,0.0,0.0,0.0,0.0,0.0,1610612760,OKC,22.0,0.0,0.0,0.0,0.0,0.0,0.0,0.0,0.0,0.0,0.0,0.0,0.0,0.0,0.0,0.0,0.0,0.0,1610612760,OKC,36.43,12355.0,2.34,1.11,1.23,3.79,4.05,3.58,2015_16
203500,Steven Adams,Steven,1610612760,OKC,22.0,1,0,1,0.0,41.016666666666666,0,1,0.0,0,0,0.0,2,2,1.0,3,8,11,1,1,0,1,1,3,4,2,-1,18.7,0,0,16.0,1,22,22,22,3,33,33,33,25,30,25,9,10,1,4,4,4,21,15,23,4,28,24,8,32,25,20,5,1,19,16,0.064,0.0,1.0,104.1,7,104.7,39,90.11,24,0.0,105.2,25,-1.3,37,28,77,39,25,106.5,16,0.205,41,90.11,106.5,0.143,0.034,25.0,-1.3,11,91.37,33,33,5,25.8,9,75.09,25,0.032,0.079,40,21,1.0,105.2,37,0.033,14,6,25,35,0.532,25,25.0,33,-0.6,27,0.0,0.0,0.0,0.0,0.0,1.0,0.0,0.0,0.0,0.0,0.0,0.0,0.0,0.0,0.0,0.0,0.0,0.0,0.0,0.0,0.0,0.0,0.0,0.0,0.0,0.0,0.0,0.0,0.0,0.0,0.0,0.0,0.0,0.0,0.0,1.0,0.0,0.0,OKC,0.0,0.0,0.0,0.0,0.0,0.0,0.0,0.0,0.0,0.0,0.0,0.0,0.0,2016,20160506,55.0,0.018,13.0,0.0,3.0,5.0,0.018,0.0,1.0,0.0,0.0,0.0,0.0,0.0,0.0,0.0,0.0,0.0,0.0,0.0,0.0,0.0,0.0,0.0,0.0,0.0,61.0,0.0,13.0,1.0,2.0,5.0,0.4,0.07,0.0,1.32,0.0,1.3,0.033,0.688,2.0,3.3,0.667,7.0,0.182,1.0,0.0,0.889,3.9,4.1,2.0,0.889,0.0,9.0,0.0,0.429,1.0,9.0,1.0,0.733,0.5,8.0,16.0,,,,,,,,,,,,,,,,,,,,,,,,,,,,,,,,,,,,,,,,,,,,,,,,,,,,,,,,,0.0,,,0.0,,0.0,,0.0,0.0,0.0,0.0,0.0,0.0,0.0,2.0,0.0,0.004,37.0,0.617,0.622,23.0,C,0.336,0.0,,,,0.0,,,,SAS,OKC,1610612759,OKC_SAS_2016,41500233,1.0,10.0,19.0,0.526,0.498,0.028,0.105,2.0,2.0,1.0,0.398,0.603,0.895,8.0,17.0,0.471,0.513,-0.042,0.263,4.0,5.0,0.8,0.639,0.161,0.421,5.0,8.0,0.625,0.574,0.052,0.316,4.0,6.0,0.667,0.425,0.242,1610612760.0,OKC,15.0,13.0,2.0,0.0,0.0,3.0,6.0,0.0,0.0,0.0,0.0,0.0,0.0,0.0,0.0,0.0,0.0,0.0,0.0,0.0,0.0,1610612760,OKC,61.0,0.0,0.0,0.0,0.0,0.0,0.0,0.0,0.0,0.0,0.0,0.0,0.0,0.0,0.0,0.0,0.0,0.0,1610612760,OKC,41.02,15388.0,2.91,1.54,1.38,4.25,4.61,3.93,2015_16
201627,Anthony Morrow,Anthony,1610612760,OKC,30.0,1,0,1,0.0,2.6333333333333333,0,1,0.0,0,1,0.0,0,0,0.0,0,0,0,0,0,0,0,0,0,0,0,4,0.0,0,0,0.0,1,22,22,22,38,33,33,33,25,24,25,20,21,20,17,34,34,29,25,23,16,1,1,32,36,12,37,5,1,37,3,-0.105,0.0,1.0,140.0,34,43.6,10,100.25,2,0.0,140.0,2,90.0,18,29,5,10,1,50.0,3,0.0,1,100.25,50.0,0.0,0.2,0.0,90.0,21,108.27,33,33,34,0.0,29,83.54,40,0.0,0.0,1,36,0.0,140.0,18,0.2,3,17,1,2,0.0,2,0.0,33,96.4,4,,,0.0,0.0,,0.0,0.0,0.0,0.0,1.0,0.0,,0.0,,,,,,0.0,0.0,0.0,,,,,0.0,0.0,0.0,0.0,,0.0,,,,0.0,0.0,1.0,,OKC,,0.0,0.0,,0.0,,0.0,,,,,,,2016,20160506,0.0,0.0,1.0,,0.0,0.0,0.0,0.0,0.0,0.0,0.0,0.0,0.0,0.0,0.0,0.0,0.0,0.0,0.0,0.0,0.0,0.0,0.0,0.0,0.0,0.0,1.0,0.0,1.0,0.0,0.0,0.0,0.0,1.0,0.0,0.88,0.0,0.0,0.0,,,,,,,,,,,,,,,,,,,,,,,,,,,,,,,,,,,,,,,,,,,,,,,,,,,,,,,,,,,,,,,,,,,0.0,0.0,1.0,0.0,0.0,0.0,0.0,1.0,0.0,1.0,0.0,1.0,,0.0,0.0,0.0,,0.0,,0.0,,0.0,0.0,0.0,0.0,0.0,0.0,0.0,0.0,0.0,-0.103,2.0,0.603,0.5,1.0,G,0.133,1.0,0.0,0.0,1.0,0.0,0.0,,,SAS,OKC,1610612759,OKC_SAS_2016,41500233,,,,,,,,,,,,,,,,,,,,,,,,,,,,,,,,,,,,,,,,,,,,,,,,,,,,,,,,,,,,1610612760,OKC,1.0,0.0,0.0,0.0,0.0,0.0,0.0,0.0,0.0,0.0,0.0,0.0,0.0,0.0,0.0,0.0,0.0,0.0,1610612760,OKC,2.63,1030.0,0.2,0.07,0.13,4.55,6.93,3.39,2015_16
203460,Andre Roberson,Andre,1610612760,OKC,24.0,1,0,1,0.0,26.605,2,4,0.5,0,1,0.0,0,0,0.0,1,3,4,1,0,1,2,1,4,1,4,-9,19.3,0,0,15.0,1,22,22,22,21,20,25,11,25,24,25,20,21,20,10,13,14,21,25,8,2,28,36,16,26,37,18,5,1,22,32,0.054,2.0,4.0,102.7,20,111.6,35,91.11,34,0.5,108.2,22,-11.1,34,25,49,35,31,119.2,32,0.107,1,91.11,119.2,0.068,0.069,20.0,-11.1,21,96.67,19,20,19,0.0,15,75.93,28,0.067,0.032,1,23,0.0,108.2,34,0.069,24,15,31,23,0.5,22,0.0,25,-8.9,28,0.0,0.0,0.0,1.0,1.0,2.0,1.0,0.0,0.0,0.0,0.0,0.0,2.0,0.0,0.0,0.0,0.0,0.0,0.0,0.0,0.0,0.0,0.0,1.0,0.0,0.0,0.0,0.0,0.0,0.0,0.0,0.0,0.0,,2.0,2.0,1.0,,OKC,,1.0,0.0,0.0,0.0,0.0,0.0,1.0,0.0,0.0,0.0,0.0,0.0,2016,20160506,13.0,0.077,7.0,0.0,2.0,2.0,0.077,0.0,1.0,0.0,0.0,0.0,1.0,0.0,0.0,0.0,0.0,0.0,1.0,1.0,0.0,1.0,0.0,2.0,0.0,2.0,18.0,0.0,12.0,0.0,4.0,2.0,1.0,0.28,0.0,0.86,0.0,0.3,0.222,0.308,0.0,15.4,0.0,6.0,0.0,1.0,0.0,0.429,7.8,5.2,0.0,0.5,1.0,4.0,0.0,0.167,0.0,7.0,1.0,0.333,0.167,3.0,13.0,,,,,,,,,,,,,,,,,1.0,0.333,1.0,0.333,1.0,1.0,0.0,,1.0,0.0,1.0,0.0,1.0,0.333,0.0,1.0,1.0,1.0,1.0,0.0,1.0,,1.0,1.0,0.0,0.333,0.0,0.0,1.0,0.0,0.0,0.0,0.0,0.333,0.0,0.333,0.0,1.0,,0.0,0.0,0.0,,0.0,,0.0,,0.5,0.0,0.0,0.0,0.0,0.5,0.0,2.0,0.0,0.013,18.0,0.598,0.611,11.0,G,0.277,1.0,0.0,0.0,1.0,0.0,0.0,,,SAS,OKC,1610612759,OKC_SAS_2016,41500233,1.0,0.0,5.0,0.0,0.508,-0.508,,,,,,,1.0,0.0,5.0,0.0,0.524,-0.524,0.2,0.0,1.0,0.0,0.654,-0.654,0.6,0.0,3.0,0.0,0.604,-0.604,0.2,0.0,1.0,0.0,0.489,-0.489,1610612760.0,OKC,5.0,5.0,0.0,0.0,0.0,0.0,0.0,0.0,0.0,0.0,0.0,0.0,0.0,0.0,0.0,0.0,0.0,0.0,0.0,0.0,0.0,1610612760,OKC,18.0,0.0,0.0,0.0,0.0,0.0,0.0,0.0,0.0,0.0,0.0,0.0,0.0,0.0,0.0,0.0,0.0,0.0,1610612760,OKC,26.6,10476.0,1.98,0.9,1.09,4.53,4.54,4.51,2015_16
1626166,Cameron Payne,Cameron,1610612760,OKC,21.0,1,0,1,0.0,9.233333333333333,2,7,0.286,0,4,0.0,0,0,0.0,0,2,2,0,2,0,0,0,0,0,4,1,4.4,0,0,6.0,1,22,22,22,34,20,16,27,25,11,25,20,21,20,17,20,22,29,9,23,16,1,1,32,26,16,34,5,1,33,4,-0.051,2.0,7.0,81.3,8,67.1,27,93.57,11,0.286,76.5,37,13.3,2,29,17,27,9,63.2,4,0.167,38,93.57,63.2,0.1,0.45,0.0,13.3,21,88.06,29,20,12,22.2,29,77.98,39,0.0,0.0,38,33,0.0,76.5,1,0.474,6,17,9,37,0.286,37,22.2,16,14.1,37,,0.0,0.0,0.0,1.0,0.0,3.0,0.0,0.0,3.0,0.0,0.0,0.0,0.0,,0.0,0.0,,0.667,2.0,0.0,0.0,0.0,1.0,,0.0,0.0,0.0,0.0,0.0,0.0,,0.0,,0.0,1.0,3.0,,OKC,,0.0,0.0,0.0,0.0,1.0,0.0,2.0,,1.0,0.0,2.0,0.0,2016,20160506,15.0,0.0,21.0,0.0,0.0,0.0,0.067,1.0,1.0,0.0,0.0,0.0,1.0,0.0,0.0,0.0,0.0,0.0,1.0,1.0,0.0,1.0,0.0,2.0,0.0,2.0,24.0,0.0,8.0,0.0,4.0,1.0,2.0,5.0,0.0,5.02,0.0,2.0,0.167,0.5,0.0,0.0,0.0,1.0,0.0,0.0,0.0,0.667,7.7,7.7,0.0,0.667,0.0,2.0,0.0,0.0,0.0,3.0,0.0,0.5,0.0,2.0,4.0,0.143,0.0,0.0,0.0,0.0,0.0,OKC,1.0,,0.0,0.0,1.0,1610612760.0,1.0,0.143,0.0,1.0,0.143,1.0,0.143,1.0,1.0,0.0,,1.0,0.0,1.0,0.0,1.0,0.286,1.0,2.0,1.0,0.5,1.0,0.143,0.5,0.0,1.0,1.0,0.0,0.143,0.0,0.0,3.0,0.0,0.0,0.0,0.0,0.429,0.0,0.429,0.0,3.0,,0.0,0.0,1.0,0.0,0.0,0.0,1.0,0.0,0.286,0.0,0.0,0.0,0.0,1.0,0.0,2.0,0.0,0.345,4.0,0.655,1.0,4.0,G,0.25,3.0,0.0,0.0,3.0,0.0,0.0,,,SAS,OKC,1610612759,OKC_SAS_2016,41500233,1.0,0.0,2.0,0.0,0.478,-0.478,0.5,0.0,1.0,0.0,0.397,-0.397,0.5,0.0,1.0,0.0,0.528,-0.528,,,,,,,,,,,,,0.5,0.0,1.0,0.0,0.42,-0.42,1610612760.0,OKC,2.0,1.0,1.0,0.0,0.0,0.0,0.0,0.0,0.0,0.0,0.0,0.0,0.0,0.0,0.0,0.0,0.0,0.0,0.0,0.0,0.0,1610612760,OKC,24.0,0.0,0.0,0.0,0.0,0.0,0.0,0.0,0.0,0.0,0.0,0.0,0.0,0.0,0.0,0.0,0.0,0.0,1610612760,OKC,9.23,3734.0,0.71,0.35,0.35,4.56,4.81,5.71,2015_16
203079,Dion Waiters,Dion,1610612760,OKC,24.0,1,0,1,0.0,25.023333333333333,2,6,0.333,1,3,0.333,1,2,0.5,0,1,1,1,1,1,0,1,4,1,6,-2,10.7,0,0,11.0,1,22,22,22,23,20,17,25,15,17,16,17,10,16,17,25,26,21,15,8,16,28,36,16,22,28,29,5,1,28,15,-0.014,2.0,6.0,92.2,30,99.9,26,93.99,31,0.417,98.0,30,-8.3,22,23,50,26,29,106.3,15,0.042,27,93.99,106.3,0.02,0.133,11.1,-8.3,11,99.94,24,20,30,11.3,24,78.33,36,0.071,0.0,26,28,1.0,98.0,27,0.131,12,17,29,8,0.436,30,11.1,17,-7.7,34,0.0,0.0,0.0,0.0,2.0,2.0,1.0,0.0,0.0,1.0,0.0,0.5,0.0,1.0,0.0,1.0,1.0,0.0,1.0,1.0,0.0,1.0,0.0,1.0,,0.0,0.5,0.0,1.0,0.0,0.0,,0.0,0.0,0.0,2.0,2.0,0.0,OKC,0.0,0.0,0.0,0.0,0.0,1.0,0.0,1.0,,1.0,0.0,1.0,0.0,2016,20160506,14.0,0.071,15.0,0.0,3.0,3.0,0.071,0.0,1.0,0.0,1.0,1.0,4.0,0.25,0.0,0.0,0.5,0.25,0.5,1.0,1.0,2.0,2.0,3.0,0.0,0.75,22.0,0.0,18.0,0.0,6.0,0.0,0.0,1.82,0.0,2.87,1.0,1.1,0.273,0.25,0.0,0.0,0.0,3.0,1.0,0.0,1.0,1.0,4.6,4.6,1.0,1.0,0.0,0.0,1.0,0.0,0.0,1.0,0.0,0.25,0.0,0.0,4.0,,,,,,,,,,,,,,,,,3.0,0.6,0.0,0.2,1.0,0.5,2.0,0.5,1.0,1.0,0.333,0.4,0.0,0.2,0.0,1.0,1.0,1.0,1.0,0.0,1.0,,1.0,1.0,0.0,0.2,0.0,0.0,1.0,0.0,0.0,0.0,0.0,0.2,0.0,0.2,0.0,1.0,,0.0,1.0,0.0,,2.0,1.0,1.0,1.0,0.417,0.333,0.0,0.0,0.0,0.0,0.0,0.0,3.0,-0.219,8.0,0.594,0.375,3.0,G,0.14,3.0,1.0,0.5,3.0,1.0,0.333,,,SAS,OKC,1610612759,OKC_SAS_2016,41500233,1.0,3.0,9.0,0.333,0.457,-0.123,0.444,1.0,4.0,0.25,0.371,-0.121,0.556,2.0,5.0,0.4,0.513,-0.113,,,,,,,0.222,0.0,2.0,0.0,0.57,-0.57,0.667,2.0,6.0,0.333,0.394,-0.061,1610612760.0,OKC,5.0,2.0,3.0,1.0,0.0,0.0,0.0,0.0,0.0,0.0,0.0,0.0,0.0,0.0,0.0,0.0,0.0,0.0,0.0,0.0,0.0,1610612760,OKC,22.0,1.0,0.0,0.0,0.0,0.0,0.0,0.0,0.0,0.0,0.0,0.0,1.0,1.0,0.0,0.0,0.0,0.0,1610612760,OKC,25.02,8383.0,1.59,0.82,0.77,3.85,3.9,3.79,2015_16
202683,Enes Freedom,Enes,1610612760,OKC,24.0,1,0,1,0.0,18.55,3,6,0.5,0,0,0.0,2,2,1.0,3,2,5,0,0,1,0,0,2,1,8,-7,17.0,0,0,15.0,1,22,22,22,26,16,17,11,25,30,25,9,10,1,4,20,11,29,25,8,16,1,15,16,16,34,22,5,1,22,11,0.17,3.0,6.0,75.8,22,86.4,28,93.15,35,0.5,80.0,35,-14.6,20,29,35,28,36,94.6,11,0.095,1,93.15,94.6,0.119,0.171,0.0,-14.6,21,100.24,19,16,8,0.0,29,77.63,8,0.0,0.143,1,20,0.0,80.0,21,0.168,9,2,36,7,0.581,35,0.0,17,-10.6,38,,0.0,0.0,0.667,0.0,3.0,2.0,1.0,0.0,0.0,0.0,0.0,2.0,0.0,,0.0,0.0,,0.5,1.0,0.0,0.0,0.0,0.0,,0.0,0.0,2.0,0.0,0.0,0.0,,0.0,,2.0,3.0,0.0,,OKC,,0.667,0.0,0.0,0.0,0.0,0.0,1.0,,1.0,0.0,1.0,0.0,2016,20160506,14.0,0.0,8.0,0.0,0.0,0.0,0.0,0.0,0.0,0.0,0.0,0.0,0.0,0.0,0.0,0.0,0.0,0.0,0.0,0.0,0.0,0.0,0.0,0.0,0.0,0.0,22.0,0.0,10.0,3.0,8.0,5.0,0.8,0.27,0.667,1.15,1.0,0.4,0.364,0.417,2.0,4.2,0.667,8.0,0.6,0.0,0.5,0.5,3.6,2.7,3.0,0.5,0.0,2.0,1.0,0.375,0.0,4.0,1.0,0.417,0.375,1.0,12.0,,,,,,,,,,,,,,,,,5.0,0.833,0.6,0.833,5.0,0.6,0.0,,3.0,0.0,0.6,0.0,3.0,0.167,0.0,1.0,0.0,0.0,1.0,0.0,0.0,,0.0,0.0,0.0,0.167,,,,,,,,,,,,,,,0.0,,,0.0,,0.0,,0.5,0.0,0.0,0.333,0.0,0.5,2.0,4.0,0.0,-0.014,38.0,0.619,0.605,23.0,C,0.514,2.0,,0.0,,0.0,,,,SAS,OKC,1610612759,OKC_SAS_2016,41500233,1.0,4.0,6.0,0.667,0.513,0.154,0.333,2.0,2.0,1.0,0.423,0.578,0.667,2.0,4.0,0.5,0.531,-0.031,0.333,1.0,2.0,0.5,0.664,-0.164,0.333,1.0,2.0,0.5,0.615,-0.115,0.333,2.0,2.0,1.0,0.458,0.542,1610612760.0,OKC,4.0,3.0,1.0,1.0,0.0,0.0,0.0,0.0,0.0,0.0,0.0,0.0,0.0,0.0,0.0,0.0,0.0,0.0,0.0,0.0,0.0,1610612760,OKC,22.0,1.0,0.0,0.0,0.0,0.0,0.0,0.0,0.0,0.0,1.0,1.0,0.0,0.0,0.0,0.0,0.0,0.0,1610612760,OKC,18.55,6649.0,1.26,0.64,0.62,4.21,4.01,3.77,2015_16
2561,David West,David,1610612759,SAS,35.0,1,1,0,1.0,25.365,3,6,0.5,1,1,1.0,0,0,0.0,0,2,2,2,1,0,1,0,3,1,7,1,14.4,0,0,14.0,1,1,1,1,22,16,17,11,15,24,1,20,21,20,17,20,22,15,15,23,4,1,24,16,20,16,25,5,1,25,10,0.078,3.0,6.0,92.5,24,90.3,31,91.78,20,0.583,97.9,31,4.0,24,12,48,31,15,93.9,10,0.087,26,91.78,93.9,0.043,0.132,22.2,4.0,4,96.28,14,16,26,11.1,14,76.48,22,0.167,0.0,26,19,2.0,97.9,25,0.135,10,17,15,27,0.583,31,11.1,17,2.3,33,0.0,0.0,0.0,0.5,0.0,2.0,1.0,2.0,1.0,1.0,0.0,0.0,1.0,0.0,0.0,0.0,0.0,0.0,1.0,1.0,1.0,0.0,0.0,0.0,0.0,0.0,1.0,2.0,1.0,0.0,0.0,0.0,0.0,0.0,2.0,3.0,1.0,0.0,SAS,0.0,0.667,0.0,0.0,0.0,0.0,0.0,0.0,0.0,0.0,0.0,0.0,0.0,2016,20160506,30.0,0.067,26.0,2.0,5.0,4.0,0.1,0.0,3.0,0.0,0.0,0.0,1.0,0.0,0.0,0.0,0.0,0.0,1.0,1.0,0.0,1.0,0.0,2.0,0.0,2.0,37.0,0.0,24.0,3.0,7.0,1.0,0.0,0.7,0.0,1.88,2.0,1.2,0.189,0.333,0.0,0.0,0.0,0.0,0.0,0.0,0.0,0.333,8.7,8.7,0.0,0.333,0.0,2.0,0.0,0.0,0.0,6.0,0.0,0.333,0.0,2.0,6.0,0.167,0.0,0.0,0.0,0.0,0.0,SAS,1.0,,0.0,0.0,1.0,1610612759.0,1.0,0.167,0.0,2.0,0.333,1.0,0.333,2.0,1.0,0.0,,2.0,0.0,1.0,0.0,2.0,0.333,0.0,2.0,0.0,0.0,2.0,0.0,0.0,,0.0,0.0,0.0,0.333,0.0,1.0,1.0,1.5,0.0,1.0,0.0,0.167,1.0,0.167,1.0,1.0,,0.0,0.0,0.0,,0.0,0.0,1.0,0.0,0.583,0.5,0.0,0.0,0.0,0.0,0.0,0.0,3.0,-0.065,26.0,0.565,0.5,13.0,F,0.5,2.0,1.0,0.75,1.0,1.0,1.0,,,OKC,SAS,1610612760,SAS_OKC_2016,41500233,1.0,5.0,11.0,0.455,0.452,0.003,0.182,0.0,2.0,0.0,0.332,-0.332,0.818,5.0,9.0,0.556,0.507,0.048,0.455,2.0,5.0,0.4,0.577,-0.177,0.545,3.0,6.0,0.5,0.537,-0.037,0.182,0.0,2.0,0.0,0.362,-0.362,1610612759.0,SAS,8.0,6.0,2.0,1.0,0.0,2.0,4.0,0.0,0.0,0.0,0.0,0.0,0.0,0.0,0.0,0.0,0.0,0.0,0.0,0.0,0.0,1610612759,SAS,37.0,2.0,0.0,1.0,0.0,0.0,0.0,0.0,0.0,0.0,0.0,0.0,0.0,0.0,1.0,0.5,0.0,0.0,1610612759,SAS,25.37,8142.0,1.54,0.83,0.71,3.56,3.57,3.56,2015_16
1938,Manu Ginobili,Manu,1610612759,SAS,38.0,1,1,0,1.0,19.266666666666666,1,4,0.25,0,2,0.0,3,6,0.5,0,3,3,3,2,2,0,0,2,4,5,5,17.1,0,0,15.0,1,1,1,1,25,27,25,28,25,22,25,7,6,16,17,13,18,8,9,2,16,1,15,8,24,7,21,5,1,22,7,0.06,1.0,4.0,94.2,15,82.1,25,94.67,13,0.25,97.4,32,13.2,14,8,38,25,10,84.2,7,0.13,36,94.67,84.2,0.068,0.225,25.0,13.2,9,97.46,30,27,18,17.2,9,78.89,27,0.25,0.0,35,29,1.5,97.4,15,0.22,7,17,10,16,0.377,32,16.7,25,12.1,32,0.0,0.0,0.0,1.0,1.0,1.0,1.0,0.0,0.0,1.0,0.0,0.0,1.0,0.0,0.0,0.0,0.0,0.0,0.0,0.0,0.0,1.0,0.0,0.0,,0.0,0.0,0.0,0.0,0.0,0.0,,0.0,,1.0,2.0,2.0,,SAS,,0.5,0.0,0.0,0.0,0.0,0.0,0.0,,0.0,0.0,0.0,0.0,2016,20160506,21.0,0.143,25.0,0.0,10.0,4.0,0.238,1.0,5.0,0.0,0.0,0.0,2.0,0.5,0.0,0.0,0.0,0.0,0.0,0.0,1.0,1.0,0.0,0.0,0.0,0.0,30.0,0.0,18.0,0.0,5.0,0.0,0.0,2.7,0.0,3.02,0.0,1.5,0.167,0.5,0.0,0.0,0.0,0.0,0.0,0.0,0.0,0.5,6.8,6.8,0.0,0.5,0.0,3.0,0.0,0.0,0.0,6.0,0.0,0.5,0.0,3.0,6.0,0.25,0.0,0.25,1.0,0.0,0.0,SAS,2.0,0.0,0.0,0.0,1.0,1610612759.0,1.0,0.5,0.0,,,,,,,,,,,,,,,,,,,,,,,,,,,1.0,0.5,1.0,0.5,1.0,0.0,0.25,0.25,1.0,0.5,0.0,2.0,1.0,0.0,0.0,1.0,0.0,0.0,0.0,1.0,0.0,0.25,0.0,0.0,0.0,0.0,0.0,0.0,0.0,0.0,0.142,13.0,0.551,0.692,9.0,G,0.382,1.0,0.0,0.0,1.0,0.0,0.0,,,OKC,SAS,1610612760,SAS_OKC_2016,41500233,1.0,4.0,6.0,0.667,0.48,0.187,0.333,1.0,2.0,0.5,0.361,0.139,0.667,3.0,4.0,0.75,0.55,0.2,0.333,2.0,2.0,1.0,0.605,0.396,0.333,2.0,2.0,1.0,0.574,0.426,0.5,1.0,3.0,0.333,0.389,-0.055,1610612759.0,SAS,5.0,3.0,2.0,2.0,1.0,0.0,0.0,0.0,0.0,1.0,0.0,0.0,0.0,0.0,0.0,0.0,0.0,0.0,0.0,0.0,0.0,1610612759,SAS,30.0,0.0,0.0,0.0,0.0,0.0,0.0,0.0,0.0,0.0,0.0,0.0,0.0,0.0,0.0,0.0,0.0,0.0,1610612759,SAS,19.27,6995.0,1.32,0.76,0.56,4.05,4.76,3.94,2015_16
201988,Patty Mills,Patty,1610612759,SAS,27.0,1,1,0,1.0,13.4,1,1,1.0,1,1,1.0,0,0,0.0,0,0,0,2,0,1,0,0,1,1,3,4,9.0,0,0,8.0,1,1,1,1,29,27,33,1,15,24,1,20,21,20,17,34,34,15,25,8,16,1,10,16,29,12,30,5,1,29,6,0.182,1.0,1.0,81.5,34,65.7,29,93.13,9,1.5,77.8,36,9.8,36,5,27,29,11,68.0,6,0.0,1,93.13,68.0,0.0,0.036,66.7,9.8,21,92.49,1,27,34,0.0,1,77.61,3,0.286,0.0,1,1,0.0,77.8,36,0.039,4,17,11,34,1.5,36,0.0,33,15.8,36,,0.0,0.0,0.0,0.0,0.0,0.0,0.0,1.0,1.0,0.0,0.0,0.0,0.0,,0.0,0.0,,0.0,0.0,1.0,0.0,0.0,0.0,,0.0,1.0,0.0,1.0,0.0,0.0,,0.0,,0.0,0.0,1.0,,SAS,,0.0,0.0,0.0,0.0,0.0,0.0,0.0,,0.0,0.0,0.0,0.0,2016,20160506,27.0,0.074,27.0,0.0,6.0,3.0,0.074,0.0,2.0,0.0,0.0,0.0,1.0,1.0,0.0,0.0,0.0,0.0,0.0,0.0,1.0,0.0,0.0,0.0,0.0,0.0,28.0,0.0,12.0,0.0,3.0,0.0,0.0,4.32,0.0,4.12,0.0,1.9,0.107,,,,,,,,,,,,,,,,,,,,,,,,,,,,,,,,,,,,,,,,,,,,,,,,,,,,,,1.0,1.0,1.0,0.0,1.5,0.0,1.0,1.0,1.0,,1.0,1.0,0.0,,,,,,,,,,,,,,1.0,1.0,1.0,1.0,3.0,1.0,1.0,1.5,1.5,0.0,0.0,0.0,0.0,0.0,0.0,0.0,0.0,-0.024,11.0,0.569,0.545,6.0,G,0.297,0.0,0.0,,0.0,0.0,,,,OKC,SAS,1610612760,SAS_OKC_2016,41500233,1.0,0.0,5.0,0.0,0.416,-0.416,0.8,0.0,4.0,0.0,0.314,-0.314,0.2,0.0,1.0,0.0,0.548,-0.548,,,,,,,,,,,,,1.0,0.0,5.0,0.0,0.358,-0.358,1610612759.0,SAS,1.0,0.0,1.0,2.0,0.0,0.0,0.0,0.0,0.0,0.0,0.0,0.0,0.0,0.0,0.0,0.0,0.0,0.0,0.0,0.0,0.0,1610612759,SAS,28.0,0.0,0.0,0.0,0.0,0.0,0.0,0.0,0.0,0.0,0.0,0.0,0.0,0.0,0.0,0.0,0.0,0.0,1610612759,SAS,13.4,5457.0,1.03,0.6,0.44,4.51,5.38,3.62,2015_16
1495,Tim Duncan,Tim,1610612759,SAS,40.0,1,1,0,1.0,13.801666666666666,1,4,0.25,0,0,0.0,0,0,0.0,0,1,1,1,0,0,1,1,1,1,2,4,7.7,0,0,6.0,1,1,1,1,28,27,25,28,25,30,25,20,21,20,17,25,26,21,25,23,4,28,10,16,32,12,32,5,1,33,34,0.009,1.0,4.0,125.4,26,117.8,41,83.47,14,0.25,128.0,6,6.3,22,21,25,41,13,121.7,34,0.077,1,83.47,121.7,0.04,0.133,20.0,6.3,21,85.69,30,27,28,0.0,15,69.56,30,0.1,0.0,1,34,0.0,128.0,24,0.14,32,17,13,39,0.25,6,0.0,25,7.5,10,,0.0,0.0,0.5,0.0,2.0,2.0,0.0,0.0,0.0,0.0,0.0,1.0,0.0,,0.0,0.0,,0.0,0.0,0.0,0.0,0.0,0.0,,0.0,0.0,0.0,0.0,,0.0,,0.0,,1.0,3.0,0.0,,SAS,,0.333,0.0,,0.0,0.0,0.0,1.0,,0.0,,0.0,0.0,2016,20160506,18.0,0.056,10.0,0.0,2.0,1.0,0.056,0.0,1.0,0.0,0.0,0.0,0.0,0.0,0.0,0.0,0.0,0.0,0.0,0.0,0.0,0.0,0.0,0.0,0.0,0.0,22.0,0.0,10.0,4.0,2.0,3.0,0.667,0.32,0.0,1.12,0.0,0.4,0.091,0.2,0.0,0.0,0.0,3.0,1.0,1.0,1.0,0.5,0.4,0.4,1.0,1.0,1.0,0.0,1.0,0.0,0.0,2.0,0.0,0.25,0.0,0.0,5.0,0.333,0.0,0.0,0.0,0.0,0.0,SAS,1.0,,0.0,0.0,1.0,1610612759.0,1.0,0.333,0.0,1.0,0.333,1.0,0.333,1.0,1.0,0.0,,1.0,0.0,1.0,0.0,1.0,0.333,0.0,1.0,0.0,0.0,1.0,0.0,0.0,,0.0,0.0,0.0,0.333,,,,,,,,,,,,,,,0.0,,,0.0,,0.0,,0.25,0.0,0.0,0.0,0.0,0.333,0.0,2.0,0.0,-0.256,25.0,0.576,0.32,8.0,C-F,0.472,1.0,,0.0,,0.0,,,,OKC,SAS,1610612760,SAS_OKC_2016,41500233,1.0,2.0,3.0,0.667,0.515,0.152,0.333,1.0,1.0,1.0,0.303,0.697,0.667,1.0,2.0,0.5,0.581,-0.081,0.667,1.0,2.0,0.5,0.658,-0.158,0.667,1.0,2.0,0.5,0.621,-0.121,0.333,1.0,1.0,1.0,0.358,0.642,1610612759.0,SAS,4.0,3.0,1.0,0.0,0.0,2.0,4.0,0.0,0.0,0.0,0.0,0.0,0.0,0.0,0.0,0.0,0.0,0.0,0.0,0.0,0.0,1610612759,SAS,22.0,0.0,0.0,0.0,0.0,0.0,0.0,0.0,0.0,0.0,0.0,0.0,0.0,0.0,0.0,0.0,0.0,0.0,1610612759,SAS,13.8,4278.0,0.81,0.44,0.37,3.49,3.23,3.79,2015_16
2225,Tony Parker,Tony,1610612759,SAS,34.0,1,1,0,1.0,34.6,7,14,0.5,3,6,0.5,2,2,1.0,0,8,8,5,1,0,0,2,2,1,19,0,35.1,0,0,35.0,1,1,1,1,12,9,11,11,6,5,11,9,10,1,17,4,7,4,15,23,16,38,15,16,10,19,12,5,1,12,33,0.18,7.0,14.0,111.0,5,116.3,33,91.56,30,0.607,119.7,11,0.0,17,7,66,33,21,119.7,33,0.229,20,91.56,119.7,0.116,0.208,23.8,0.0,2,96.5,12,9,10,4.8,13,76.3,6,0.278,0.0,20,14,5.0,119.7,17,0.211,30,17,21,25,0.638,11,4.8,11,-5.4,18,0.0,1.0,3.0,0.333,4.0,3.0,0.0,5.0,0.0,1.0,0.6,0.75,1.0,0.667,1.0,2.0,3.0,0.0,0.0,0.0,0.0,3.0,1.0,1.0,0.0,0.0,0.8,3.0,4.0,0.0,0.667,0.0,0.0,0.0,1.0,3.0,5.0,0.0,SAS,0.0,0.333,2.0,0.0,1.0,1.0,0.0,0.0,0.0,0.0,1.0,0.0,0.0,2016,20160506,64.0,0.078,65.0,0.0,13.0,10.0,0.094,1.0,6.0,0.0,0.0,0.0,9.0,0.556,0.0,0.111,0.0,0.0,0.333,1.0,5.0,3.0,0.0,2.0,1.0,0.222,82.0,0.0,34.0,1.0,19.0,0.0,0.0,5.93,0.0,5.77,0.0,7.9,0.232,0.5,0.0,0.0,0.0,4.0,0.0,0.0,0.0,0.667,16.2,16.2,0.0,0.667,0.0,9.0,0.0,0.0,0.0,12.0,0.0,0.5,0.0,9.0,16.0,,,,,,,,,,,,,,,,,2.0,0.167,0.0,0.083,1.0,0.0,1.0,0.0,0.0,0.0,0.0,0.083,0.0,0.333,1.0,4.0,2.0,0.5,3.0,0.083,0.5,0.0,0.667,2.0,0.0,0.25,2.0,0.833,4.0,1.083,2.0,3.0,0.167,0.333,5.0,0.5,0.75,6.0,1.0,1.0,3.0,2.0,0.5,7.0,0.6,5.0,0.7,0.607,0.6,0.0,0.0,0.0,0.0,0.0,0.0,8.0,0.157,11.0,0.57,0.727,8.0,G,0.268,5.0,2.0,0.8,4.0,3.0,0.5,,,OKC,SAS,1610612760,SAS_OKC_2016,41500233,1.0,2.0,6.0,0.333,0.473,-0.14,0.333,0.0,2.0,0.0,0.337,-0.337,0.667,2.0,4.0,0.5,0.545,-0.045,0.5,2.0,3.0,0.667,0.615,0.052,0.5,2.0,3.0,0.667,0.587,0.079,0.333,0.0,2.0,0.0,0.364,-0.364,1610612759.0,SAS,1.0,1.0,0.0,1.0,0.0,0.0,0.0,0.0,0.0,0.0,0.0,0.0,0.0,0.0,0.0,0.0,0.0,0.0,0.0,0.0,0.0,1610612759,SAS,82.0,0.0,0.0,0.0,0.0,0.0,0.0,0.0,0.0,0.0,0.0,0.0,0.0,0.0,0.0,0.0,0.0,0.0,1610612759,SAS,34.6,13052.0,2.47,1.47,1.0,4.34,4.79,3.81,2015_16
201980,Danny Green,Danny,1610612759,SAS,29.0,1,1,0,1.0,34.45,3,6,0.5,2,5,0.4,0,0,0.0,0,3,3,1,0,2,1,0,4,0,8,5,22.1,0,0,20.0,1,1,1,1,13,16,17,11,9,8,15,20,21,20,17,13,18,21,25,2,4,1,36,32,16,7,16,5,1,17,18,0.068,3.0,6.0,109.6,23,105.1,37,90.57,16,0.667,115.4,15,7.7,32,26,65,37,12,107.7,18,0.091,1,90.57,107.7,0.048,0.08,14.3,7.7,21,94.08,9,16,24,0.0,19,75.47,24,0.048,0.0,1,11,0.0,115.4,32,0.083,15,17,12,31,0.667,15,0.0,17,4.5,20,0.0,0.0,1.0,0.0,1.0,0.0,0.0,1.0,2.0,4.0,1.0,0.0,0.0,0.0,0.0,0.0,0.0,0.0,0.0,0.0,0.5,1.0,0.0,0.0,0.0,0.0,0.5,1.0,1.0,0.0,1.0,0.0,0.333,0.0,0.0,0.0,2.0,0.0,SAS,0.0,0.0,1.0,0.0,0.0,3.0,0.0,0.0,0.0,0.0,0.0,0.0,1.0,2016,20160506,43.0,0.023,36.0,0.0,2.0,2.0,0.047,1.0,2.0,0.0,0.0,0.0,1.0,1.0,0.0,0.0,0.0,0.0,0.0,0.0,1.0,0.0,0.0,0.0,0.0,0.0,50.0,0.0,30.0,0.0,8.0,0.0,0.0,1.02,0.0,1.99,0.0,1.7,0.16,0.333,0.0,0.0,0.0,2.0,0.0,1.0,0.0,0.429,6.9,6.9,0.0,0.5,1.0,3.0,0.0,0.0,0.0,7.0,0.0,0.375,0.0,3.0,9.0,,,,,,,,,,,,,,,,,1.0,0.167,,0.0,0.0,0.0,1.0,0.0,0.0,0.0,0.0,0.167,0.0,0.5,2.0,3.0,1.0,0.833,1.0,0.333,0.667,0.5,1.0,2.0,1.0,0.167,0.0,0.5,2.0,0.75,0.0,1.0,0.0,0.333,1.0,0.333,0.5,2.0,,0.0,1.0,1.0,0.0,2.0,0.5,2.0,0.5,0.667,0.5,0.0,0.0,0.0,0.0,0.0,0.0,6.0,-0.005,28.0,0.576,0.571,16.0,G-F,0.333,4.0,2.0,0.75,4.0,2.0,0.5,,,OKC,SAS,1610612760,SAS_OKC_2016,41500233,1.0,4.0,14.0,0.286,0.458,-0.172,0.5,2.0,7.0,0.286,0.333,-0.047,0.5,2.0,7.0,0.286,0.513,-0.228,0.071,0.0,1.0,0.0,0.488,-0.488,0.143,0.0,2.0,0.0,0.496,-0.496,0.714,3.0,10.0,0.3,0.388,-0.088,1610612759.0,SAS,10.0,6.0,4.0,3.0,0.0,0.0,0.0,0.0,0.0,0.0,0.0,0.0,0.0,0.0,0.0,0.0,0.0,0.0,0.0,0.0,0.0,1610612759,SAS,50.0,0.0,0.0,0.0,0.0,0.0,0.0,0.0,0.0,0.0,0.0,0.0,0.0,0.0,0.0,0.0,0.0,0.0,1610612759,SAS,34.45,13117.0,2.48,1.42,1.07,4.37,4.52,4.18,2015_16
203937,Kyle Anderson,Kyle,1610612759,SAS,22.0,1,1,0,1.0,2.9166666666666665,0,1,0.0,0,0,0.0,0,0,0.0,0,0,0,0,0,0,0,0,0,0,0,-7,0.0,0,0,0.0,1,1,1,1,36,33,33,33,25,30,25,20,21,20,17,34,34,29,25,23,16,1,1,32,36,34,37,5,1,37,41,-0.4,0.0,1.0,14.5,34,160.0,38,90.51,41,0.0,16.7,39,-143.3,25,29,6,38,41,160.0,41,0.0,1,90.51,160.0,0.0,0.125,0.0,-143.3,21,97.76,33,33,34,0.0,29,75.43,41,0.0,0.0,1,36,0.0,16.7,22,0.145,41,17,41,15,0.0,39,0.0,33,-145.5,39,,0.0,0.0,0.0,0.0,0.0,0.0,1.0,0.0,0.0,0.0,0.0,0.0,,,,0.0,,0.0,0.0,0.0,,0.0,0.0,,0.0,0.0,1.0,0.0,,0.0,,0.0,,0.0,0.0,0.0,,SAS,,0.0,0.0,,0.0,0.0,0.0,0.0,,0.0,,0.0,0.0,2016,20160506,2.0,0.0,1.0,0.0,0.0,0.0,0.0,0.0,0.0,0.0,0.0,0.0,0.0,0.0,0.0,0.0,0.0,0.0,0.0,0.0,0.0,0.0,0.0,0.0,0.0,0.0,3.0,0.0,2.0,0.0,0.0,0.0,0.0,1.0,0.0,1.68,0.0,0.1,0.0,,,,,,,,,,,,,,,,,,,,,,,,,,,,,,,,,,,,,,,,,1.0,1.0,0.0,1.0,1.0,0.0,0.0,,0.0,0.0,0.0,0.0,0.0,,,,,,,,,,,,,,,,,,,,,,,,,,,,0.0,,,0.0,0.0,1.0,0.0,0.0,0.0,0.0,0.0,0.0,0.0,0.0,0.0,0.0,0.036,8.0,0.59,0.625,5.0,F,0.267,0.0,,,,0.0,,,,OKC,SAS,1610612760,SAS_OKC_2016,41500233,1.0,1.0,1.0,1.0,0.398,0.602,,,,,,,1.0,1.0,1.0,1.0,0.454,0.546,,,,,,,1.0,1.0,1.0,1.0,0.469,0.531,,,,,,,1610612759.0,SAS,1.0,1.0,0.0,0.0,0.0,0.0,0.0,0.0,0.0,0.0,0.0,0.0,0.0,0.0,0.0,0.0,0.0,0.0,0.0,0.0,0.0,1610612759,SAS,3.0,0.0,0.0,0.0,0.0,0.0,0.0,0.0,0.0,0.0,0.0,0.0,0.0,0.0,0.0,0.0,0.0,0.0,1610612759,SAS,2.92,1019.0,0.19,0.13,0.07,4.2,3.39,5.52,2015_16
2564,Boris Diaw,Boris,1610612759,SAS,34.0,1,1,0,1.0,13.0,0,2,0.0,0,0,0.0,1,2,0.5,0,1,1,2,0,1,1,0,0,1,1,2,11.2,0,0,8.0,1,1,1,1,30,33,32,33,25,30,25,17,10,16,17,25,26,15,25,8,4,1,1,16,35,15,28,5,1,29,8,0.063,0.0,2.0,85.2,29,82.5,6,101.54,19,0.0,92.9,34,4.0,31,9,28,6,16,88.9,8,0.053,1,101.54,88.9,0.027,0.097,40.0,4.0,21,110.03,33,33,29,0.0,4,84.62,26,0.222,0.0,1,35,0.0,92.9,31,0.094,8,17,16,1,0.174,34,0.0,32,2.7,35,,0.0,0.0,0.0,0.0,1.0,0.0,1.0,0.0,0.0,0.0,0.0,0.0,0.0,,0.0,0.0,,0.0,0.0,0.0,0.0,0.0,0.0,,0.0,0.0,1.0,0.0,0.0,0.0,,0.0,,0.0,1.0,0.0,,SAS,,0.0,0.0,0.0,0.0,0.0,0.0,0.0,,0.0,0.0,0.0,0.0,2016,20160506,14.0,0.143,10.0,0.0,5.0,4.0,0.143,0.0,2.0,0.0,0.0,0.0,0.0,0.0,0.0,0.0,0.0,0.0,0.0,0.0,0.0,0.0,0.0,0.0,0.0,0.0,17.0,0.0,10.0,0.0,1.0,1.0,0.0,0.76,0.0,2.05,2.0,0.6,0.059,0.25,0.0,0.0,0.0,1.0,0.0,0.0,0.0,0.333,8.9,8.9,0.0,0.333,0.0,1.0,0.0,0.0,0.0,3.0,0.0,0.25,0.0,1.0,4.0,,,,,,,,,,,,,,,,,1.0,0.5,0.0,0.5,1.0,0.0,0.0,,0.0,0.0,0.0,0.0,0.0,,,,,,,,,,,,,,1.0,0.0,0.0,0.0,0.0,0.0,0.5,0.0,0.0,0.5,,1.0,0.0,,0.0,,,0.0,,0.0,,0.0,0.0,0.0,0.0,0.0,0.0,0.0,0.0,0.0,-0.22,12.0,0.553,0.333,4.0,C-F,0.308,1.0,,0.0,,0.0,,,,OKC,SAS,1610612760,SAS_OKC_2016,41500233,1.0,2.0,8.0,0.25,0.46,-0.21,0.375,1.0,3.0,0.333,0.343,-0.01,0.625,1.0,5.0,0.2,0.495,-0.295,0.125,0.0,1.0,0.0,0.488,-0.488,0.25,0.0,2.0,0.0,0.496,-0.496,0.75,2.0,6.0,0.333,0.399,-0.066,1610612759.0,SAS,8.0,6.0,2.0,1.0,0.0,0.0,0.0,0.0,0.0,0.0,0.0,0.0,0.0,0.0,0.0,0.0,0.0,0.0,0.0,0.0,0.0,1610612759,SAS,17.0,2.0,0.0,1.0,0.0,0.0,0.0,0.0,0.0,0.0,1.0,0.5,0.0,0.0,0.0,0.0,0.0,0.0,1610612759,SAS,13.0,5255.0,1.0,0.53,0.46,4.61,4.61,4.62,2015_16
200746,LaMarcus Aldridge,LaMarcus,1610612759,SAS,30.0,1,1,0,1.0,43.833333333333336,8,21,0.381,0,0,0.0,8,10,0.8,2,6,8,0,1,1,1,0,3,6,24,1,38.6,0,0,36.0,1,1,1,1,1,7,2,24,25,30,25,2,3,11,7,6,7,29,15,8,4,1,24,3,5,16,7,5,1,9,27,0.09,8.0,21.0,109.1,13,112.2,40,89.79,26,0.381,115.9,14,1.2,7,29,82,40,19,114.6,27,0.14,19,89.79,114.6,0.096,0.29,0.0,1.2,21,93.56,25,7,13,3.8,29,74.83,18,0.0,0.05,19,25,0.0,115.9,7,0.29,25,11,19,33,0.472,14,3.7,2,-3.1,21,0.0,0.0,7.0,0.0,0.0,4.0,2.0,15.0,0.0,0.0,0.467,0.0,0.0,0.0,0.0,0.0,0.0,0.0,0.5,1.0,0.0,0.0,0.0,0.0,0.0,2.0,0.0,7.0,0.0,0.0,0.714,0.0,0.0,0.0,0.0,4.0,0.0,0.0,SAS,0.0,0.0,5.0,0.0,8.0,0.0,0.25,2.0,0.0,0.5,0.0,1.0,0.0,2016,20160506,50.0,0.0,58.0,0.0,0.0,4.0,0.0,0.0,0.0,0.2,2.0,4.0,5.0,0.2,1.0,0.0,1.0,0.4,1.0,1.0,1.0,1.0,4.0,6.0,0.0,1.2,79.0,0.417,58.0,4.0,24.0,3.0,0.667,0.77,0.25,1.93,12.0,2.5,0.304,0.444,1.0,11.9,0.5,6.0,0.625,0.0,0.667,0.5,10.3,9.8,5.0,0.5,0.0,3.0,4.0,0.333,0.0,12.0,1.0,0.444,0.333,2.0,18.0,0.143,0.0,0.0,0.0,0.0,0.0,SAS,3.0,,0.0,0.0,1.0,1610612759.0,3.0,0.143,0.0,9.0,0.429,0.333,0.429,9.0,0.333,0.0,,3.0,0.0,0.333,0.0,3.0,0.238,0.0,5.0,3.0,0.6,5.0,0.0,0.6,,0.6,3.0,0.0,0.238,4.0,0.5,0.0,0.5,2.0,0.0,0.19,0.0,2.0,0.19,,4.0,0.5,,5.0,,,10.0,0.556,9.0,0.556,0.381,0.429,0.333,0.0,5.0,0.333,1.0,2.0,6.0,-0.128,40.0,0.578,0.45,18.0,F,0.396,7.0,,0.429,,3.0,,,,OKC,SAS,1610612760,SAS_OKC_2016,41500233,1.0,10.0,20.0,0.5,0.476,0.024,0.3,4.0,6.0,0.667,0.341,0.326,0.7,6.0,14.0,0.429,0.518,-0.089,0.45,4.0,9.0,0.444,0.583,-0.139,0.5,5.0,10.0,0.5,0.552,-0.052,0.45,4.0,9.0,0.444,0.399,0.045,1610612759.0,SAS,15.0,10.0,5.0,0.0,0.0,3.0,6.0,0.0,0.0,0.0,0.0,0.0,0.0,0.0,0.0,0.0,0.0,0.0,0.0,0.0,0.0,1610612759,SAS,79.0,12.0,2.0,6.0,0.333,1.0,2.0,0.5,5.0,0.417,4.0,0.333,0.0,0.0,0.0,0.0,1.0,0.083,1610612759,SAS,43.83,15576.0,2.95,1.66,1.29,4.12,4.32,3.87,2015_16
202695,Kawhi Leonard,Kawhi,1610612759,SAS,25.0,1,1,0,1.0,39.36666666666667,9,17,0.529,3,4,0.75,10,14,0.714,2,9,11,3,3,1,1,2,3,8,31,5,51.7,1,0,52.0,1,1,1,1,5,5,5,10,6,11,8,1,1,14,7,3,4,8,6,8,4,38,24,1,1,7,3,1,1,2,23,0.2,9.0,17.0,109.7,6,106.4,34,91.45,18,0.618,113.0,18,0.7,3,15,77,34,20,112.3,23,0.225,24,91.45,112.3,0.139,0.31,10.0,0.7,11,95.33,11,5,7,10.3,27,76.21,2,0.15,0.051,24,10,1.0,113.0,4,0.314,17,10,20,29,0.669,18,10.0,5,3.2,19,,0.0,2.0,0.8,1.0,5.0,3.0,5.0,2.0,3.0,0.4,1.0,4.0,1.0,,1.0,1.0,,0.0,0.0,0.667,1.0,0.0,0.0,0.0,1.0,1.0,2.0,2.0,0.0,0.0,0.0,1.0,0.0,4.0,6.0,2.0,0.0,SAS,0.0,0.667,0.0,0.0,3.0,1.0,0.333,2.0,0.0,0.5,1.0,1.0,1.0,2016,20160506,37.0,0.081,48.0,2.0,9.0,13.0,0.135,0.0,5.0,0.0,2.0,2.0,17.0,0.412,0.0,0.118,0.5,0.118,0.4,2.0,7.0,5.0,4.0,6.0,2.0,0.353,64.0,0.333,46.0,0.0,31.0,4.0,1.5,3.69,0.0,4.14,6.0,4.4,0.484,0.478,2.0,4.3,1.0,8.0,0.273,2.0,0.111,0.6,4.5,4.5,3.0,0.643,1.0,8.0,1.0,0.25,1.0,15.0,0.0,0.524,0.286,8.0,23.0,0.067,1.0,0.0,0.0,1.0,1.0,SAS,1.0,,0.0,1.0,1.0,1610612759.0,1.0,0.067,1.0,7.0,0.467,0.333,0.4,6.0,0.286,1.0,0.0,2.0,0.0,0.286,0.067,2.0,0.267,0.0,4.0,3.0,0.75,4.0,0.0,0.75,,0.75,3.0,0.0,0.267,0.0,1.0,3.0,1.5,0.0,3.0,0.0,0.2,3.0,0.2,1.0,3.0,,1.0,2.0,2.0,0.5,5.0,0.5,4.0,0.625,0.618,0.75,0.0,0.0,2.0,1.0,0.0,6.0,8.0,-0.184,28.0,0.577,0.393,11.0,F,0.438,4.0,2.0,1.0,2.0,3.0,1.0,,,OKC,SAS,1610612760,SAS_OKC_2016,41500233,1.0,4.0,8.0,0.5,0.466,0.034,0.375,1.0,3.0,0.333,0.346,-0.012,0.625,3.0,5.0,0.6,0.513,0.087,0.625,3.0,5.0,0.6,0.618,-0.018,0.625,3.0,5.0,0.6,0.569,0.031,0.375,1.0,3.0,0.333,0.399,-0.066,1610612759.0,SAS,3.0,3.0,0.0,1.0,0.0,0.0,0.0,0.0,0.0,2.0,0.0,0.0,0.0,0.0,0.0,0.0,0.0,0.0,0.0,0.0,0.0,1610612759,SAS,64.0,6.0,0.0,3.0,0.0,2.0,2.0,1.0,2.0,0.333,1.0,0.167,0.0,0.0,1.0,0.167,1.0,0.167,1610612759,SAS,39.37,15091.0,2.86,1.67,1.19,4.42,4.96,3.84,2015_16
