PLAYER_ID,PLAYER_NAME,NICKNAME,TEAM_ID,TEAM_ABBREVIATION,AGE,GP,W,L,W_PCT,MIN,FGM,FGA,FG_PCT,FG3M,FG3A,FG3_PCT,FTM,FTA,FT_PCT,OREB,DREB,REB,AST,TOV,STL,BLK,BLKA,PF,PFD,PTS,PLUS_MINUS,NBA_FANTASY_PTS,DD2,TD3,WNBA_FANTASY_PTS,GP_RANK,W_RANK,L_RANK,W_PCT_RANK,MIN_RANK,FGM_RANK,FGA_RANK,FG_PCT_RANK,FG3M_RANK,FG3A_RANK,FG3_PCT_RANK,FTM_RANK,FTA_RANK,FT_PCT_RANK,OREB_RANK,DREB_RANK,REB_RANK,AST_RANK,TOV_RANK,STL_RANK,BLK_RANK,BLKA_RANK,PF_RANK,PFD_RANK,PTS_RANK,PLUS_MINUS_RANK,NBA_FANTASY_PTS_RANK,DD2_RANK,TD3_RANK,WNBA_FANTASY_PTS_RANK,DEF_RATING_RANK,PIE,FGM_PG,FGA_PG,E_OFF_RATING,DREB_PCT_RANK,E_DEF_RATING,PACE_RANK,PACE,E_NET_RATING_RANK,EFG_PCT,sp_work_OFF_RATING,OFF_RATING_RANK,sp_work_NET_RATING,USG_PCT_RANK,AST_PCT_RANK,POSS,sp_work_PACE_RANK,sp_work_NET_RATING_RANK,DEF_RATING,sp_work_DEF_RATING_RANK,DREB_PCT,E_TOV_PCT_RANK,sp_work_PACE,sp_work_DEF_RATING,REB_PCT,USG_PCT,AST_RATIO,NET_RATING,AST_TO_RANK,E_PACE,EFG_PCT_RANK,FGM_PG_RANK,REB_PCT_RANK,E_TOV_PCT,AST_RATIO_RANK,PACE_PER40,PIE_RANK,AST_PCT,OREB_PCT,TM_TOV_PCT_RANK,TS_PCT_RANK,AST_TO,OFF_RATING,E_USG_PCT_RANK,E_USG_PCT,E_DEF_RATING_RANK,OREB_PCT_RANK,NET_RATING_RANK,E_PACE_RANK,TS_PCT,sp_work_OFF_RATING_RANK,TM_TOV_PCT,FGA_PG_RANK,E_NET_RATING,E_OFF_RATING_RANK,BACKCOURT_FG_PCT,LEFT_CORNER_3_FG_PCT,MID_FGM,RA_FG_PCT,CORNER_3_FGA,RA_FGA,ITP_FGA,MID_FGA,ABOVE_BREAK_3_FGM,ABOVE_BREAK_3_FGA,MID_FG_PCT,CORNER_3_FG_PCT,RA_FGM,RIGHT_CORNER_3_FG_PCT,BACKCOURT_FGA,RIGHT_CORNER_3_FGM,CORNER_3_FGM,BACKCOURT_FGM,ITP_FG_PCT,ITP_FGM,ABOVE_BREAK_3_FG_PCT,RIGHT_CORNER_3_FGA,LEFT_CORNER_3_FGM,LEFT_CORNER_3_FGA,FGM_35_39,FGM_10_14,FGP_20_24,FGA_15_19,FGM_20_24,FGM_40_PLUS,FGP_15_19,FGP_35_39,FGP_25_29,FGA_30_34,FGM_LT_5,FGA_LT_5,FGA_20_24,FGP_30_34,TEAM_ABBR,FGM_30_34,FGP_LT_5,FGM_15_19,FGP_40_PLUS,FGA_10_14,FGA_25_29,FGP_10_14,FGA_5_9,FGA_35_39,FGP_5_9,FGA_40_PLUS,FGM_5_9,FGM_25_29,year,date,PASSES_MADE,AST_TO_PASS_PCT,PASSES_RECEIVED,FT_AST,AST_PTS_CREATED,POTENTIAL_AST,AST_TO_PASS_PCT_ADJ,SECONDARY_AST,AST_ADJ,DRIVE_TOV_PCT,DRIVE_PF,DRIVE_FTM,DRIVES,DRIVE_PASSES_PCT,DRIVE_TOV,DRIVE_AST_PCT,DRIVE_FT_PCT,DRIVE_PF_PCT,DRIVE_FG_PCT,DRIVE_FGM,DRIVE_PASSES,DRIVE_FGA,DRIVE_FTA,DRIVE_PTS,DRIVE_AST,DRIVE_PTS_PCT,TOUCHES,PTS_PER_POST_TOUCH,FRONT_CT_TOUCHES,ELBOW_TOUCHES,POINTS,PAINT_TOUCHES,PTS_PER_PAINT_TOUCH,AVG_DRIB_PER_TOUCH,PTS_PER_ELBOW_TOUCH,AVG_SEC_PER_TOUCH,POST_TOUCHES,TIME_OF_POSS,PTS_PER_TOUCH,REB_CHANCE_PCT,OREB_CONTEST,AVG_OREB_DIST,OREB_CONTEST_PCT,OREB_CHANCES,REB_CONTEST_PCT,REB_CHANCE_DEFER,DREB_CONTEST_PCT,DREB_CHANCE_PCT,AVG_REB_DIST,AVG_DREB_DIST,REB_CONTEST,DREB_CHANCE_PCT_ADJ,DREB_CHANCE_DEFER,REB_UNCONTEST,DREB_CONTEST,OREB_CHANCE_PCT,OREB_CHANCE_DEFER,DREB_CHANCES,OREB_UNCONTEST,REB_CHANCE_PCT_ADJ,OREB_CHANCE_PCT_ADJ,DREB_UNCONTEST,REB_CHANCES,very_tight_FG2A_FREQUENCY,very_tight_EFG_PCT,very_tight_FG3A_FREQUENCY,very_tight_FG3A,very_tight_FGM,very_tight_FG2_PCT,PLAYER_LAST_TEAM_ABBREVIATION,very_tight_FGA,very_tight_FG3_PCT,very_tight_FG3M,very_tight_FG2M,G,PLAYER_LAST_TEAM_ID,very_tight_FG2A,very_tight_FGA_FREQUENCY,very_tight_FG_PCT,tight_FGA,tight_FGA_FREQUENCY,tight_FG2_PCT,tight_FG2A_FREQUENCY,tight_FG2A,tight_EFG_PCT,tight_FG3A,tight_FG3_PCT,tight_FGM,tight_FG3M,tight_FG_PCT,tight_FG3A_FREQUENCY,tight_FG2M,open_FGA_FREQUENCY,open_FG3A,open_FGA,open_FG2M,open_EFG_PCT,open_FG2A,open_FG3A_FREQUENCY,open_FG_PCT,open_FG3_PCT,open_FG2_PCT,open_FGM,open_FG3M,open_FG2A_FREQUENCY,wide_open_FG2A,wide_open_FG_PCT,wide_open_FG3A,wide_open_EFG_PCT,wide_open_FG2M,wide_open_FG3M,wide_open_FG2A_FREQUENCY,wide_open_FG3A_FREQUENCY,wide_open_FGM,wide_open_FGA_FREQUENCY,wide_open_FG3_PCT,wide_open_FGA,wide_open_FG2_PCT,PULL_UP_FG3M,PULL_UP_FGM,PULL_UP_FG3A,PULL_UP_FG3_PCT,PULL_UP_PTS,PULL_UP_FG_PCT,PULL_UP_FGA,PULL_UP_EFG_PCT,EFF_FG_PCT,CATCH_SHOOT_FG_PCT,POST_TOUCH_FG_PCT,ELBOW_TOUCH_FG_PCT,POST_TOUCH_PTS,PAINT_TOUCH_FG_PCT,ELBOW_TOUCH_PTS,PAINT_TOUCH_PTS,CATCH_SHOOT_PTS,PLUSMINUS,FGA_LT_06,NS_LT_06_PCT,LT_06_PCT,FGM_LT_06,PLAYER_POSITION,FREQ,CATCH_SHOOT_FGA,CATCH_SHOOT_FG3M,CATCH_SHOOT_EFG_PCT,CATCH_SHOOT_FG3A,CATCH_SHOOT_FGM,CATCH_SHOOT_FG3_PCT,HTM,VTM,opp_team,team,opp_id,series_key,GAME_ID,overall_def_FREQ,overall_def_D_FGM,overall_def_D_FGA,overall_def_D_FG_PCT,overall_def_NORMAL_FG_PCT,overall_def_PCT_PLUSMINUS,three_pt_def_FREQ,three_pt_def_FG3M,three_pt_def_FG3A,three_pt_def_FG3_PCT,three_pt_def_NS_FG3_PCT,three_pt_def_PLUSMINUS,two_pt_def_FREQ,two_pt_def_FG2M,two_pt_def_FG2A,two_pt_def_FG2_PCT,two_pt_def_NS_FG2_PCT,two_pt_def_PLUSMINUS,less_6ft_def_FREQ,less_6ft_def_FGM_LT_06,less_6ft_def_FGA_LT_06,less_6ft_def_LT_06_PCT,less_6ft_def_NS_LT_06_PCT,less_6ft_def_PLUSMINUS,less_10ft_def_FREQ,less_10ft_def_FGM_LT_10,less_10ft_def_FGA_LT_10,less_10ft_def_LT_10_PCT,less_10ft_def_NS_LT_10_PCT,less_10ft_def_PLUSMINUS,more_15ft_def_FREQ,more_15ft_def_FGM_GT_15,more_15ft_def_FGA_GT_15,more_15ft_def_GT_15_PCT,more_15ft_def_NS_GT_15_PCT,more_15ft_def_PLUSMINUS,hustle_TEAM_ID,hustle_TEAM_ABBREVIATION,hustle_CONTESTED_SHOTS,hustle_CONTESTED_SHOTS_2PT,hustle_CONTESTED_SHOTS_3PT,hustle_DEFLECTIONS,hustle_CHARGES_DRAWN,hustle_SCREEN_ASSISTS,hustle_SCREEN_AST_PTS,hustle_OFF_LOOSE_BALLS_RECOVERED,hustle_DEF_LOOSE_BALLS_RECOVERED,hustle_LOOSE_BALLS_RECOVERED,hustle_PCT_LOOSE_BALLS_RECOVERED_OFF,hustle_PCT_LOOSE_BALLS_RECOVERED_DEF,hustle_OFF_BOXOUTS,hustle_DEF_BOXOUTS,hustle_BOX_OUTS,hustle_BOX_OUT_PLAYER_TEAM_REBS,hustle_BOX_OUT_PLAYER_REBS,hustle_PCT_BOX_OUTS_OFF,hustle_PCT_BOX_OUTS_DEF,hustle_PCT_BOX_OUTS_TEAM_REB,hustle_PCT_BOX_OUTS_REB,post_touch_TEAM_ID,post_touch_TEAM_ABBREVIATION,post_touch_TOUCHES,post_touch_POST_TOUCHES,post_touch_POST_TOUCH_FGM,post_touch_POST_TOUCH_FGA,post_touch_POST_TOUCH_FG_PCT,post_touch_POST_TOUCH_FTM,post_touch_POST_TOUCH_FTA,post_touch_POST_TOUCH_FT_PCT,post_touch_POST_TOUCH_PTS,post_touch_POST_TOUCH_PTS_PCT,post_touch_POST_TOUCH_PASSES,post_touch_POST_TOUCH_PASSES_PCT,post_touch_POST_TOUCH_AST,post_touch_POST_TOUCH_AST_PCT,post_touch_POST_TOUCH_TOV,post_touch_POST_TOUCH_TOV_PCT,post_touch_POST_TOUCH_FOULS,post_touch_POST_TOUCH_FOULS_PCT,speed_distance_TEAM_ID,speed_distance_TEAM_ABBREVIATION,speed_distance_MIN1,speed_distance_DIST_FEET,speed_distance_DIST_MILES,speed_distance_DIST_MILES_OFF,speed_distance_DIST_MILES_DEF,speed_distance_AVG_SPEED,speed_distance_AVG_SPEED_OFF,speed_distance_AVG_SPEED_DEF,season
101161,Amir Johnson,Amir,1610612755,PHI,31.0,1,0,1,0.0,9.05,0,0,0.0,0,0,0.0,0,0,0.0,0,1,1,2,0,0,0,0,2,0,0,3,4.2,0,0,3.0,1,22,22,22,36,36,39,36,24,31,24,19,20,19,17,26,26,16,21,18,11,1,26,30,38,15,37,6,1,37,4,0.026,0.0,0.0,124.4,23,107.4,3,100.77,11,0.0,116.7,26,26.7,39,8,18,3,7,90.0,4,0.125,1,100.77,90.0,0.067,0.0,100.0,26.7,18,89.21,36,36,24,0.0,1,83.98,37,0.286,0.0,1,38,0.0,116.7,39,0.0,10,17,7,30,0.0,26,0.0,39,17.0,22,,0.0,0.0,0.0,0.0,0.0,0.0,0.0,0.0,0.0,0.0,0.0,0.0,,,,0.0,,0.0,0.0,0.0,,0.0,0.0,0.0,0.0,0.0,0.0,0.0,,0.0,0.0,0.0,0.0,0.0,0.0,0.0,0.0,PHI,0.0,0.0,0.0,,0.0,0.0,0.0,0.0,0.0,0.0,,0.0,0.0,2018,20180503,9.0,0.222,7.0,0.0,4.0,2.0,0.222,0.0,2.0,0.0,0.0,0.0,0.0,0.0,0.0,0.0,0.0,0.0,0.0,0.0,0.0,0.0,0.0,0.0,0.0,0.0,10.0,0.0,7.0,2.0,0.0,1.0,0.0,0.2,0.0,0.88,0.0,0.1,0.0,0.5,0.0,0.0,0.0,1.0,0.0,0.0,0.0,1.0,6.9,6.9,0.0,1.0,0.0,1.0,0.0,0.0,0.0,1.0,0.0,0.5,0.0,1.0,2.0,,,,,,,,,,,,,,,,,,,,,,,,,,,,,,,,,,,,,,,,,,,,,,,,,,,,,,,,,0.0,,,0.0,,0.0,,0.0,0.0,0.0,0.0,0.0,0.0,0.0,0.0,0.0,-0.127,12.0,0.627,0.5,6.0,C-F,0.375,0.0,,,,0.0,,,,BOS,PHI,1610612738,PHI_BOS_2018,41700212,1.0,2.0,2.0,1.0,0.432,0.569,,,,,,,1.0,2.0,2.0,1.0,0.486,0.514,,,,,,,0.5,1.0,1.0,1.0,0.597,0.403,0.5,1.0,1.0,1.0,0.306,0.694,1610612755.0,PHI,2.0,2.0,0.0,1.0,0.0,1.0,2.0,0.0,0.0,0.0,0.0,0.0,0.0,1.0,1.0,1.0,0.0,0.0,1.0,1.0,0.0,1610612755,PHI,10.0,0.0,0.0,0.0,0.0,0.0,0.0,0.0,0.0,0.0,0.0,0.0,0.0,0.0,0.0,0.0,0.0,0.0,1610612755,PHI,9.05,3482.0,0.66,0.3,0.36,4.65,4.75,4.56,2017_18
204456,T.J. McConnell,T.J.,1610612755,PHI,26.0,1,0,1,0.0,17.201666666666668,4,4,1.0,0,0,0.0,0,0,0.0,1,0,1,5,0,2,0,0,1,0,8,16,22.7,0,0,18.0,1,22,22,22,28,19,27,1,24,31,24,19,20,19,8,33,26,5,21,1,11,1,10,30,21,7,14,6,1,19,3,0.184,4.0,4.0,141.1,33,91.3,16,94.87,2,1.0,142.4,5,53.9,34,6,33,16,2,88.6,3,0.0,1,94.87,88.6,0.029,0.1,55.6,53.9,18,93.87,1,19,31,0.0,2,79.06,3,0.313,0.059,1,2,0.0,142.4,34,0.102,1,9,2,21,1.0,5,0.0,27,49.8,4,0.0,,0.0,1.0,,3.0,1.0,0.0,0.0,0.0,0.0,,3.0,,0.0,,,0.0,1.0,1.0,0.0,,,,0.0,0.0,0.0,0.0,0.0,0.0,0.0,0.0,0.0,0.0,3.0,3.0,0.0,0.0,PHI,0.0,1.0,0.0,0.0,0.0,0.0,0.0,1.0,0.0,1.0,0.0,1.0,0.0,2018,20180503,38.0,0.132,37.0,0.0,9.0,5.0,0.105,0.0,4.0,0.0,0.0,0.0,3.0,0.333,0.0,0.0,0.0,0.0,1.0,2.0,1.0,2.0,0.0,4.0,0.0,1.333,42.0,0.0,13.0,1.0,8.0,2.0,1.0,3.83,0.0,4.51,0.0,3.2,0.19,0.2,0.0,2.7,0.0,2.0,0.0,1.0,0.0,0.0,2.7,0.0,0.0,0.0,1.0,1.0,0.0,0.5,0.0,3.0,1.0,0.25,0.5,0.0,5.0,0.25,1.0,0.0,0.0,1.0,1.0,PHI,1.0,,0.0,1.0,1.0,1610612755.0,1.0,0.25,1.0,1.0,0.25,1.0,0.25,1.0,1.0,0.0,,1.0,0.0,1.0,0.0,1.0,0.5,0.0,2.0,2.0,1.0,2.0,0.0,1.0,,1.0,2.0,0.0,0.5,,,,,,,,,,,,,,,0.0,,,0.0,,0.0,,1.0,0.0,0.0,0.0,0.0,1.0,0.0,2.0,0.0,-0.319,7.0,0.605,0.286,2.0,G,0.438,0.0,,,,0.0,,,,BOS,PHI,1610612738,PHI_BOS_2018,41700212,1.0,1.0,2.0,0.5,0.454,0.046,0.5,0.0,1.0,0.0,0.377,-0.377,0.5,1.0,1.0,1.0,0.532,0.468,0.5,1.0,1.0,1.0,0.692,0.308,0.5,1.0,1.0,1.0,0.597,0.403,0.5,0.0,1.0,0.0,0.385,-0.385,1610612755.0,PHI,0.0,0.0,0.0,2.0,0.0,0.0,0.0,0.0,0.0,0.0,0.0,0.0,0.0,1.0,1.0,0.0,0.0,0.0,1.0,0.0,0.0,1610612755,PHI,42.0,0.0,0.0,0.0,0.0,0.0,0.0,0.0,0.0,0.0,0.0,0.0,0.0,0.0,0.0,0.0,0.0,0.0,1610612755,PHI,17.2,7279.0,1.38,0.67,0.7,4.9,5.35,4.53,2017_18
203496,Robert Covington,Robert,1610612755,PHI,27.0,1,0,1,0.0,40.43333333333333,8,15,0.533,4,7,0.571,2,2,1.0,4,5,9,2,0,2,2,0,5,1,22,4,47.8,0,0,45.0,1,22,22,22,2,5,6,15,2,4,5,13,13,1,1,9,5,16,21,1,1,1,40,19,5,12,5,6,1,3,12,0.144,8.0,15.0,107.1,22,102.6,15,94.97,18,0.667,107.5,31,5.0,21,24,80,15,18,102.5,12,0.128,1,94.97,102.5,0.105,0.168,11.1,5.0,18,95.09,16,5,15,0.0,25,79.14,9,0.08,0.085,1,15,0.0,107.5,23,0.168,8,6,18,15,0.693,31,0.0,6,4.5,33,0.0,1.0,1.0,0.6,1.0,5.0,2.0,1.0,3.0,6.0,1.0,1.0,3.0,0.0,0.0,0.0,1.0,0.0,0.0,0.0,0.5,0.0,1.0,1.0,0.0,0.0,1.0,1.0,1.0,0.0,1.0,0.0,0.5,0.0,3.0,6.0,1.0,0.0,PHI,0.0,0.5,1.0,0.0,0.0,6.0,0.0,1.0,0.0,0.0,0.0,0.0,3.0,2018,20180503,33.0,0.061,26.0,0.0,5.0,5.0,0.061,0.0,2.0,0.0,0.0,0.0,4.0,0.5,0.0,0.25,0.0,0.0,0.0,0.0,2.0,1.0,0.0,0.0,1.0,0.0,50.0,0.0,33.0,0.0,22.0,5.0,1.2,0.46,0.0,1.6,0.0,1.3,0.44,0.5,2.0,5.0,0.5,6.0,0.333,3.0,0.2,0.385,4.0,3.1,3.0,0.5,3.0,6.0,1.0,0.667,0.0,13.0,2.0,0.6,0.667,4.0,18.0,0.067,0.0,0.0,0.0,0.0,0.0,PHI,1.0,,0.0,0.0,1.0,1610612755.0,1.0,0.067,0.0,7.0,0.467,0.25,0.267,4.0,0.571,3.0,0.667,3.0,2.0,0.429,0.2,1.0,0.267,3.0,4.0,1.0,1.0,1.0,0.2,0.75,0.667,1.0,3.0,2.0,0.067,2.0,0.667,1.0,0.667,2.0,0.0,0.133,0.067,2.0,0.2,0.0,3.0,1.0,1.0,2.0,2.0,0.5,5.0,0.667,3.0,0.833,0.667,0.6,0.0,0.0,0.0,0.6,0.0,6.0,9.0,-0.027,36.0,0.582,0.556,20.0,F,0.48,4.0,2.0,0.75,4.0,2.0,0.5,,,BOS,PHI,1610612738,PHI_BOS_2018,41700212,1.0,9.0,15.0,0.6,0.467,0.133,0.133,1.0,2.0,0.5,0.346,0.154,0.867,8.0,13.0,0.615,0.503,0.112,0.733,8.0,11.0,0.727,0.582,0.145,0.8,8.0,12.0,0.667,0.544,0.122,0.2,1.0,3.0,0.333,0.387,-0.053,1610612755.0,PHI,7.0,5.0,2.0,7.0,0.0,0.0,0.0,0.0,2.0,2.0,0.0,1.0,2.0,3.0,5.0,3.0,2.0,0.4,0.6,0.75,0.5,1610612755,PHI,50.0,0.0,0.0,0.0,0.0,0.0,0.0,0.0,0.0,0.0,0.0,0.0,0.0,0.0,0.0,0.0,0.0,0.0,1610612755,PHI,40.43,15084.0,2.86,1.46,1.39,4.31,4.78,3.9,2017_18
101141,Ersan Ilyasova,Ersan,1610612755,PHI,31.0,1,0,1,0.0,16.0,2,6,0.333,0,1,0.0,0,0,0.0,3,3,6,1,0,1,0,1,1,0,4,9,15.7,0,0,13.0,1,22,22,22,29,24,21,33,24,27,24,19,20,19,3,16,9,24,21,5,11,34,10,30,29,8,22,6,1,25,6,0.085,2.0,6.0,126.8,12,95.2,32,91.5,3,0.333,134.5,8,40.7,24,27,29,32,3,93.8,6,0.2,1,91.5,93.8,0.171,0.158,14.3,40.7,18,93.42,35,24,8,0.0,20,76.25,18,0.067,0.15,1,35,0.0,134.5,24,0.155,3,2,3,24,0.333,8,0.0,21,31.6,13,0.0,,0.0,0.667,0.0,3.0,1.0,1.0,0.0,1.0,0.0,0.0,2.0,0.0,0.0,0.0,0.0,0.0,0.0,0.0,0.0,0.0,,,,0.0,0.0,0.0,0.0,0.0,0.0,,0.0,0.0,2.0,4.0,0.0,0.0,PHI,0.0,0.5,0.0,0.0,1.0,1.0,0.0,0.0,,0.0,0.0,0.0,0.0,2018,20180503,26.0,0.038,19.0,0.0,5.0,2.0,0.077,0.0,2.0,0.0,0.0,0.0,0.0,0.0,0.0,0.0,0.0,0.0,0.0,0.0,0.0,0.0,0.0,0.0,0.0,0.0,34.0,0.0,22.0,1.0,4.0,5.0,0.8,0.32,0.0,1.29,0.0,0.7,0.118,0.667,2.0,2.8,0.667,5.0,0.333,0.0,0.0,0.6,4.5,6.2,2.0,0.6,0.0,4.0,0.0,0.6,0.0,5.0,1.0,0.667,0.6,3.0,9.0,0.4,0.5,0.0,0.0,1.0,0.5,PHI,2.0,,0.0,1.0,1.0,1610612755.0,2.0,0.4,0.5,3.0,0.6,0.333,0.6,3.0,0.333,0.0,,1.0,0.0,0.333,0.0,1.0,,,,,,,,,,,,,,,,,,,,,,,,,,,,0.0,,,0.0,,0.0,,0.333,0.0,0.0,0.0,0.0,0.5,0.0,4.0,0.0,-0.138,20.0,0.638,0.5,10.0,F,0.26,1.0,,0.0,,0.0,,,,BOS,PHI,1610612738,PHI_BOS_2018,41700212,1.0,4.0,10.0,0.4,0.433,-0.033,0.4,2.0,4.0,0.5,0.364,0.136,0.6,2.0,6.0,0.333,0.463,-0.13,0.3,2.0,3.0,0.667,0.647,0.02,0.3,2.0,3.0,0.667,0.576,0.091,0.7,2.0,7.0,0.286,0.379,-0.093,1610612755.0,PHI,8.0,5.0,3.0,3.0,0.0,0.0,0.0,0.0,0.0,0.0,0.0,0.0,2.0,0.0,2.0,1.0,1.0,1.0,0.0,0.5,0.5,1610612755,PHI,34.0,0.0,0.0,0.0,0.0,0.0,0.0,0.0,0.0,0.0,0.0,0.0,0.0,0.0,0.0,0.0,0.0,0.0,1610612755,PHI,16.0,6193.0,1.17,0.62,0.55,4.52,4.7,3.63,2017_18
203967,Dario Saric,Dario,1610612755,PHI,24.0,1,0,1,0.0,34.03333333333333,4,13,0.308,2,6,0.333,4,4,1.0,3,6,9,3,2,0,0,1,3,2,14,-12,27.3,0,0,28.0,1,22,22,22,12,19,9,35,8,6,16,3,7,1,3,7,5,10,4,18,11,34,32,12,13,37,13,6,1,12,18,0.073,4.0,13.0,102.4,15,117.3,6,97.32,33,0.385,101.5,35,-14.2,12,16,68,6,29,115.7,18,0.176,32,97.32,115.7,0.127,0.224,15.0,-14.2,10,96.22,34,19,12,10.1,19,81.1,23,0.143,0.081,32,32,1.5,101.5,13,0.222,19,7,29,11,0.474,35,10.0,9,-14.9,37,0.0,0.0,0.0,0.4,0.0,5.0,1.0,1.0,2.0,6.0,0.0,0.0,2.0,0.0,0.0,0.0,0.0,0.0,0.0,0.0,0.333,0.0,0.0,0.0,0.0,0.0,0.0,0.0,0.0,0.0,0.0,0.0,0.4,1.0,2.0,5.0,1.0,0.0,PHI,0.0,0.4,0.0,0.0,1.0,5.0,0.0,0.0,0.0,0.0,0.0,0.0,2.0,2018,20180503,36.0,0.083,33.0,0.0,8.0,6.0,0.083,0.0,3.0,0.0,0.0,0.0,2.0,0.5,0.0,0.0,0.0,0.0,0.0,0.0,1.0,0.0,0.0,0.0,0.0,0.0,55.0,0.4,36.0,2.0,14.0,6.0,1.0,0.58,0.0,1.5,5.0,1.4,0.255,0.529,2.0,3.6,0.667,7.0,0.333,1.0,0.167,0.6,6.5,8.0,3.0,0.6,0.0,6.0,1.0,0.429,1.0,10.0,1.0,0.563,0.5,5.0,17.0,0.083,0.0,0.0,0.0,0.0,0.0,PHI,1.0,,0.0,0.0,1.0,1610612755.0,1.0,0.083,0.0,1.0,0.083,0.0,0.083,1.0,0.0,0.0,,0.0,0.0,0.0,0.0,0.0,0.333,2.0,4.0,2.0,0.875,2.0,0.167,0.75,0.5,1.0,3.0,1.0,0.167,2.0,0.167,4.0,0.25,0.0,1.0,0.167,0.333,1.0,0.5,0.25,6.0,0.0,0.0,0.0,0.0,,0.0,0.0,1.0,0.0,0.385,0.286,0.0,0.0,2.0,0.667,0.0,6.0,6.0,-0.017,40.0,0.617,0.6,24.0,F,0.377,7.0,2.0,0.429,6.0,2.0,0.333,,,BOS,PHI,1610612738,PHI_BOS_2018,41700212,1.0,7.0,9.0,0.778,0.448,0.33,0.444,4.0,4.0,1.0,0.328,0.672,0.556,3.0,5.0,0.6,0.516,0.084,0.222,2.0,2.0,1.0,0.62,0.38,0.333,2.0,3.0,0.667,0.532,0.134,0.667,5.0,6.0,0.833,0.37,0.463,1610612755.0,PHI,14.0,6.0,8.0,1.0,0.0,2.0,5.0,0.0,1.0,1.0,0.0,1.0,1.0,1.0,2.0,2.0,1.0,0.5,0.5,1.0,0.5,1610612755,PHI,55.0,5.0,0.0,2.0,0.0,2.0,2.0,1.0,2.0,0.4,1.0,0.2,0.0,0.0,1.0,0.2,1.0,0.2,1610612755,PHI,34.03,13126.0,2.49,1.26,1.22,4.41,4.9,4.0,2017_18
1627732,Ben Simmons,Ben,1610612755,PHI,21.0,1,0,1,0.0,30.83333333333333,0,4,0.0,0,0,0.0,1,2,0.5,0,5,5,7,5,0,1,0,2,3,1,-23,15.5,0,0,15.0,1,22,22,22,15,36,27,36,24,31,24,17,13,15,17,9,13,4,1,18,3,1,26,8,37,43,23,6,1,22,30,0.013,0.0,4.0,92.0,17,124.4,10,96.52,40,0.0,90.3,39,-37.1,27,3,62,10,38,127.4,30,0.167,41,96.52,127.4,0.074,0.139,41.2,-37.1,12,96.77,36,36,23,29.6,4,80.43,38,0.35,0.0,41,37,1.4,90.3,26,0.139,27,17,38,6,0.102,39,29.4,27,-32.4,40,0.0,0.0,0.0,0.0,0.0,2.0,2.0,0.0,0.0,0.0,0.0,0.0,0.0,0.0,0.0,0.0,0.0,0.0,0.0,0.0,0.0,0.0,0.0,0.0,0.0,0.0,0.0,0.0,0.0,0.0,0.0,0.0,0.0,0.0,0.0,2.0,0.0,0.0,PHI,0.0,0.0,0.0,0.0,0.0,0.0,0.0,2.0,0.0,0.0,0.0,0.0,0.0,2018,20180503,69.0,0.101,68.0,0.0,18.0,20.0,0.116,1.0,8.0,0.167,1.0,1.0,6.0,0.333,1.0,0.0,0.5,0.167,0.0,0.0,2.0,2.0,2.0,1.0,0.0,0.167,81.0,0.0,22.0,0.0,1.0,3.0,0.0,4.01,0.0,5.32,2.0,7.2,0.012,0.556,0.0,0.0,0.0,1.0,0.2,0.0,0.2,0.625,8.8,8.8,1.0,0.625,0.0,4.0,1.0,0.0,0.0,8.0,0.0,0.556,0.0,4.0,9.0,,,,,,,,,,,,,,,,,3.0,1.0,0.0,1.0,3.0,0.0,0.0,,0.0,0.0,0.0,0.0,0.0,,,,,,,,,,,,,,,,,,,,,,,,,,,,0.0,,,0.0,,0.0,,0.0,0.0,0.0,0.0,0.0,0.0,0.0,0.0,0.0,-0.05,25.0,0.57,0.52,13.0,G-F,0.338,0.0,,,,0.0,,,,BOS,PHI,1610612738,PHI_BOS_2018,41700212,1.0,3.0,11.0,0.273,0.415,-0.142,0.636,2.0,7.0,0.286,0.362,-0.077,0.364,1.0,4.0,0.25,0.466,-0.216,0.182,1.0,2.0,0.5,0.464,0.036,0.182,1.0,2.0,0.5,0.449,0.051,0.818,2.0,9.0,0.222,0.378,-0.155,1610612755.0,PHI,5.0,2.0,3.0,1.0,0.0,1.0,3.0,1.0,0.0,1.0,1.0,0.0,0.0,2.0,2.0,2.0,1.0,0.0,1.0,1.0,0.5,1610612755,PHI,81.0,2.0,0.0,0.0,0.0,0.0,0.0,0.0,0.0,0.0,1.0,0.5,1.0,0.5,0.0,0.0,0.0,0.0,1610612755,PHI,30.83,11548.0,2.19,1.14,1.05,4.3,4.47,4.13,2017_18
200755,JJ Redick,JJ,1610612755,PHI,34.0,1,0,1,0.0,36.0,9,17,0.529,5,9,0.556,0,0,0.0,1,2,3,2,0,1,0,1,1,2,23,-11,32.6,0,0,35.0,1,22,22,22,7,4,5,16,1,2,7,19,20,19,8,20,20,16,21,5,11,34,10,12,4,35,10,6,1,8,20,0.132,9.0,17.0,105.1,30,115.2,7,96.67,28,0.676,102.8,34,-13.7,18,21,72,7,27,116.4,20,0.056,1,96.67,116.4,0.038,0.2,10.5,-13.7,18,96.13,15,4,29,0.0,27,80.56,10,0.1,0.023,1,17,0.0,102.8,19,0.206,16,16,27,12,0.676,34,0.0,5,-10.1,35,0.0,0.0,3.0,0.333,3.0,3.0,1.0,4.0,4.0,6.0,0.75,0.333,1.0,0.5,0.0,1.0,1.0,0.0,0.0,0.0,0.667,2.0,0.0,1.0,0.0,0.0,0.5,1.0,3.0,0.0,1.0,0.0,0.667,0.0,1.0,3.0,6.0,0.0,PHI,0.0,0.333,1.0,0.0,1.0,6.0,0.0,0.0,0.0,0.0,0.0,0.0,4.0,2018,20180503,33.0,0.061,45.0,0.0,5.0,5.0,0.091,1.0,3.0,0.0,0.0,0.0,3.0,0.0,0.0,0.0,0.0,0.0,0.0,0.0,0.0,3.0,0.0,0.0,0.0,0.0,51.0,0.0,45.0,1.0,23.0,2.0,1.0,0.92,2.0,1.63,0.0,1.4,0.451,0.6,1.0,2.1,1.0,2.0,0.333,0.0,0.0,0.667,7.0,9.4,1.0,0.667,0.0,2.0,0.0,0.5,0.0,3.0,0.0,0.6,0.5,2.0,5.0,0.063,1.0,0.0,0.0,1.0,1.0,PHI,1.0,,0.0,1.0,1.0,1610612755.0,1.0,0.063,1.0,2.0,0.125,0.0,0.125,2.0,0.0,0.0,,0.0,0.0,0.0,0.0,0.0,0.563,5.0,9.0,3.0,0.833,4.0,0.313,0.667,0.6,0.75,6.0,3.0,0.25,0.0,0.5,4.0,0.75,0.0,2.0,0.0,0.25,2.0,0.25,0.5,4.0,,1.0,3.0,1.0,1.0,7.0,0.75,4.0,0.875,0.676,0.5,0.0,1.0,0.0,1.0,2.0,2.0,14.0,-0.078,22.0,0.578,0.5,11.0,G-F,0.328,10.0,4.0,0.7,8.0,5.0,0.5,,,BOS,PHI,1610612738,PHI_BOS_2018,41700212,1.0,5.0,9.0,0.556,0.408,0.147,0.556,4.0,5.0,0.8,0.319,0.481,0.444,1.0,4.0,0.25,0.487,-0.237,0.333,1.0,3.0,0.333,0.549,-0.216,0.333,1.0,3.0,0.333,0.521,-0.188,0.667,4.0,6.0,0.667,0.351,0.315,1610612755.0,PHI,6.0,2.0,4.0,1.0,0.0,1.0,2.0,1.0,0.0,1.0,1.0,0.0,0.0,1.0,1.0,1.0,0.0,0.0,1.0,1.0,0.0,1610612755,PHI,51.0,0.0,0.0,0.0,0.0,0.0,0.0,0.0,0.0,0.0,0.0,0.0,0.0,0.0,0.0,0.0,0.0,0.0,1610612755,PHI,36.0,13779.0,2.61,1.45,1.16,4.34,4.81,3.9,2017_18
203954,Joel Embiid,Joel,1610612755,PHI,24.0,1,0,1,0.0,36.88166666666667,8,22,0.364,1,6,0.167,3,6,0.5,4,10,14,5,2,1,1,0,5,6,20,-8,48.3,1,0,44.0,1,22,22,22,6,5,3,32,15,6,23,7,3,15,1,1,1,5,4,5,3,1,40,2,8,32,3,1,1,4,17,0.099,8.0,22.0,105.1,7,113.5,14,95.66,26,0.386,106.9,33,-6.4,7,10,72,14,26,113.3,17,0.27,28,95.66,113.3,0.169,0.292,16.1,-6.4,5,96.44,33,5,9,6.3,18,79.71,17,0.217,0.087,28,34,2.5,106.9,6,0.298,15,5,26,8,0.406,33,6.5,3,-8.4,36,0.0,0.0,1.0,0.5,0.0,8.0,5.0,3.0,1.0,6.0,0.333,0.0,4.0,0.0,0.0,0.0,0.0,0.0,0.4,2.0,0.167,0.0,0.0,0.0,,3.0,0.0,0.0,0.0,0.0,0.0,,0.167,0.0,4.0,8.0,0.0,0.0,PHI,0.0,0.5,0.0,0.0,5.0,6.0,0.6,3.0,,0.0,0.0,0.0,1.0,2018,20180503,63.0,0.079,60.0,0.0,11.0,9.0,0.079,0.0,5.0,0.0,0.0,0.0,6.0,0.167,0.0,0.167,0.0,0.0,0.5,2.0,1.0,4.0,0.0,5.0,1.0,0.833,91.0,0.182,65.0,4.0,20.0,4.0,1.25,0.71,0.0,2.07,11.0,3.1,0.22,0.778,4.0,3.5,1.0,6.0,0.429,0.0,0.2,0.769,4.3,4.5,6.0,0.769,0.0,8.0,2.0,0.667,0.0,13.0,0.0,0.778,0.667,8.0,18.0,0.182,0.25,0.0,0.0,1.0,0.25,PHI,4.0,,0.0,1.0,1.0,1610612755.0,4.0,0.182,0.25,10.0,0.455,0.4,0.455,10.0,0.4,0.0,,4.0,0.0,0.4,0.0,4.0,0.227,3.0,5.0,2.0,0.4,2.0,0.136,0.4,0.0,1.0,2.0,0.0,0.091,0.0,0.333,3.0,0.5,0.0,1.0,0.0,0.136,1.0,0.136,0.333,3.0,,0.0,3.0,0.0,,6.0,1.0,3.0,1.0,0.386,0.143,0.167,0.0,2.0,0.667,0.0,5.0,3.0,-0.253,32.0,0.597,0.344,11.0,C,0.4,6.0,1.0,0.25,6.0,1.0,0.167,,,BOS,PHI,1610612738,PHI_BOS_2018,41700212,1.0,5.0,18.0,0.278,0.466,-0.188,0.333,1.0,6.0,0.167,0.343,-0.177,0.667,4.0,12.0,0.333,0.494,-0.16,0.444,4.0,8.0,0.5,0.593,-0.093,0.5,4.0,9.0,0.444,0.544,-0.1,0.444,1.0,8.0,0.125,0.394,-0.269,1610612755.0,PHI,11.0,6.0,5.0,1.0,0.0,3.0,8.0,0.0,0.0,0.0,0.0,0.0,2.0,6.0,8.0,5.0,3.0,0.25,0.75,1.0,0.6,1610612755,PHI,91.0,11.0,1.0,6.0,0.167,0.0,0.0,0.0,2.0,0.182,2.0,0.182,1.0,0.091,0.0,0.0,0.0,0.0,1610612755,PHI,36.88,12788.0,2.42,1.27,1.15,3.91,4.34,3.82,2017_18
201158,Marco Belinelli,Marco,1610612755,PHI,32.0,1,0,1,0.0,19.566666666666663,5,11,0.455,1,4,0.25,0,0,0.0,0,1,1,3,2,0,0,0,1,2,11,-3,14.7,0,0,16.0,1,22,22,22,26,12,12,26,15,13,21,19,20,19,17,26,26,10,4,18,11,1,10,12,19,27,25,6,1,21,23,0.064,5.0,11.0,122.2,31,124.4,13,95.67,24,0.5,121.1,18,-1.4,6,9,38,13,22,122.5,23,0.053,33,95.67,122.5,0.026,0.295,18.8,-1.4,10,94.5,24,12,33,12.5,15,79.73,28,0.231,0.0,33,27,1.5,121.1,7,0.298,26,17,22,18,0.5,18,12.5,12,-2.2,23,0.0,0.0,1.0,1.0,0.0,3.0,0.0,4.0,1.0,4.0,0.25,0.0,3.0,0.0,0.0,0.0,0.0,0.0,0.0,0.0,0.25,0.0,0.0,0.0,0.0,0.0,0.333,1.0,1.0,0.0,0.0,0.0,0.25,0.0,3.0,3.0,3.0,0.0,PHI,0.0,1.0,0.0,0.0,0.0,4.0,0.0,0.0,0.0,0.0,0.0,0.0,1.0,2018,20180503,19.0,0.158,31.0,0.0,8.0,3.0,0.316,3.0,6.0,0.0,0.0,0.0,1.0,0.0,0.0,0.0,0.0,0.0,1.0,1.0,0.0,1.0,0.0,2.0,0.0,2.0,35.0,0.0,29.0,0.0,11.0,1.0,2.0,0.94,0.0,1.93,0.0,1.1,0.314,0.333,0.0,0.0,0.0,1.0,0.0,0.0,0.0,0.5,3.0,3.0,0.0,0.5,0.0,1.0,0.0,0.0,0.0,2.0,0.0,0.333,0.0,1.0,3.0,0.182,1.0,0.0,0.0,2.0,1.0,PHI,2.0,,0.0,2.0,1.0,1610612755.0,2.0,0.182,1.0,1.0,0.091,1.0,0.091,1.0,1.0,0.0,,1.0,0.0,1.0,0.0,1.0,0.545,2.0,6.0,1.0,0.167,4.0,0.182,0.167,0.0,0.25,1.0,0.0,0.364,0.0,0.5,2.0,0.75,0.0,1.0,0.0,0.182,1.0,0.182,0.5,2.0,,1.0,2.0,2.0,0.5,5.0,0.4,5.0,0.5,0.5,0.0,0.0,0.0,0.0,1.0,0.0,2.0,0.0,-0.058,21.0,0.582,0.524,11.0,G-F,0.309,3.0,0.0,0.0,2.0,0.0,0.0,,,BOS,PHI,1610612738,PHI_BOS_2018,41700212,1.0,3.0,10.0,0.3,0.441,-0.141,0.6,1.0,6.0,0.167,0.395,-0.229,0.4,2.0,4.0,0.5,0.451,0.049,0.1,0.0,1.0,0.0,0.558,-0.558,0.1,0.0,1.0,0.0,0.539,-0.539,0.8,2.0,8.0,0.25,0.385,-0.135,1610612755.0,PHI,7.0,2.0,5.0,1.0,0.0,0.0,0.0,1.0,1.0,2.0,0.5,0.5,0.0,2.0,2.0,1.0,0.0,0.0,1.0,1.0,0.0,1610612755,PHI,35.0,0.0,0.0,0.0,0.0,0.0,0.0,0.0,0.0,0.0,0.0,0.0,0.0,0.0,0.0,0.0,0.0,0.0,1610612755,PHI,19.57,7613.0,1.44,0.79,0.66,4.29,5.26,4.03,2017_18
1628400,Semi Ojeleye,Semi,1610612738,BOS,23.0,1,1,0,1.0,1.5666666666666669,0,0,0.0,0,0,0.0,0,0,0.0,0,0,0,0,0,0,0,0,0,0,0,-2,0.0,0,0,0.0,1,1,1,1,43,36,39,36,24,31,24,19,20,19,17,33,35,33,21,18,11,1,1,30,38,26,41,6,1,41,1,0.0,0.0,0.0,0.0,33,100.0,2,107.23,43,0.0,0.0,43,-50.0,39,33,3,2,42,50.0,1,0.0,1,107.23,50.0,0.0,0.0,0.0,-50.0,18,76.6,36,36,35,0.0,33,89.36,39,0.0,0.0,1,38,0.0,0.0,39,0.0,5,17,42,39,0.0,43,0.0,39,-100.0,43,,,0.0,,,,0.0,0.0,0.0,0.0,0.0,,,,,,,,0.0,0.0,0.0,,,,,0.0,,,,,,,0.0,,,,,,BOS,,,,,0.0,0.0,0.0,,,,,,0.0,2018,20180503,2.0,0.0,2.0,0.0,0.0,1.0,0.0,0.0,0.0,0.0,0.0,0.0,0.0,0.0,0.0,0.0,0.0,0.0,0.0,0.0,0.0,0.0,0.0,0.0,0.0,0.0,2.0,0.0,2.0,0.0,0.0,0.0,0.0,0.5,0.0,2.16,0.0,0.1,0.0,,,,,,,,,,,,,,,,,,,,,,,,,,,,,,,,,,,,,,,,,,,,,,,,,,,,,,,,,,,,,,,,,,,,,,,,,,,,,,,,,0.0,,,0.0,,0.0,,0.0,0.0,0.0,0.0,0.0,0.0,0.0,0.0,0.0,-0.159,16.0,0.659,0.5,8.0,F,0.291,0.0,,,,0.0,,,,PHI,BOS,1610612755,BOS_PHI_2018,41700212,,,,,,,,,,,,,,,,,,,,,,,,,,,,,,,,,,,,,,,,,,,,,,,,,,,,,,,,,,,,1610612738,BOS,2.0,0.0,0.0,0.0,0.0,0.0,0.0,0.0,0.0,0.0,0.0,0.0,0.0,0.0,0.0,0.0,0.0,0.0,1610612738,BOS,1.57,711.0,0.13,0.08,0.05,3.82,5.84,11.05,2017_18
201143,Al Horford,Al,1610612738,BOS,32.0,1,1,0,1.0,37.11333333333334,5,9,0.556,0,2,0.0,3,3,1.0,3,9,12,5,1,1,0,0,1,3,13,21,36.9,1,0,32.0,1,1,1,1,5,12,16,14,24,21,24,7,10,1,3,4,2,5,9,5,11,1,10,8,16,1,6,1,1,9,7,0.158,5.0,9.0,117.0,11,97.4,11,96.35,9,0.556,119.7,20,23.8,28,13,76,11,11,95.9,7,0.205,27,96.35,95.9,0.143,0.128,31.3,23.8,2,96.77,22,12,10,6.1,10,80.29,8,0.192,0.075,27,20,5.0,119.7,29,0.137,4,8,11,7,0.63,20,6.3,16,19.5,29,0.0,0.0,0.0,0.8,1.0,5.0,1.0,1.0,0.0,1.0,0.0,0.0,4.0,0.0,0.0,0.0,0.0,0.0,1.0,1.0,0.0,0.0,0.0,1.0,0.0,0.0,0.0,1.0,0.0,0.0,0.0,0.0,0.0,1.0,4.0,5.0,1.0,0.0,BOS,0.0,0.8,0.0,0.0,0.0,0.0,0.0,1.0,0.0,1.0,0.0,1.0,0.0,2018,20180503,63.0,0.079,50.0,0.0,13.0,14.0,0.079,0.0,5.0,0.0,1.0,2.0,8.0,0.375,0.0,0.125,1.0,0.125,0.667,2.0,3.0,3.0,2.0,6.0,1.0,0.75,76.0,0.667,50.0,4.0,13.0,4.0,1.25,1.05,0.0,2.07,3.0,2.6,0.171,0.632,3.0,3.0,1.0,6.0,0.583,2.0,0.444,0.643,7.4,8.9,7.0,0.75,2.0,5.0,4.0,0.5,0.0,14.0,0.0,0.706,0.5,5.0,19.0,0.222,0.5,0.0,0.0,1.0,0.5,BOS,2.0,,0.0,1.0,1.0,1610612738.0,2.0,0.222,0.5,4.0,0.444,1.0,0.333,3.0,0.75,1.0,0.0,3.0,0.0,0.75,0.111,3.0,0.111,0.0,1.0,0.0,0.0,1.0,0.0,0.0,,0.0,0.0,0.0,0.111,1.0,0.5,1.0,0.5,1.0,0.0,0.111,0.111,1.0,0.222,0.0,2.0,1.0,0.0,0.0,1.0,0.0,0.0,0.0,1.0,0.0,0.556,0.0,1.0,0.0,2.0,1.0,0.0,5.0,0.0,0.001,50.0,0.639,0.64,32.0,F-C,0.323,1.0,0.0,0.0,1.0,0.0,0.0,,,PHI,BOS,1610612755,BOS_PHI_2018,41700212,1.0,4.0,20.0,0.2,0.455,-0.255,0.4,2.0,8.0,0.25,0.37,-0.12,0.6,2.0,12.0,0.167,0.508,-0.341,0.2,0.0,4.0,0.0,0.59,-0.59,0.35,0.0,7.0,0.0,0.567,-0.567,0.6,3.0,12.0,0.25,0.402,-0.152,1610612738.0,BOS,17.0,11.0,6.0,4.0,0.0,4.0,9.0,1.0,1.0,2.0,0.5,0.5,2.0,6.0,8.0,5.0,4.0,0.25,0.75,0.833,0.667,1610612738,BOS,76.0,3.0,1.0,1.0,1.0,0.0,0.0,0.0,2.0,0.667,2.0,0.667,0.0,0.0,0.0,0.0,0.0,0.0,1610612738,BOS,37.12,13310.0,2.52,1.42,1.11,4.06,4.29,3.79,2017_18
203382,Aron Baynes,Aron,1610612738,BOS,31.0,1,1,0,1.0,21.186666666666667,2,6,0.333,1,3,0.333,0,0,0.0,1,3,4,0,1,0,0,0,1,1,5,-16,8.8,0,0,10.0,1,1,1,1,23,24,21,33,15,16,16,19,20,19,8,16,15,33,9,18,11,1,10,19,24,40,29,6,1,28,26,0.032,2.0,6.0,90.6,24,121.2,27,92.89,39,0.417,85.4,40,-39.0,22,33,41,27,40,124.4,26,0.12,36,92.89,124.4,0.093,0.163,0.0,-39.0,18,91.44,32,24,17,14.3,33,77.41,35,0.0,0.056,35,33,0.0,85.4,21,0.177,22,10,40,28,0.417,40,14.3,21,-30.6,41,0.0,0.0,0.0,0.5,2.0,2.0,0.0,1.0,0.0,1.0,0.0,0.5,1.0,0.5,0.0,1.0,1.0,0.0,0.0,0.0,0.0,2.0,0.0,0.0,,0.0,0.5,1.0,1.0,0.0,0.0,,0.0,0.0,1.0,2.0,2.0,0.0,BOS,0.0,0.5,0.0,0.0,0.0,1.0,0.0,0.0,,0.0,0.0,0.0,0.0,2018,20180503,22.0,0.0,24.0,0.0,0.0,1.0,0.0,0.0,0.0,0.0,0.0,0.0,0.0,0.0,0.0,0.0,0.0,0.0,0.0,0.0,0.0,0.0,0.0,0.0,0.0,0.0,29.0,0.0,23.0,0.0,5.0,2.0,1.0,0.48,0.0,1.52,0.0,0.7,0.172,0.444,0.0,17.9,0.0,1.0,0.25,2.0,0.333,0.375,7.8,4.4,1.0,0.5,2.0,3.0,1.0,1.0,0.0,8.0,1.0,0.571,1.0,2.0,9.0,,,,,,,,,,,,,,,,,2.0,0.333,0.5,0.333,2.0,0.5,0.0,,1.0,0.0,0.5,0.0,1.0,0.333,2.0,2.0,0.0,0.75,0.0,0.333,0.5,0.5,,1.0,1.0,0.0,1.0,0.0,1.0,0.0,0.0,0.0,0.167,0.167,0.0,0.333,0.0,2.0,0.0,0.0,0.0,0.0,,0.0,,0.0,,0.417,0.25,0.0,0.0,0.0,0.5,0.0,2.0,3.0,0.003,39.0,0.638,0.641,25.0,C,0.382,4.0,1.0,0.375,3.0,1.0,0.333,,,PHI,BOS,1610612755,BOS_PHI_2018,41700212,1.0,8.0,18.0,0.444,0.476,-0.031,0.222,1.0,4.0,0.25,0.354,-0.104,0.778,7.0,14.0,0.5,0.519,-0.019,0.444,4.0,8.0,0.5,0.624,-0.124,0.556,5.0,10.0,0.5,0.573,-0.073,0.333,2.0,6.0,0.333,0.386,-0.052,1610612738.0,BOS,12.0,9.0,3.0,0.0,1.0,2.0,5.0,0.0,0.0,0.0,0.0,0.0,0.0,1.0,1.0,1.0,0.0,0.0,1.0,1.0,0.0,1610612738,BOS,29.0,0.0,0.0,0.0,0.0,0.0,0.0,0.0,0.0,0.0,0.0,0.0,0.0,0.0,0.0,0.0,0.0,0.0,1610612738,BOS,21.18,7123.0,1.35,0.69,0.66,3.69,3.86,4.1,2017_18
202328,Greg Monroe,Greg,1610612738,BOS,28.0,1,1,0,1.0,6.25,2,4,0.5,0,0,0.0,0,0,0.0,0,1,1,0,0,1,0,1,1,1,4,2,8.2,0,0,7.0,1,1,1,1,37,24,27,18,24,31,24,19,20,19,17,26,26,33,21,5,11,34,10,19,29,18,32,6,1,32,5,0.125,2.0,4.0,107.5,12,94.9,1,111.36,12,0.5,114.3,28,21.0,9,33,14,1,13,93.3,5,0.2,1,111.36,93.3,0.083,0.25,0.0,21.0,18,113.82,24,24,19,0.0,33,92.8,11,0.0,0.0,1,27,0.0,114.3,10,0.252,2,17,13,1,0.5,28,0.0,27,12.7,32,,0.0,0.0,0.667,0.0,3.0,1.0,0.0,0.0,0.0,0.0,0.0,2.0,0.0,,0.0,0.0,,0.0,0.0,0.0,0.0,0.0,0.0,0.0,0.0,0.0,,0.0,,,0.0,0.0,0.0,2.0,3.0,0.0,0.0,BOS,0.0,0.667,,,0.0,0.0,0.0,1.0,0.0,0.0,,0.0,0.0,2018,20180503,6.0,0.0,10.0,0.0,0.0,1.0,0.0,0.0,0.0,0.0,0.0,0.0,2.0,0.0,0.0,0.0,0.0,0.0,1.0,1.0,0.0,1.0,0.0,2.0,0.0,1.0,12.0,0.0,9.0,2.0,4.0,2.0,1.0,1.33,1.0,2.72,2.0,0.5,0.333,0.5,0.0,0.0,0.0,1.0,0.0,0.0,0.0,1.0,6.1,6.1,0.0,1.0,0.0,1.0,0.0,0.0,0.0,1.0,0.0,0.5,0.0,1.0,2.0,0.333,1.0,0.0,0.0,1.0,1.0,BOS,1.0,,0.0,1.0,1.0,1610612738.0,1.0,0.333,1.0,1.0,0.333,0.0,0.333,1.0,0.0,0.0,,0.0,0.0,0.0,0.0,0.0,0.333,0.0,1.0,1.0,1.0,1.0,0.0,1.0,,1.0,1.0,0.0,0.333,,,,,,,,,,,,,,,0.0,,,0.0,,0.0,,0.5,0.0,0.0,0.5,0.0,0.5,2.0,2.0,0.0,0.358,4.0,0.642,1.0,4.0,C-F,0.19,0.0,,,,0.0,,,,PHI,BOS,1610612755,BOS_PHI_2018,41700212,1.0,1.0,3.0,0.333,0.445,-0.112,1.0,1.0,3.0,0.333,0.356,-0.023,,,,,,,,,,,,,,,,,,,1.0,1.0,3.0,0.333,0.367,-0.034,1610612738.0,BOS,1.0,0.0,1.0,1.0,0.0,1.0,2.0,1.0,0.0,1.0,1.0,0.0,0.0,1.0,1.0,0.0,0.0,0.0,1.0,0.0,0.0,1610612738,BOS,12.0,2.0,0.0,1.0,0.0,0.0,0.0,0.0,0.0,0.0,1.0,0.5,0.0,0.0,0.0,0.0,0.0,0.0,1610612738,BOS,6.25,2340.0,0.44,0.22,0.22,3.84,3.76,3.93,2017_18
1627759,Jaylen Brown,Jaylen,1610612738,BOS,21.0,1,1,0,1.0,24.683333333333334,5,12,0.417,2,5,0.4,1,2,0.5,0,4,4,1,1,1,0,2,2,2,13,9,21.3,0,0,22.0,1,1,1,1,19,12,11,27,8,11,14,17,13,15,17,13,15,24,9,5,11,42,26,12,16,8,17,6,1,15,13,0.072,5.0,12.0,118.7,21,107.9,5,98.2,14,0.5,119.6,21,15.6,10,29,51,5,15,104.0,13,0.143,29,98.2,104.0,0.075,0.246,6.7,15.6,13,96.84,24,12,22,6.7,32,81.84,24,0.059,0.0,29,25,1.0,119.6,9,0.255,11,17,15,4,0.505,21,6.7,11,10.8,27,0.0,0.0,0.0,0.429,2.0,7.0,0.0,0.0,0.0,3.0,0.0,1.0,3.0,1.0,0.0,2.0,2.0,0.0,0.0,0.0,0.0,2.0,0.0,0.0,0.0,0.0,0.667,0.0,2.0,0.0,0.0,0.0,0.0,0.0,3.0,7.0,3.0,0.0,BOS,0.0,0.429,0.0,0.0,0.0,2.0,0.0,0.0,0.0,0.0,0.0,0.0,0.0,2018,20180503,22.0,0.045,24.0,0.0,2.0,2.0,0.045,0.0,1.0,0.0,0.0,0.0,4.0,0.25,0.0,0.25,0.0,0.0,0.0,0.0,1.0,2.0,0.0,0.0,1.0,0.0,37.0,0.0,23.0,0.0,13.0,3.0,1.0,1.24,0.0,1.96,0.0,1.2,0.351,0.571,0.0,0.0,0.0,2.0,0.25,0.0,0.25,0.8,9.1,9.1,1.0,0.8,0.0,3.0,1.0,0.0,0.0,5.0,0.0,0.571,0.0,3.0,7.0,0.1,0.0,0.0,0.0,0.0,0.0,BOS,1.0,,0.0,0.0,1.0,1610612738.0,1.0,0.1,0.0,3.0,0.3,1.0,0.2,2.0,0.667,1.0,0.0,2.0,0.0,0.667,0.1,2.0,0.4,4.0,4.0,0.0,0.75,0.0,0.4,0.5,0.5,,2.0,2.0,0.0,2.0,0.5,0.0,0.5,1.0,0.0,0.2,0.0,1.0,0.2,,2.0,0.5,0.0,0.0,1.0,0.0,0.0,0.0,1.0,0.0,0.5,0.4,0.0,0.0,0.0,0.5,0.0,3.0,6.0,-0.049,19.0,0.628,0.579,11.0,G-F,0.253,5.0,2.0,0.6,4.0,2.0,0.5,,,PHI,BOS,1610612755,BOS_PHI_2018,41700212,1.0,3.0,7.0,0.429,0.441,-0.012,0.429,1.0,3.0,0.333,0.385,-0.052,0.571,2.0,4.0,0.5,0.505,-0.005,0.286,1.0,2.0,0.5,0.61,-0.11,0.286,1.0,2.0,0.5,0.574,-0.074,0.714,2.0,5.0,0.4,0.378,0.022,1610612738.0,BOS,1.0,0.0,1.0,1.0,0.0,0.0,0.0,1.0,1.0,2.0,0.5,0.5,0.0,3.0,3.0,3.0,1.0,0.0,1.0,1.0,0.333,1610612738,BOS,37.0,0.0,0.0,0.0,0.0,0.0,0.0,0.0,0.0,0.0,0.0,0.0,0.0,0.0,0.0,0.0,0.0,0.0,1610612738,BOS,24.68,9579.0,1.81,1.02,0.8,4.4,4.61,4.16,2017_18
1628369,Jayson Tatum,Jayson,1610612738,BOS,20.0,1,1,0,1.0,33.333333333333336,7,14,0.5,2,4,0.5,5,6,0.833,0,2,2,2,2,1,1,1,2,3,21,-7,30.4,0,0,31.0,1,1,1,1,14,8,8,18,8,13,8,2,3,11,17,20,22,16,4,5,3,34,26,8,6,30,11,6,1,11,15,0.118,7.0,14.0,98.4,32,108.8,22,93.6,29,0.571,97.0,38,-14.0,8,16,66,22,28,110.9,15,0.049,31,93.6,110.9,0.027,0.268,9.5,-14.0,13,93.83,20,8,32,9.7,30,78.0,13,0.143,0.0,31,19,1.0,97.0,8,0.278,12,17,28,22,0.631,38,9.5,8,-10.4,38,0.0,0.0,1.0,0.571,1.0,7.0,1.0,2.0,2.0,3.0,0.5,0.0,4.0,0.0,0.0,0.0,0.0,0.0,0.0,0.0,0.667,0.0,0.0,1.0,0.0,0.0,0.5,2.0,1.0,0.0,0.5,0.0,0.5,0.0,4.0,7.0,2.0,0.0,BOS,0.0,0.571,1.0,0.0,0.0,2.0,0.0,1.0,0.0,0.0,0.0,0.0,1.0,2018,20180503,27.0,0.074,30.0,0.0,6.0,2.0,0.111,1.0,3.0,0.077,0.0,0.0,13.0,0.385,1.0,0.077,0.0,0.0,0.333,2.0,5.0,6.0,0.0,4.0,1.0,0.308,47.0,0.0,29.0,0.0,21.0,2.0,1.0,1.89,0.0,2.89,1.0,2.3,0.447,0.2,0.0,0.0,0.0,4.0,0.0,1.0,0.0,0.286,11.9,11.9,0.0,0.333,1.0,2.0,0.0,0.0,0.0,7.0,0.0,0.222,0.0,2.0,10.0,0.077,0.0,0.0,0.0,0.0,0.0,BOS,1.0,,0.0,0.0,1.0,1610612738.0,1.0,0.077,0.0,6.0,0.462,0.5,0.462,6.0,0.5,0.0,,3.0,0.0,0.5,0.0,3.0,0.385,3.0,5.0,2.0,1.0,2.0,0.231,0.8,0.667,1.0,4.0,2.0,0.154,0.0,0.0,1.0,0.0,0.0,0.0,0.0,0.077,0.0,0.077,0.0,1.0,,1.0,2.0,2.0,0.5,5.0,0.667,3.0,0.833,0.571,0.333,0.0,0.0,0.0,1.0,0.0,2.0,3.0,0.108,25.0,0.612,0.72,18.0,F,0.333,3.0,1.0,0.5,2.0,1.0,0.5,,,PHI,BOS,1610612755,BOS_PHI_2018,41700212,1.0,1.0,8.0,0.125,0.449,-0.324,0.375,0.0,3.0,0.0,0.375,-0.375,0.625,1.0,5.0,0.2,0.507,-0.307,0.625,1.0,5.0,0.2,0.598,-0.398,0.625,1.0,5.0,0.2,0.565,-0.365,0.375,0.0,3.0,0.0,0.388,-0.388,1610612738.0,BOS,5.0,1.0,4.0,1.0,0.0,0.0,0.0,0.0,1.0,1.0,0.0,1.0,0.0,6.0,6.0,4.0,1.0,0.0,1.0,1.0,0.25,1610612738,BOS,47.0,1.0,0.0,0.0,0.0,0.0,0.0,0.0,0.0,0.0,0.0,0.0,0.0,0.0,0.0,0.0,0.0,0.0,1610612738,BOS,33.33,12300.0,2.33,1.3,1.03,4.16,4.37,3.9,2017_18
1626179,Terry Rozier,Terry,1610612738,BOS,24.0,1,1,0,1.0,38.06666666666667,6,15,0.4,4,9,0.444,4,4,1.0,0,7,7,9,0,1,1,0,1,5,20,17,47.9,0,0,44.0,1,1,1,1,4,10,6,28,2,2,13,3,7,1,17,5,8,2,21,5,3,1,10,4,8,6,4,6,1,4,8,0.177,6.0,15.0,119.7,20,100.2,17,94.57,10,0.533,121.3,17,22.7,16,4,75,17,12,98.7,8,0.152,1,94.57,98.7,0.085,0.205,34.6,22.7,18,94.5,23,10,18,0.0,8,78.81,6,0.346,0.0,1,23,0.0,121.3,17,0.209,7,17,12,19,0.597,17,0.0,6,19.5,25,0.0,1.0,0.0,0.667,2.0,3.0,2.0,1.0,3.0,7.0,0.0,0.5,2.0,0.0,0.0,0.0,1.0,0.0,0.0,0.0,0.429,1.0,1.0,1.0,0.0,0.0,0.667,1.0,2.0,0.0,0.0,0.0,0.333,0.0,2.0,3.0,3.0,0.0,BOS,0.0,0.667,0.0,0.0,0.0,6.0,0.0,2.0,0.0,0.0,0.0,0.0,2.0,2018,20180503,69.0,0.13,74.0,1.0,23.0,12.0,0.159,1.0,11.0,0.0,1.0,2.0,12.0,0.333,0.0,0.167,1.0,0.083,0.333,1.0,4.0,3.0,2.0,4.0,2.0,0.333,92.0,0.0,40.0,0.0,20.0,0.0,0.0,3.83,0.0,4.5,0.0,6.9,0.217,0.583,0.0,0.0,0.0,0.0,0.0,0.0,0.0,0.583,9.3,9.3,0.0,0.583,0.0,7.0,0.0,0.0,0.0,12.0,0.0,0.583,0.0,7.0,12.0,0.067,1.0,0.0,0.0,1.0,1.0,BOS,1.0,,0.0,1.0,1.0,1610612738.0,1.0,0.067,1.0,4.0,0.267,0.0,0.2,3.0,0.0,1.0,0.0,0.0,0.0,0.0,0.067,0.0,0.4,4.0,6.0,1.0,0.917,2.0,0.267,0.667,0.75,0.5,4.0,3.0,0.133,0.0,0.25,4.0,0.375,0.0,1.0,0.0,0.267,1.0,0.267,0.25,4.0,,1.0,1.0,3.0,0.333,3.0,0.2,5.0,0.3,0.533,0.5,0.0,0.0,0.0,0.0,0.0,0.0,9.0,0.042,54.0,0.624,0.667,36.0,G,0.478,5.0,2.0,0.6,5.0,2.0,0.4,,,PHI,BOS,1610612755,BOS_PHI_2018,41700212,1.0,7.0,16.0,0.438,0.436,0.002,0.438,4.0,7.0,0.571,0.367,0.205,0.563,3.0,9.0,0.333,0.499,-0.165,0.5,3.0,8.0,0.375,0.59,-0.215,0.563,3.0,9.0,0.333,0.554,-0.22,0.438,4.0,7.0,0.571,0.385,0.186,1610612738.0,BOS,2.0,1.0,1.0,0.0,0.0,0.0,0.0,0.0,3.0,3.0,0.0,1.0,0.0,1.0,1.0,0.0,0.0,0.0,1.0,0.0,0.0,1610612738,BOS,92.0,0.0,0.0,0.0,0.0,0.0,0.0,0.0,0.0,0.0,0.0,0.0,0.0,0.0,0.0,0.0,0.0,0.0,1610612738,BOS,38.07,15191.0,2.88,1.66,1.22,4.59,5.11,3.99,2017_18
203499,Shane Larkin,Shane,1610612738,BOS,25.0,1,1,0,1.0,9.933333333333334,1,1,1.0,0,0,0.0,0,0,0.0,0,0,0,0,1,0,0,0,1,0,2,-12,1.0,0,0,2.0,1,1,1,1,35,31,36,1,24,31,24,19,20,19,17,33,35,33,9,18,11,1,10,30,32,37,40,6,1,39,40,0.0,1.0,1.0,82.8,33,142.7,8,96.64,42,1.0,85.0,41,-60.0,35,33,20,8,43,145.0,40,0.0,42,96.64,145.0,0.0,0.087,0.0,-60.0,18,98.67,1,31,35,50.0,33,80.54,39,0.0,0.0,42,2,0.0,85.0,35,0.093,39,17,43,3,1.0,41,50.0,36,-59.9,42,0.0,,0.0,1.0,,1.0,0.0,0.0,0.0,0.0,0.0,,1.0,,0.0,,,0.0,0.0,0.0,0.0,,,,,0.0,0.0,0.0,0.0,0.0,0.0,,0.0,0.0,1.0,1.0,0.0,0.0,BOS,0.0,1.0,0.0,0.0,0.0,0.0,0.0,0.0,,0.0,0.0,0.0,0.0,2018,20180503,7.0,0.0,5.0,0.0,0.0,0.0,0.0,0.0,0.0,0.333,0.0,0.0,3.0,0.0,1.0,0.0,0.0,0.0,1.0,1.0,0.0,1.0,0.0,2.0,0.0,0.667,10.0,0.0,2.0,0.0,2.0,0.0,0.0,5.0,0.0,5.12,0.0,0.9,0.2,,,,,,,,,,,,,,,,,,,,,,,,,,,,,,,,,,,,,,,,,1.0,1.0,1.0,1.0,1.0,1.0,0.0,,1.0,0.0,1.0,0.0,1.0,,,,,,,,,,,,,,,,,,,,,,,,,,,,0.0,,,0.0,,0.0,,1.0,0.0,0.0,0.0,0.0,0.0,0.0,0.0,0.0,0.091,14.0,0.624,0.714,10.0,G,0.269,0.0,,,,0.0,,,,PHI,BOS,1610612755,BOS_PHI_2018,41700212,1.0,1.0,3.0,0.333,0.472,-0.139,,,,,,,1.0,1.0,3.0,0.333,0.517,-0.184,0.667,1.0,2.0,0.5,0.601,-0.101,0.667,1.0,2.0,0.5,0.565,-0.065,0.333,0.0,1.0,0.0,0.441,-0.441,1610612738.0,BOS,2.0,2.0,0.0,0.0,0.0,0.0,0.0,0.0,0.0,0.0,0.0,0.0,0.0,0.0,0.0,0.0,0.0,0.0,0.0,0.0,0.0,1610612738,BOS,10.0,0.0,0.0,0.0,0.0,0.0,0.0,0.0,0.0,0.0,0.0,0.0,0.0,0.0,0.0,0.0,0.0,0.0,1610612738,BOS,9.93,4100.0,0.78,0.43,0.35,4.84,4.57,3.86,2017_18
203935,Marcus Smart,Marcus,1610612738,BOS,24.0,1,1,0,1.0,39.48333333333333,6,13,0.462,4,10,0.4,3,5,0.6,0,5,5,3,3,2,1,0,4,4,19,9,35.5,0,0,37.0,1,1,1,1,3,10,9,25,2,1,14,7,5,14,17,9,13,10,3,1,3,1,37,5,10,8,7,6,1,6,14,0.081,6.0,13.0,116.5,25,109.2,12,96.04,16,0.615,119.0,23,11.4,18,19,79,12,16,107.6,14,0.116,35,96.04,107.6,0.061,0.2,14.3,11.4,13,96.36,19,10,25,14.2,20,80.03,19,0.115,0.0,35,21,1.0,119.0,16,0.212,13,17,16,9,0.625,23,14.3,9,7.3,30,0.0,0.0,2.0,0.0,2.0,1.0,0.0,2.0,3.0,7.0,1.0,0.5,0.0,0.5,1.0,1.0,1.0,0.0,0.0,0.0,0.429,2.0,0.0,0.0,0.0,0.0,0.75,1.0,3.0,0.0,1.0,0.0,0.5,2.0,0.0,1.0,4.0,0.0,BOS,0.0,0.0,1.0,0.0,0.0,4.0,0.0,0.0,0.0,0.0,1.0,0.0,2.0,2018,20180503,60.0,0.05,59.0,0.0,8.0,5.0,0.05,0.0,3.0,0.0,0.0,0.0,8.0,0.875,0.0,0.0,0.0,0.0,0.0,0.0,7.0,1.0,0.0,0.0,0.0,0.0,80.0,0.0,42.0,0.0,19.0,0.0,0.0,2.95,0.0,3.93,2.0,5.2,0.238,0.556,0.0,0.0,0.0,3.0,0.4,0.0,0.4,0.833,7.6,7.6,2.0,0.833,0.0,3.0,2.0,0.0,0.0,6.0,0.0,0.556,0.0,3.0,9.0,0.077,0.0,0.0,0.0,0.0,0.0,BOS,1.0,,0.0,0.0,1.0,1610612738.0,1.0,0.077,0.0,3.0,0.231,1.0,0.077,1.0,0.833,2.0,0.5,2.0,1.0,0.667,0.154,1.0,0.308,4.0,4.0,0.0,0.375,0.0,0.308,0.25,0.25,,1.0,1.0,0.0,1.0,0.6,4.0,0.8,1.0,2.0,0.077,0.308,3.0,0.385,0.5,5.0,1.0,0.0,2.0,1.0,0.0,4.0,0.667,3.0,0.667,0.615,0.5,0.0,0.0,0.0,0.0,0.0,0.0,12.0,0.33,17.0,0.611,0.941,16.0,G,0.321,8.0,4.0,0.75,8.0,4.0,0.5,,,PHI,BOS,1610612755,BOS_PHI_2018,41700212,1.0,12.0,16.0,0.75,0.457,0.293,0.25,3.0,4.0,0.75,0.407,0.343,0.75,9.0,12.0,0.75,0.507,0.243,0.313,5.0,5.0,1.0,0.603,0.397,0.313,5.0,5.0,1.0,0.566,0.434,0.563,6.0,9.0,0.667,0.431,0.236,1610612738.0,BOS,9.0,7.0,2.0,3.0,1.0,0.0,0.0,0.0,1.0,1.0,0.0,1.0,0.0,3.0,3.0,3.0,0.0,0.0,1.0,1.0,0.0,1610612738,BOS,80.0,2.0,0.0,1.0,0.0,0.0,0.0,0.0,0.0,0.0,0.0,0.0,0.0,0.0,0.0,0.0,0.0,0.0,1610612738,BOS,39.48,14750.0,2.79,1.45,1.35,4.27,4.14,4.08,2017_18
202694,Marcus Morris Sr.,Marcus,1610612738,BOS,28.0,1,1,0,1.0,28.383333333333333,3,8,0.375,2,3,0.667,3,4,0.75,1,5,6,3,0,0,0,0,3,2,11,4,22.7,0,0,22.0,1,1,1,1,16,21,17,31,8,16,2,7,7,13,8,9,9,10,21,18,11,1,32,12,19,12,14,6,1,15,25,0.078,3.0,8.0,129.6,19,122.6,26,93.01,17,0.5,126.8,13,2.7,23,15,56,26,20,124.1,25,0.156,1,93.01,124.1,0.105,0.159,23.1,2.7,18,92.54,24,21,14,0.0,13,77.51,21,0.15,0.04,1,24,0.0,126.8,22,0.169,24,11,20,25,0.564,13,0.0,17,6.9,11,0.0,0.0,1.0,0.0,0.0,0.0,0.0,5.0,2.0,3.0,0.2,0.0,0.0,0.0,0.0,0.0,0.0,0.0,0.0,0.0,0.667,0.0,0.0,0.0,0.0,1.0,0.0,2.0,0.0,0.0,0.0,0.0,1.0,1.0,0.0,0.0,0.0,0.0,BOS,0.0,0.0,0.0,0.0,2.0,2.0,0.5,1.0,0.0,0.0,0.0,0.0,2.0,2018,20180503,21.0,0.143,21.0,0.0,7.0,3.0,0.143,0.0,3.0,0.0,2.0,3.0,3.0,0.0,0.0,0.0,0.75,0.667,1.0,1.0,0.0,1.0,4.0,5.0,0.0,1.667,33.0,0.0,19.0,1.0,11.0,1.0,1.0,2.0,1.0,2.73,2.0,1.5,0.333,0.5,0.0,13.2,0.0,3.0,0.333,0.0,0.4,0.5,6.0,4.5,2.0,0.5,0.0,4.0,2.0,0.333,0.0,10.0,1.0,0.5,0.333,3.0,12.0,,,,,,,,,,,,,,,,,5.0,0.625,0.333,0.375,3.0,0.5,2.0,0.5,2.0,1.0,0.4,0.25,1.0,0.375,1.0,3.0,0.0,0.5,2.0,0.125,0.333,1.0,0.0,1.0,1.0,0.25,,,,,,,,,,,,,,1.0,2.0,2.0,0.5,5.0,0.286,7.0,0.357,0.5,1.0,0.0,0.0,0.0,0.0,1.0,1.0,3.0,-0.078,29.0,0.629,0.552,16.0,F,0.382,1.0,1.0,1.5,1.0,1.0,1.0,,,PHI,BOS,1610612755,BOS_PHI_2018,41700212,1.0,8.0,19.0,0.421,0.457,-0.036,0.368,3.0,7.0,0.429,0.373,0.055,0.632,5.0,12.0,0.417,0.513,-0.096,0.579,5.0,11.0,0.455,0.611,-0.157,0.579,5.0,11.0,0.455,0.568,-0.114,0.368,3.0,7.0,0.429,0.383,0.045,1610612738.0,BOS,7.0,4.0,3.0,0.0,0.0,1.0,2.0,1.0,0.0,1.0,1.0,0.0,1.0,5.0,6.0,2.0,1.0,0.167,0.833,1.0,0.5,1610612738,BOS,33.0,2.0,0.0,1.0,0.0,0.0,0.0,0.0,0.0,0.0,1.0,0.5,0.0,0.0,0.0,0.0,0.0,0.0,1610612738,BOS,28.38,9819.0,1.86,1.07,0.79,4.03,4.42,3.59,2017_18
