PLAYER_ID,PLAYER_NAME,NICKNAME,TEAM_ID,TEAM_ABBREVIATION,AGE,GP,W,L,W_PCT,MIN,FGM,FGA,FG_PCT,FG3M,FG3A,FG3_PCT,FTM,FTA,FT_PCT,OREB,DREB,REB,AST,TOV,STL,BLK,BLKA,PF,PFD,PTS,PLUS_MINUS,NBA_FANTASY_PTS,DD2,TD3,WNBA_FANTASY_PTS,GP_RANK,W_RANK,L_RANK,W_PCT_RANK,MIN_RANK,FGM_RANK,FGA_RANK,FG_PCT_RANK,FG3M_RANK,FG3A_RANK,FG3_PCT_RANK,FTM_RANK,FTA_RANK,FT_PCT_RANK,OREB_RANK,DREB_RANK,REB_RANK,AST_RANK,TOV_RANK,STL_RANK,BLK_RANK,BLKA_RANK,PF_RANK,PFD_RANK,PTS_RANK,PLUS_MINUS_RANK,NBA_FANTASY_PTS_RANK,DD2_RANK,TD3_RANK,WNBA_FANTASY_PTS_RANK,DEF_RATING_RANK,PIE,FGM_PG,FGA_PG,E_OFF_RATING,DREB_PCT_RANK,E_DEF_RATING,PACE_RANK,PACE,E_NET_RATING_RANK,EFG_PCT,sp_work_OFF_RATING,OFF_RATING_RANK,sp_work_NET_RATING,USG_PCT_RANK,AST_PCT_RANK,POSS,sp_work_PACE_RANK,sp_work_NET_RATING_RANK,DEF_RATING,sp_work_DEF_RATING_RANK,DREB_PCT,E_TOV_PCT_RANK,sp_work_PACE,sp_work_DEF_RATING,REB_PCT,USG_PCT,AST_RATIO,NET_RATING,AST_TO_RANK,E_PACE,EFG_PCT_RANK,FGM_PG_RANK,REB_PCT_RANK,E_TOV_PCT,AST_RATIO_RANK,PACE_PER40,PIE_RANK,AST_PCT,OREB_PCT,TM_TOV_PCT_RANK,TS_PCT_RANK,AST_TO,OFF_RATING,E_USG_PCT_RANK,E_USG_PCT,E_DEF_RATING_RANK,OREB_PCT_RANK,NET_RATING_RANK,E_PACE_RANK,TS_PCT,sp_work_OFF_RATING_RANK,TM_TOV_PCT,FGA_PG_RANK,E_NET_RATING,E_OFF_RATING_RANK,BACKCOURT_FG_PCT,LEFT_CORNER_3_FG_PCT,MID_FGM,RA_FG_PCT,CORNER_3_FGA,RA_FGA,ITP_FGA,MID_FGA,ABOVE_BREAK_3_FGM,ABOVE_BREAK_3_FGA,MID_FG_PCT,CORNER_3_FG_PCT,RA_FGM,RIGHT_CORNER_3_FG_PCT,BACKCOURT_FGA,RIGHT_CORNER_3_FGM,CORNER_3_FGM,BACKCOURT_FGM,ITP_FG_PCT,ITP_FGM,ABOVE_BREAK_3_FG_PCT,RIGHT_CORNER_3_FGA,LEFT_CORNER_3_FGM,LEFT_CORNER_3_FGA,FGM_35_39,FGM_10_14,FGP_20_24,FGA_15_19,FGM_20_24,FGM_40_PLUS,FGP_15_19,FGP_35_39,FGP_25_29,FGA_30_34,FGM_LT_5,FGA_LT_5,FGA_20_24,FGP_30_34,TEAM_ABBR,FGM_30_34,FGP_LT_5,FGM_15_19,FGP_40_PLUS,FGA_10_14,FGA_25_29,FGP_10_14,FGA_5_9,FGA_35_39,FGP_5_9,FGA_40_PLUS,FGM_5_9,FGM_25_29,year,date,PASSES_MADE,AST_TO_PASS_PCT,PASSES_RECEIVED,FT_AST,AST_PTS_CREATED,POTENTIAL_AST,AST_TO_PASS_PCT_ADJ,SECONDARY_AST,AST_ADJ,DRIVE_TOV_PCT,DRIVE_PF,DRIVE_FTM,DRIVES,DRIVE_PASSES_PCT,DRIVE_TOV,DRIVE_AST_PCT,DRIVE_FT_PCT,DRIVE_PF_PCT,DRIVE_FG_PCT,DRIVE_FGM,DRIVE_PASSES,DRIVE_FGA,DRIVE_FTA,DRIVE_PTS,DRIVE_AST,DRIVE_PTS_PCT,TOUCHES,PTS_PER_POST_TOUCH,FRONT_CT_TOUCHES,ELBOW_TOUCHES,POINTS,PAINT_TOUCHES,PTS_PER_PAINT_TOUCH,AVG_DRIB_PER_TOUCH,PTS_PER_ELBOW_TOUCH,AVG_SEC_PER_TOUCH,POST_TOUCHES,TIME_OF_POSS,PTS_PER_TOUCH,REB_CHANCE_PCT,OREB_CONTEST,AVG_OREB_DIST,OREB_CONTEST_PCT,OREB_CHANCES,REB_CONTEST_PCT,REB_CHANCE_DEFER,DREB_CONTEST_PCT,DREB_CHANCE_PCT,AVG_REB_DIST,AVG_DREB_DIST,REB_CONTEST,DREB_CHANCE_PCT_ADJ,DREB_CHANCE_DEFER,REB_UNCONTEST,DREB_CONTEST,OREB_CHANCE_PCT,OREB_CHANCE_DEFER,DREB_CHANCES,OREB_UNCONTEST,REB_CHANCE_PCT_ADJ,OREB_CHANCE_PCT_ADJ,DREB_UNCONTEST,REB_CHANCES,very_tight_FG2A_FREQUENCY,very_tight_EFG_PCT,very_tight_FG3A_FREQUENCY,very_tight_FG3A,very_tight_FGM,very_tight_FG2_PCT,PLAYER_LAST_TEAM_ABBREVIATION,very_tight_FGA,very_tight_FG3_PCT,very_tight_FG3M,very_tight_FG2M,G,PLAYER_LAST_TEAM_ID,very_tight_FG2A,very_tight_FGA_FREQUENCY,very_tight_FG_PCT,tight_FGA,tight_FGA_FREQUENCY,tight_FG2_PCT,tight_FG2A_FREQUENCY,tight_FG2A,tight_EFG_PCT,tight_FG3A,tight_FG3_PCT,tight_FGM,tight_FG3M,tight_FG_PCT,tight_FG3A_FREQUENCY,tight_FG2M,open_FGA_FREQUENCY,open_FG3A,open_FGA,open_FG2M,open_EFG_PCT,open_FG2A,open_FG3A_FREQUENCY,open_FG_PCT,open_FG3_PCT,open_FG2_PCT,open_FGM,open_FG3M,open_FG2A_FREQUENCY,wide_open_FG2A,wide_open_FG_PCT,wide_open_FG3A,wide_open_EFG_PCT,wide_open_FG2M,wide_open_FG3M,wide_open_FG2A_FREQUENCY,wide_open_FG3A_FREQUENCY,wide_open_FGM,wide_open_FGA_FREQUENCY,wide_open_FG3_PCT,wide_open_FGA,wide_open_FG2_PCT,PULL_UP_FG3M,PULL_UP_FGM,PULL_UP_FG3A,PULL_UP_FG3_PCT,PULL_UP_PTS,PULL_UP_FG_PCT,PULL_UP_FGA,PULL_UP_EFG_PCT,EFF_FG_PCT,CATCH_SHOOT_FG_PCT,POST_TOUCH_FG_PCT,ELBOW_TOUCH_FG_PCT,POST_TOUCH_PTS,PAINT_TOUCH_FG_PCT,ELBOW_TOUCH_PTS,PAINT_TOUCH_PTS,CATCH_SHOOT_PTS,PLUSMINUS,FGA_LT_06,NS_LT_06_PCT,LT_06_PCT,FGM_LT_06,PLAYER_POSITION,FREQ,CATCH_SHOOT_FGA,CATCH_SHOOT_FG3M,CATCH_SHOOT_EFG_PCT,CATCH_SHOOT_FG3A,CATCH_SHOOT_FGM,CATCH_SHOOT_FG3_PCT,HTM,VTM,opp_team,team,opp_id,series_key,GAME_ID,overall_def_FREQ,overall_def_D_FGM,overall_def_D_FGA,overall_def_D_FG_PCT,overall_def_NORMAL_FG_PCT,overall_def_PCT_PLUSMINUS,three_pt_def_FREQ,three_pt_def_FG3M,three_pt_def_FG3A,three_pt_def_FG3_PCT,three_pt_def_NS_FG3_PCT,three_pt_def_PLUSMINUS,two_pt_def_FREQ,two_pt_def_FG2M,two_pt_def_FG2A,two_pt_def_FG2_PCT,two_pt_def_NS_FG2_PCT,two_pt_def_PLUSMINUS,less_6ft_def_FREQ,less_6ft_def_FGM_LT_06,less_6ft_def_FGA_LT_06,less_6ft_def_LT_06_PCT,less_6ft_def_NS_LT_06_PCT,less_6ft_def_PLUSMINUS,less_10ft_def_FREQ,less_10ft_def_FGM_LT_10,less_10ft_def_FGA_LT_10,less_10ft_def_LT_10_PCT,less_10ft_def_NS_LT_10_PCT,less_10ft_def_PLUSMINUS,more_15ft_def_FREQ,more_15ft_def_FGM_GT_15,more_15ft_def_FGA_GT_15,more_15ft_def_GT_15_PCT,more_15ft_def_NS_GT_15_PCT,more_15ft_def_PLUSMINUS,hustle_TEAM_ID,hustle_TEAM_ABBREVIATION,hustle_CONTESTED_SHOTS,hustle_CONTESTED_SHOTS_2PT,hustle_CONTESTED_SHOTS_3PT,hustle_DEFLECTIONS,hustle_CHARGES_DRAWN,hustle_SCREEN_ASSISTS,hustle_SCREEN_AST_PTS,hustle_OFF_LOOSE_BALLS_RECOVERED,hustle_DEF_LOOSE_BALLS_RECOVERED,hustle_LOOSE_BALLS_RECOVERED,hustle_PCT_LOOSE_BALLS_RECOVERED_OFF,hustle_PCT_LOOSE_BALLS_RECOVERED_DEF,hustle_OFF_BOXOUTS,hustle_DEF_BOXOUTS,hustle_BOX_OUTS,hustle_BOX_OUT_PLAYER_TEAM_REBS,hustle_BOX_OUT_PLAYER_REBS,hustle_PCT_BOX_OUTS_OFF,hustle_PCT_BOX_OUTS_DEF,hustle_PCT_BOX_OUTS_TEAM_REB,hustle_PCT_BOX_OUTS_REB,post_touch_TEAM_ID,post_touch_TEAM_ABBREVIATION,post_touch_TOUCHES,post_touch_POST_TOUCHES,post_touch_POST_TOUCH_FGM,post_touch_POST_TOUCH_FGA,post_touch_POST_TOUCH_FG_PCT,post_touch_POST_TOUCH_FTM,post_touch_POST_TOUCH_FTA,post_touch_POST_TOUCH_FT_PCT,post_touch_POST_TOUCH_PTS,post_touch_POST_TOUCH_PTS_PCT,post_touch_POST_TOUCH_PASSES,post_touch_POST_TOUCH_PASSES_PCT,post_touch_POST_TOUCH_AST,post_touch_POST_TOUCH_AST_PCT,post_touch_POST_TOUCH_TOV,post_touch_POST_TOUCH_TOV_PCT,post_touch_POST_TOUCH_FOULS,post_touch_POST_TOUCH_FOULS_PCT,speed_distance_TEAM_ID,speed_distance_TEAM_ABBREVIATION,speed_distance_MIN1,speed_distance_DIST_FEET,speed_distance_DIST_MILES,speed_distance_DIST_MILES_OFF,speed_distance_DIST_MILES_DEF,speed_distance_AVG_SPEED,speed_distance_AVG_SPEED_OFF,speed_distance_AVG_SPEED_DEF,season
1629008,Michael Porter Jr.,Michael,1610612743,DEN,22.0,1,1,0,1.0,26.75,4,7,0.571,3,6,0.5,2,4,0.5,0,7,7,0,2,0,1,0,2,2,13,12,22.4,0,0,25.0,1,1,1,1,8,8,8,5,3,2,3,7,5,10,10,3,4,18,4,8,2,1,13,7,7,2,8,2,1,6,16,0.088,4.0,7.0,134.4,4,111.0,10,96.9,3,0.786,131.5,1,22.2,9,18,54,10,1,109.3,16,0.292,19,96.9,109.3,0.167,0.193,0.0,22.2,13,95.1,2,8,4,18.6,18,80.75,9,0.0,0.0,18,2,0.0,131.5,9,0.196,15,10,1,14,0.742,1,18.2,8,23.4,1,0.0,0.0,0.0,1.0,1.0,1.0,0.0,0.0,3.0,5.0,0.0,0.0,1.0,0.0,0.0,0.0,0.0,0.0,0.0,0.0,0.6,1.0,0.0,0.0,,0.0,0.0,0.0,0.0,0.0,0.0,,0.6,0.0,1.0,1.0,1.0,0.0,DEN,0.0,1.0,0.0,0.0,0.0,5.0,0.0,0.0,,0.0,0.0,0.0,3.0,2020,20200913,15.0,0.0,14.0,0.0,0.0,0.0,0.0,0.0,0.0,0.0,0.0,0.0,1.0,0.0,0.0,0.0,0.0,0.0,0.0,0.0,0.0,0.0,0.0,0.0,0.0,0.0,27.0,0.0,14.0,1.0,13.0,3.0,1.0,0.93,1.0,1.91,0.0,0.9,0.481,0.778,0.0,0.0,0.0,1.0,0.286,1.0,0.286,0.778,4.6,4.6,2.0,0.875,1.0,5.0,2.0,0.0,0.0,9.0,0.0,0.875,0.0,5.0,9.0,,,,,,,,,,,,,,,,,2.0,0.286,1.0,0.143,1.0,0.5,1.0,0.0,1.0,0.0,0.5,0.143,1.0,0.429,3.0,3.0,0.0,1.0,0.0,0.429,0.667,0.667,,2.0,2.0,0.0,0.0,0.5,2.0,0.75,0.0,1.0,0.0,0.286,1.0,0.286,0.5,2.0,,2.0,2.0,2.0,1.0,6.0,1.0,2.0,1.5,0.786,0.25,0.0,0.0,0.0,1.0,1.0,3.0,3.0,0.012,60.0,0.621,0.633,38.0,F,0.476,4.0,1.0,0.375,4.0,1.0,0.25,,,LAC,DEN,1610612746,DEN_LAC_2020,41900236,1.0,5.0,12.0,0.417,0.464,-0.048,0.333,1.0,4.0,0.25,0.399,-0.149,0.667,4.0,8.0,0.5,0.514,-0.014,0.25,2.0,3.0,0.667,0.611,0.056,0.667,4.0,8.0,0.5,0.56,-0.06,0.333,1.0,4.0,0.25,0.403,-0.153,1610612743.0,DEN,9.0,6.0,3.0,1.0,0.0,2.0,4.0,0.0,0.0,0.0,0.0,0.0,0.0,0.0,0.0,0.0,0.0,0.0,0.0,0.0,0.0,1610612743,DEN,27.0,0.0,0.0,0.0,0.0,0.0,0.0,0.0,0.0,0.0,0.0,0.0,0.0,0.0,0.0,0.0,0.0,0.0,1610612743,DEN,26.75,10808.0,2.05,1.1,0.95,4.15,4.32,3.96,2019_20
1628966,Keita Bates-Diop,Keita,1610612743,DEN,24.0,1,1,0,1.0,0.8,0,0,0.0,0,0,0.0,0,0,0.0,0,0,0,0,0,0,0,0,0,0,0,0,0.0,0,0,0.0,1,1,1,1,21,16,20,16,12,16,12,14,14,14,10,18,18,18,14,8,7,1,1,14,18,11,20,2,1,20,1,0.0,0.0,0.0,0.0,18,0.0,21,90.0,11,0.0,0.0,19,0.0,20,18,2,21,11,0.0,1,0.0,1,90.0,0.0,0.0,0.0,0.0,0.0,13,60.0,16,16,18,0.0,18,75.0,15,0.0,0.0,1,18,0.0,0.0,20,0.0,1,10,11,20,0.0,19,0.0,20,0.0,19,,,0.0,0.0,,0.0,,0.0,,,0.0,,0.0,,,,,,,,,,,,,,,0.0,,,0.0,,,,0.0,0.0,,,DEN,,0.0,0.0,,,,,,,,,,,2020,20200913,0.0,0.0,0.0,,0.0,0.0,0.0,0.0,0.0,0.0,0.0,0.0,0.0,0.0,0.0,0.0,0.0,0.0,0.0,0.0,0.0,0.0,0.0,0.0,0.0,0.0,0.0,0.0,0.0,0.0,0.0,0.0,0.0,0.0,0.0,0.0,0.0,0.0,0.0,,,,,,,,,,,,,,,,,,,,,,,,,,,,,,,,,,,,,,,,,,,,,,,,,,,,,,,,,,,,,,,,,,,,,,,,,,,,,,,,,0.0,,,0.0,,0.0,,0.0,0.0,0.0,0.0,0.0,0.0,0.0,0.0,0.0,-0.079,4.0,0.579,0.5,2.0,F,0.333,0.0,,,,0.0,,,,LAC,DEN,1610612746,DEN_LAC_2020,41900236,,,,,,,,,,,,,,,,,,,,,,,,,,,,,,,,,,,,,,,,,,,,,,,,,,,,,,,,,,,,1610612743,DEN,0.0,0.0,0.0,0.0,0.0,0.0,0.0,0.0,0.0,0.0,0.0,0.0,0.0,0.0,0.0,0.0,0.0,0.0,1610612743,DEN,0.8,255.0,0.05,0.03,0.02,0.0,0.0,0.0,2019_20
203486,Mason Plumlee,Mason,1610612743,DEN,30.0,1,1,0,1.0,8.366666666666667,0,1,0.0,0,0,0.0,0,0,0.0,0,2,2,1,1,0,0,0,1,0,0,4,2.9,0,0,3.0,1,1,1,1,18,16,18,16,12,16,12,14,14,14,10,9,10,12,9,8,7,1,9,14,18,8,17,2,1,17,5,0.0,0.0,1.0,121.7,5,89.5,2,106.14,1,0.0,105.3,12,16.4,16,13,19,2,5,88.9,5,0.25,23,106.14,88.9,0.154,0.105,33.3,16.4,6,98.45,16,16,5,33.3,3,88.45,15,0.125,0.0,23,18,1.0,105.3,14,0.122,6,10,5,6,0.0,12,33.3,18,32.2,4,0.0,0.0,0.0,0.0,0.0,1.0,0.0,0.0,0.0,0.0,0.0,0.0,0.0,0.0,0.0,0.0,0.0,0.0,0.0,0.0,0.0,0.0,0.0,0.0,,0.0,0.0,0.0,0.0,0.0,0.0,,0.0,,0.0,1.0,0.0,,DEN,,0.0,0.0,0.0,0.0,0.0,0.0,0.0,,0.0,0.0,0.0,0.0,2020,20200913,17.0,0.059,13.0,0.0,2.0,3.0,0.059,0.0,1.0,0.0,0.0,0.0,0.0,0.0,0.0,0.0,0.0,0.0,0.0,0.0,0.0,0.0,0.0,0.0,0.0,0.0,20.0,0.0,10.0,1.0,0.0,2.0,0.0,0.95,0.0,2.12,1.0,0.7,0.0,0.667,0.0,0.0,0.0,0.0,0.0,1.0,0.0,0.667,1.5,1.5,0.0,1.0,1.0,2.0,0.0,0.0,0.0,3.0,0.0,1.0,0.0,2.0,3.0,,,,,,,,,,,,,,,,,1.0,1.0,0.0,1.0,1.0,0.0,0.0,,0.0,0.0,0.0,0.0,0.0,,,,,,,,,,,,,,,,,,,,,,,,,,,,0.0,,,0.0,,0.0,,0.0,0.0,0.0,0.0,0.0,0.0,0.0,0.0,0.0,-0.095,32.0,0.626,0.531,17.0,F-C,0.478,0.0,,,,0.0,,,,LAC,DEN,1610612746,DEN_LAC_2020,41900236,1.0,0.0,2.0,0.0,0.425,-0.425,0.5,0.0,1.0,0.0,0.394,-0.394,0.5,0.0,1.0,0.0,0.462,-0.462,0.5,0.0,1.0,0.0,0.543,-0.543,0.5,0.0,1.0,0.0,0.511,-0.511,0.5,0.0,1.0,0.0,0.397,-0.397,1610612743.0,DEN,1.0,1.0,0.0,1.0,0.0,1.0,2.0,0.0,0.0,0.0,0.0,0.0,0.0,0.0,0.0,0.0,0.0,0.0,0.0,0.0,0.0,1610612743,DEN,20.0,1.0,0.0,0.0,0.0,0.0,0.0,0.0,0.0,0.0,1.0,1.0,0.0,0.0,0.0,0.0,0.0,0.0,1610612743,DEN,8.37,3266.0,0.62,0.35,0.27,4.04,4.34,3.78,2019_20
203924,Jerami Grant,Jerami,1610612743,DEN,26.0,1,1,0,1.0,20.066666666666663,0,3,0.0,0,1,0.0,4,4,1.0,0,0,0,2,0,0,1,0,4,2,4,4,10.0,0,0,8.0,1,1,1,1,13,16,15,16,12,14,12,3,5,1,10,18,18,8,14,8,2,1,20,7,14,8,13,2,1,14,7,-0.008,0.0,3.0,107.8,18,95.1,7,99.27,8,0.0,107.3,11,12.1,14,9,41,7,8,95.2,7,0.0,1,99.27,95.2,0.0,0.111,28.6,12.1,13,99.08,16,16,18,0.0,4,82.72,20,0.154,0.0,1,15,0.0,107.3,15,0.106,7,10,8,4,0.42,11,0.0,15,12.7,11,0.0,0.0,0.0,0.0,1.0,0.0,1.0,1.0,0.0,0.0,0.0,0.0,0.0,0.0,0.0,0.0,0.0,0.0,0.0,0.0,0.0,1.0,0.0,0.0,0.0,0.0,0.0,1.0,0.0,0.0,0.0,0.0,0.0,0.0,0.0,0.0,1.0,0.0,DEN,0.0,0.0,0.0,0.0,1.0,0.0,0.0,0.0,0.0,0.0,0.0,0.0,0.0,2020,20200913,19.0,0.105,24.0,1.0,6.0,4.0,0.211,1.0,4.0,0.0,1.0,2.0,3.0,0.667,0.0,0.0,1.0,0.333,0.0,0.0,2.0,0.0,2.0,2.0,0.0,0.667,24.0,0.0,20.0,1.0,4.0,2.0,1.0,1.5,0.0,2.22,0.0,0.9,0.167,,,,,,,,,,,,,,,,,,,,,,,,,,,,,,,,,,,,,,,,,1.0,0.333,0.0,0.333,1.0,0.0,0.0,,0.0,0.0,0.0,0.0,0.0,0.333,0.0,1.0,0.0,0.0,1.0,0.0,0.0,,0.0,0.0,0.0,0.333,0.0,0.0,1.0,0.0,0.0,0.0,0.0,0.333,0.0,0.333,0.0,1.0,,0.0,0.0,0.0,,0.0,0.0,1.0,0.0,0.0,0.0,0.0,0.0,0.0,0.0,0.0,2.0,0.0,-0.049,56.0,0.62,0.571,32.0,F,0.306,1.0,0.0,0.0,1.0,0.0,0.0,,,LAC,DEN,1610612746,DEN_LAC_2020,41900236,1.0,2.0,7.0,0.286,0.447,-0.161,0.429,1.0,3.0,0.333,0.366,-0.033,0.571,1.0,4.0,0.25,0.489,-0.239,0.286,1.0,2.0,0.5,0.62,-0.12,0.429,1.0,3.0,0.333,0.56,-0.226,0.571,1.0,4.0,0.25,0.384,-0.134,1610612743.0,DEN,6.0,4.0,2.0,0.0,0.0,0.0,0.0,0.0,0.0,0.0,0.0,0.0,0.0,0.0,0.0,0.0,0.0,0.0,0.0,0.0,0.0,1610612743,DEN,24.0,0.0,0.0,0.0,0.0,0.0,0.0,0.0,0.0,0.0,0.0,0.0,0.0,0.0,0.0,0.0,0.0,0.0,1610612743,DEN,20.07,7576.0,1.43,0.74,0.69,3.89,3.68,4.13,2019_20
1627750,Jamal Murray,Jamal,1610612743,DEN,23.0,1,1,0,1.0,40.78333333333333,9,13,0.692,1,2,0.5,2,3,0.667,1,4,5,5,1,2,0,2,2,6,21,14,39.5,0,0,36.0,1,1,1,1,3,2,4,2,6,9,3,7,8,8,5,7,6,2,9,4,7,23,13,1,4,1,4,2,1,4,11,0.163,9.0,13.0,118.5,13,102.3,20,93.57,5,0.731,120.0,4,16.2,12,6,80,20,6,103.8,11,0.098,11,93.57,103.8,0.071,0.172,25.0,16.2,1,94.82,3,2,11,4.9,5,77.97,4,0.192,0.034,11,3,5.0,120.0,11,0.176,9,7,6,17,0.733,4,5.0,4,16.2,5,0.0,0.0,2.0,0.8,0.0,5.0,3.0,3.0,1.0,2.0,0.667,0.0,4.0,0.0,0.0,0.0,0.0,0.0,0.667,2.0,0.5,0.0,0.0,0.0,0.0,0.0,1.0,2.0,1.0,0.0,0.5,0.0,0.5,0.0,6.0,8.0,1.0,0.0,DEN,0.0,0.75,1.0,0.0,0.0,2.0,0.0,0.0,0.0,0.0,0.0,0.0,1.0,2020,20200913,68.0,0.074,75.0,0.0,12.0,13.0,0.118,3.0,8.0,0.0,1.0,1.0,15.0,0.267,0.0,0.133,0.5,0.067,0.625,5.0,4.0,8.0,2.0,12.0,2.0,0.8,89.0,0.0,38.0,1.0,21.0,0.0,0.0,5.12,0.0,5.72,0.0,8.5,0.236,0.556,0.0,20.6,0.0,1.0,0.2,2.0,0.25,0.5,11.7,9.5,1.0,0.667,2.0,4.0,1.0,1.0,0.0,8.0,1.0,0.714,1.0,3.0,9.0,0.077,1.0,0.0,0.0,1.0,1.0,DEN,1.0,,0.0,1.0,1.0,1610612743.0,1.0,0.077,1.0,6.0,0.462,0.667,0.462,6.0,0.667,0.0,,4.0,0.0,0.667,0.0,4.0,0.308,1.0,4.0,2.0,0.5,3.0,0.077,0.5,0.0,0.667,2.0,0.0,0.231,1.0,1.0,1.0,1.25,1.0,1.0,0.077,0.077,2.0,0.154,1.0,2.0,1.0,0.0,2.0,0.0,,4.0,0.667,3.0,0.667,0.731,0.5,0.0,0.0,0.0,0.0,0.0,0.0,3.0,-0.079,55.0,0.624,0.545,30.0,G,0.331,2.0,1.0,0.75,2.0,1.0,0.5,,,LAC,DEN,1610612746,DEN_LAC_2020,41900236,1.0,4.0,9.0,0.444,0.448,-0.004,0.222,1.0,2.0,0.5,0.355,0.146,0.778,3.0,7.0,0.429,0.503,-0.074,0.444,2.0,4.0,0.5,0.598,-0.098,0.667,3.0,6.0,0.5,0.549,-0.049,0.333,1.0,3.0,0.333,0.376,-0.043,1610612743.0,DEN,3.0,2.0,1.0,3.0,0.0,2.0,4.0,0.0,1.0,1.0,0.0,1.0,0.0,3.0,3.0,2.0,0.0,0.0,1.0,0.667,0.0,1610612743,DEN,89.0,0.0,0.0,0.0,0.0,0.0,0.0,0.0,0.0,0.0,0.0,0.0,0.0,0.0,0.0,0.0,0.0,0.0,1610612743,DEN,40.78,16215.0,3.07,1.78,1.29,4.25,4.63,3.83,2019_20
203914,Gary Harris,Gary,1610612743,DEN,25.0,1,1,0,1.0,42.2,5,11,0.455,2,4,0.5,4,6,0.667,1,1,2,4,4,4,0,0,3,3,16,9,32.4,0,0,32.0,1,1,1,1,1,5,5,9,5,5,3,3,3,8,5,13,10,4,2,2,7,1,16,5,5,4,5,2,1,5,10,0.066,5.0,11.0,116.3,17,103.0,14,95.55,7,0.545,115.7,6,13.3,7,12,83,14,7,102.4,10,0.025,18,95.55,102.4,0.027,0.2,18.2,13.3,6,94.98,7,5,17,18.5,11,79.62,12,0.138,0.03,18,9,1.0,115.7,8,0.199,10,8,7,15,0.587,6,18.2,5,13.2,7,0.0,1.0,1.0,0.5,3.0,4.0,2.0,1.0,0.0,1.0,1.0,0.667,2.0,0.5,0.0,1.0,2.0,0.0,0.0,0.0,0.0,2.0,1.0,1.0,0.0,1.0,0.667,0.0,2.0,0.0,0.0,0.0,0.0,0.0,2.0,5.0,3.0,0.0,DEN,0.0,0.4,0.0,0.0,1.0,1.0,1.0,1.0,0.0,0.0,0.0,0.0,0.0,2020,20200913,28.0,0.143,33.0,0.0,9.0,4.0,0.107,0.0,3.0,0.143,2.0,2.0,7.0,0.143,1.0,0.0,0.5,0.286,0.0,0.0,1.0,3.0,4.0,2.0,0.0,0.286,46.0,0.0,34.0,1.0,16.0,5.0,1.2,1.74,0.0,2.36,0.0,1.8,0.348,1.0,1.0,4.8,1.0,1.0,0.5,0.0,0.0,1.0,6.4,8.1,1.0,1.0,0.0,1.0,0.0,1.0,0.0,1.0,0.0,1.0,1.0,1.0,2.0,0.182,0.0,0.0,0.0,0.0,0.0,DEN,2.0,,0.0,0.0,1.0,1610612743.0,2.0,0.182,0.0,2.0,0.182,0.0,0.182,2.0,0.0,0.0,,0.0,0.0,0.0,0.0,0.0,0.455,2.0,5.0,3.0,0.9,3.0,0.182,0.8,0.5,1.0,4.0,1.0,0.273,0.0,0.5,2.0,0.75,0.0,1.0,0.0,0.182,1.0,0.182,0.5,2.0,,0.0,1.0,0.0,,2.0,1.0,1.0,1.0,0.545,0.5,0.0,0.0,0.0,1.0,0.0,6.0,6.0,0.054,18.0,0.613,0.667,12.0,G,0.295,4.0,2.0,0.75,4.0,2.0,0.5,,,LAC,DEN,1610612746,DEN_LAC_2020,41900236,1.0,5.0,13.0,0.385,0.435,-0.05,0.538,3.0,7.0,0.429,0.387,0.042,0.462,2.0,6.0,0.333,0.481,-0.148,0.154,1.0,2.0,0.5,0.587,-0.087,0.154,1.0,2.0,0.5,0.547,-0.047,0.769,3.0,10.0,0.3,0.391,-0.091,1610612743.0,DEN,8.0,4.0,4.0,4.0,0.0,0.0,0.0,0.0,4.0,4.0,0.0,1.0,0.0,1.0,1.0,0.0,0.0,0.0,1.0,0.0,0.0,1610612743,DEN,46.0,0.0,0.0,0.0,0.0,0.0,0.0,0.0,0.0,0.0,0.0,0.0,0.0,0.0,0.0,0.0,0.0,0.0,1610612743,DEN,42.2,15899.0,3.01,1.58,1.44,3.96,3.96,3.96,2019_20
203999,Nikola Jokic,Nikola,1610612743,DEN,25.0,1,1,0,1.0,39.63333333333333,13,22,0.591,4,6,0.667,4,5,0.8,2,12,14,7,5,1,1,1,2,5,34,9,62.3,1,0,63.0,1,1,1,1,4,1,1,4,1,2,1,3,4,7,2,1,1,1,1,6,2,18,13,4,1,4,1,1,1,1,14,0.261,13.0,22.0,116.0,2,103.8,15,95.07,9,0.682,115.2,7,10.1,1,1,79,15,9,105.1,14,0.308,17,95.07,105.1,0.2,0.337,19.4,10.1,5,95.34,5,1,3,13.8,10,79.23,2,0.368,0.065,17,4,1.4,115.2,2,0.346,11,3,9,13,0.702,7,13.9,1,12.2,8,0.0,0.0,5.0,1.0,0.0,2.0,4.0,10.0,4.0,6.0,0.5,0.0,2.0,0.0,0.0,0.0,0.0,0.0,0.5,2.0,0.667,0.0,0.0,0.0,0.0,3.0,0.0,5.0,0.0,0.0,0.4,0.0,0.667,0.0,2.0,2.0,1.0,0.0,DEN,0.0,1.0,2.0,0.0,4.0,6.0,0.75,4.0,0.0,0.5,0.0,2.0,4.0,2020,20200913,97.0,0.072,85.0,1.0,19.0,12.0,0.103,1.0,10.0,0.0,1.0,2.0,3.0,0.333,0.0,0.333,1.0,0.333,1.0,1.0,1.0,1.0,2.0,4.0,1.0,1.333,129.0,0.8,72.0,7.0,34.0,6.0,0.833,1.03,0.286,2.49,5.0,5.4,0.264,0.7,2.0,6.1,1.0,3.0,0.429,0.0,0.333,0.706,4.1,3.7,6.0,0.706,0.0,8.0,4.0,0.667,0.0,17.0,0.0,0.7,0.667,8.0,20.0,0.182,0.75,0.0,0.0,3.0,0.75,DEN,4.0,,0.0,3.0,1.0,1610612743.0,4.0,0.182,0.75,6.0,0.273,0.4,0.227,5.0,0.583,1.0,1.0,3.0,1.0,0.5,0.045,2.0,0.5,4.0,11.0,4.0,0.636,7.0,0.182,0.545,0.5,0.571,6.0,2.0,0.318,0.0,1.0,1.0,1.5,0.0,1.0,0.0,0.045,1.0,0.045,1.0,1.0,,1.0,4.0,2.0,0.5,9.0,0.444,9.0,0.5,0.682,0.625,1.0,0.333,4.0,1.0,2.0,5.0,13.0,-0.06,129.0,0.642,0.581,75.0,C,0.527,7.0,3.0,0.786,4.0,4.0,0.75,,,LAC,DEN,1610612746,DEN_LAC_2020,41900236,1.0,11.0,21.0,0.524,0.498,0.026,0.095,2.0,2.0,1.0,0.377,0.623,0.905,9.0,19.0,0.474,0.54,-0.067,0.524,5.0,11.0,0.455,0.614,-0.159,0.762,8.0,16.0,0.5,0.587,-0.087,0.19,3.0,4.0,0.75,0.408,0.343,1610612743.0,DEN,13.0,11.0,2.0,4.0,0.0,4.0,9.0,2.0,0.0,2.0,1.0,0.0,0.0,0.0,0.0,0.0,0.0,0.0,0.0,0.0,0.0,1610612743,DEN,129.0,5.0,2.0,2.0,1.0,0.0,0.0,0.0,4.0,0.8,3.0,0.6,1.0,0.2,0.0,0.0,0.0,0.0,1610612743,DEN,39.63,14441.0,2.74,1.55,1.19,3.79,3.89,3.67,2019_20
1628408,PJ Dozier,PJ,1610612743,DEN,23.0,1,1,0,1.0,0.85,0,1,0.0,0,0,0.0,0,0,0.0,0,0,0,0,0,0,0,0,0,0,0,0,0.0,0,0,0.0,1,1,1,1,20,16,18,16,12,16,12,14,14,14,10,18,18,18,14,8,7,1,1,14,18,11,20,2,1,20,1,0.333,0.0,1.0,0.0,18,0.0,1,169.41,11,0.0,0.0,19,0.0,2,18,3,1,11,0.0,1,0.0,1,169.41,0.0,0.0,0.333,0.0,0.0,13,141.18,16,16,18,0.0,18,141.18,1,0.0,0.0,1,18,0.0,0.0,1,0.5,1,10,11,1,0.0,19,0.0,18,0.0,19,0.0,,0.0,0.0,,1.0,,0.0,,,0.0,,0.0,,0.0,,,0.0,,,,,,,,0.0,,0.0,,0.0,0.0,,,,0.0,1.0,,,DEN,,0.0,0.0,0.0,0.0,,0.0,,,,0.0,,,2020,20200913,2.0,0.0,4.0,0.0,0.0,0.0,0.0,0.0,0.0,0.0,0.0,0.0,1.0,0.0,0.0,0.0,0.0,0.0,0.0,0.0,0.0,1.0,0.0,0.0,0.0,0.0,4.0,0.0,1.0,0.0,0.0,0.0,0.0,3.75,0.0,4.43,0.0,0.3,0.0,,,,,,,,,,,,,,,,,,,,,,,,,,,,,,,,,,,,,,,,,,,,,,,,,,,,,,1.0,0.0,1.0,0.0,0.0,1.0,0.0,0.0,,0.0,0.0,0.0,1.0,,,,,,,,,,,,,,,0.0,,,0.0,,0.0,,0.0,0.0,0.0,0.0,0.0,0.0,0.0,0.0,0.0,0.086,9.0,0.581,0.667,6.0,G-F,0.29,0.0,,,,0.0,,,,LAC,DEN,1610612746,DEN_LAC_2020,41900236,,,,,,,,,,,,,,,,,,,,,,,,,,,,,,,,,,,,,,,,,,,,,,,,,,,,,,,,,,,,1610612743,DEN,4.0,0.0,0.0,0.0,0.0,0.0,0.0,0.0,0.0,0.0,0.0,0.0,0.0,0.0,0.0,0.0,0.0,0.0,1610612743,DEN,0.85,416.0,0.08,0.05,0.03,5.56,0.0,0.0,2019_20
200794,Paul Millsap,Paul,1610612743,DEN,35.0,1,1,0,1.0,21.25,2,5,0.4,0,2,0.0,2,4,0.5,2,3,5,2,1,1,0,0,3,3,6,1,17.0,0,0,15.0,1,1,1,1,11,11,11,13,12,9,12,7,5,10,2,8,6,8,9,6,7,1,16,5,11,10,10,2,1,11,6,0.074,2.0,5.0,95.1,10,89.2,13,96.0,10,0.4,95.2,16,4.5,10,7,42,13,10,90.7,6,0.13,14,96.0,90.7,0.122,0.174,20.0,4.5,3,96.86,13,11,6,10.2,7,80.0,11,0.182,0.111,14,13,2.0,95.2,12,0.169,5,2,10,8,0.444,16,10.0,11,5.9,16,0.0,0.0,0.0,1.0,2.0,1.0,2.0,0.0,0.0,0.0,0.0,0.0,1.0,0.0,0.0,0.0,0.0,0.0,0.5,1.0,0.0,0.0,0.0,2.0,0.0,0.0,0.0,0.0,0.0,0.0,0.0,0.0,0.0,0.0,1.0,1.0,2.0,0.0,DEN,0.0,1.0,0.0,0.0,1.0,0.0,0.0,1.0,0.0,1.0,0.0,1.0,0.0,2020,20200913,12.0,0.167,15.0,1.0,6.0,4.0,0.25,0.0,3.0,0.5,0.0,0.0,2.0,0.5,1.0,0.0,0.0,0.0,0.0,0.0,1.0,0.0,0.0,0.0,0.0,0.0,22.0,0.0,18.0,1.0,6.0,5.0,0.4,1.68,0.0,2.6,1.0,1.0,0.273,0.833,1.0,2.5,0.5,2.0,0.4,1.0,0.333,0.75,3.7,4.5,2.0,1.0,1.0,3.0,1.0,1.0,0.0,4.0,1.0,1.0,1.0,2.0,6.0,0.2,1.0,0.0,0.0,1.0,1.0,DEN,1.0,,0.0,1.0,1.0,1610612743.0,1.0,0.2,1.0,1.0,0.2,1.0,0.2,1.0,1.0,0.0,,1.0,0.0,1.0,0.0,1.0,0.2,1.0,1.0,0.0,0.0,0.0,0.2,0.0,0.0,,0.0,0.0,0.0,1.0,0.0,1.0,0.0,0.0,0.0,0.2,0.2,0.0,0.4,0.0,2.0,0.0,0.0,0.0,0.0,,0.0,,0.0,,0.4,0.0,0.0,0.0,0.0,0.5,0.0,2.0,0.0,-0.125,42.0,0.625,0.5,21.0,F,0.389,3.0,0.0,0.0,2.0,0.0,0.0,,,LAC,DEN,1610612746,DEN_LAC_2020,41900236,1.0,4.0,11.0,0.364,0.502,-0.138,0.182,0.0,2.0,0.0,0.418,-0.418,0.818,4.0,9.0,0.444,0.542,-0.098,0.636,3.0,7.0,0.429,0.613,-0.185,0.636,3.0,7.0,0.429,0.59,-0.162,0.364,1.0,4.0,0.25,0.416,-0.166,1610612743.0,DEN,5.0,3.0,2.0,1.0,0.0,1.0,2.0,0.0,0.0,0.0,0.0,0.0,0.0,0.0,0.0,0.0,0.0,0.0,0.0,0.0,0.0,1610612743,DEN,22.0,1.0,0.0,0.0,0.0,0.0,0.0,0.0,0.0,0.0,1.0,1.0,0.0,0.0,0.0,0.0,0.0,0.0,1610612743,DEN,21.25,7780.0,1.47,0.8,0.68,3.95,3.99,3.9,2019_20
1628420,Monte Morris,Monte,1610612743,DEN,25.0,1,1,0,1.0,15.966666666666669,4,7,0.571,1,2,0.5,1,1,1.0,0,1,1,4,0,0,0,1,0,1,10,6,17.2,0,0,16.0,1,1,1,1,16,8,8,5,6,9,3,11,13,1,10,13,15,4,14,8,7,18,1,11,9,6,9,2,1,9,15,0.145,4.0,7.0,130.4,16,105.6,5,102.21,2,0.643,123.5,2,17.6,6,2,34,5,4,105.9,15,0.071,1,102.21,105.9,0.042,0.206,36.4,17.6,13,99.63,6,8,15,0.0,2,85.18,6,0.333,0.0,1,6,0.0,123.5,6,0.231,12,10,4,3,0.672,2,0.0,8,24.8,2,0.0,1.0,0.0,0.75,2.0,4.0,0.0,1.0,0.0,0.0,0.0,0.5,3.0,0.0,0.0,0.0,1.0,0.0,0.0,0.0,0.0,1.0,1.0,1.0,,0.0,0.5,1.0,1.0,0.0,0.0,,0.0,,3.0,4.0,2.0,,DEN,,0.75,0.0,0.0,0.0,0.0,0.0,0.0,,0.0,0.0,0.0,0.0,2020,20200913,25.0,0.16,29.0,0.0,11.0,4.0,0.16,0.0,4.0,0.0,0.0,0.0,5.0,0.4,0.0,0.0,0.0,0.0,1.0,3.0,2.0,3.0,0.0,7.0,0.0,1.4,33.0,0.0,11.0,0.0,10.0,0.0,0.0,4.64,0.0,4.91,0.0,2.7,0.303,0.333,0.0,0.0,0.0,1.0,0.0,0.0,0.0,0.5,7.5,7.5,0.0,0.5,0.0,1.0,0.0,0.0,0.0,2.0,0.0,0.333,0.0,1.0,3.0,0.143,1.0,0.0,0.0,1.0,1.0,DEN,1.0,,0.0,1.0,1.0,1610612743.0,1.0,0.143,1.0,3.0,0.429,0.667,0.429,3.0,0.667,0.0,,2.0,0.0,0.667,0.0,2.0,0.286,1.0,2.0,0.0,0.75,1.0,0.143,0.5,1.0,0.0,1.0,1.0,0.143,0.0,0.0,1.0,0.0,0.0,0.0,0.0,0.143,0.0,0.143,0.0,1.0,,0.0,0.0,0.0,,0.0,0.0,1.0,0.0,0.643,0.5,0.0,0.0,0.0,0.0,0.0,0.0,3.0,-0.062,30.0,0.595,0.533,16.0,G,0.345,2.0,1.0,0.75,2.0,1.0,0.5,,,LAC,DEN,1610612746,DEN_LAC_2020,41900236,1.0,3.0,4.0,0.75,0.489,0.261,0.25,1.0,1.0,1.0,0.394,0.606,0.75,2.0,3.0,0.667,0.556,0.11,0.5,1.0,2.0,0.5,0.594,-0.094,0.75,2.0,3.0,0.667,0.587,0.08,0.25,1.0,1.0,1.0,0.397,0.603,1610612743.0,DEN,2.0,1.0,1.0,1.0,0.0,0.0,0.0,0.0,0.0,0.0,0.0,0.0,0.0,0.0,0.0,0.0,0.0,0.0,0.0,0.0,0.0,1610612743,DEN,33.0,0.0,0.0,0.0,0.0,0.0,0.0,0.0,0.0,0.0,0.0,0.0,0.0,0.0,0.0,0.0,0.0,0.0,1610612743,DEN,15.97,6475.0,1.23,0.69,0.54,4.22,5.01,3.46,2019_20
1628470,Torrey Craig,Torrey,1610612743,DEN,29.0,1,1,0,1.0,23.33333333333333,3,4,0.75,1,2,0.5,0,0,0.0,0,5,5,1,0,0,0,0,1,0,7,6,14.5,0,0,14.0,1,1,1,1,10,10,13,1,6,9,3,14,14,14,10,5,6,12,14,8,7,1,9,14,10,6,12,2,1,12,12,0.104,3.0,4.0,122.0,6,106.6,17,94.63,6,0.875,122.2,3,18.0,19,16,45,17,3,104.3,12,0.2,1,94.63,104.3,0.122,0.083,20.0,18.0,13,93.64,1,10,6,0.0,7,78.86,8,0.053,0.0,1,1,0.0,122.2,19,0.085,13,10,3,19,0.875,3,0.0,13,15.4,3,0.0,0.0,0.0,1.0,2.0,2.0,0.0,0.0,0.0,0.0,0.0,0.5,2.0,1.0,0.0,1.0,1.0,0.0,0.0,0.0,0.0,1.0,0.0,1.0,,0.0,0.5,0.0,1.0,0.0,0.0,,0.0,0.0,2.0,2.0,2.0,0.0,DEN,0.0,1.0,0.0,0.0,0.0,0.0,0.0,0.0,,0.0,0.0,0.0,0.0,2020,20200913,21.0,0.048,12.0,1.0,4.0,3.0,0.143,1.0,3.0,0.0,0.0,0.0,1.0,1.0,0.0,0.0,0.0,0.0,0.0,0.0,1.0,0.0,0.0,0.0,0.0,0.0,25.0,0.0,13.0,1.0,7.0,2.0,2.0,0.76,0.0,1.82,0.0,0.8,0.28,0.625,0.0,0.0,0.0,1.0,0.0,1.0,0.0,0.714,10.4,10.4,0.0,0.833,1.0,5.0,0.0,0.0,0.0,7.0,0.0,0.714,0.0,5.0,8.0,,,,,,,,,,,,,,,,,2.0,0.5,1.0,0.5,2.0,1.0,0.0,,2.0,0.0,1.0,0.0,2.0,0.25,1.0,1.0,0.0,0.0,0.0,0.25,0.0,0.0,,0.0,0.0,0.0,0.0,1.0,1.0,1.5,0.0,1.0,0.0,0.25,1.0,0.25,1.0,1.0,,0.0,0.0,0.0,,0.0,,0.0,,0.875,0.5,0.0,0.0,0.0,1.0,0.0,4.0,3.0,0.018,36.0,0.621,0.639,23.0,F,0.343,2.0,1.0,0.75,2.0,1.0,0.5,,,LAC,DEN,1610612746,DEN_LAC_2020,41900236,1.0,4.0,16.0,0.25,0.465,-0.215,0.313,2.0,5.0,0.4,0.375,0.025,0.688,2.0,11.0,0.182,0.519,-0.338,0.25,1.0,4.0,0.25,0.603,-0.353,0.438,2.0,7.0,0.286,0.574,-0.289,0.5,2.0,8.0,0.25,0.387,-0.137,1610612743.0,DEN,10.0,6.0,4.0,2.0,0.0,2.0,4.0,0.0,0.0,0.0,0.0,0.0,0.0,0.0,0.0,0.0,0.0,0.0,0.0,0.0,0.0,1610612743,DEN,25.0,0.0,0.0,0.0,0.0,0.0,0.0,0.0,0.0,0.0,0.0,0.0,0.0,0.0,0.0,0.0,0.0,0.0,1610612743,DEN,23.33,9673.0,1.83,0.99,0.84,4.28,4.46,4.09,2019_20
202331,Paul George,Paul,1610612746,LAC,30.0,1,0,1,0.0,39.19166666666667,9,21,0.429,4,9,0.444,11,11,1.0,1,5,6,3,3,5,1,1,4,6,33,-23,59.7,0,0,58.0,1,12,12,12,5,2,2,12,1,1,9,1,1,1,5,5,5,7,3,1,2,18,20,1,2,23,2,2,1,2,20,0.209,9.0,21.0,85.5,8,115.9,12,96.14,21,0.524,83.8,17,-33.1,3,4,80,12,21,116.9,20,0.161,13,96.14,116.9,0.085,0.318,9.7,-33.1,6,95.56,9,2,9,9.4,16,80.12,3,0.25,0.025,13,7,1.0,83.8,3,0.342,18,9,21,11,0.639,17,9.7,2,-30.4,17,0.0,0.5,2.0,1.0,3.0,2.0,2.0,8.0,3.0,6.0,0.25,0.333,2.0,0.0,0.0,0.0,1.0,0.0,0.5,1.0,0.5,1.0,1.0,2.0,0.0,0.0,0.333,6.0,1.0,0.0,0.333,0.0,0.5,0.0,2.0,2.0,3.0,0.0,LAC,0.0,1.0,2.0,0.0,2.0,6.0,0.0,2.0,0.0,0.5,0.0,1.0,3.0,2020,20200913,33.0,0.091,41.0,0.0,6.0,6.0,0.121,1.0,4.0,0.0,3.0,6.0,12.0,0.417,0.0,0.083,1.0,0.25,0.5,2.0,5.0,4.0,6.0,10.0,1.0,0.833,62.0,0.0,35.0,0.0,33.0,1.0,0.0,2.66,0.0,3.31,0.0,3.4,0.532,0.667,0.0,7.9,0.0,2.0,0.167,1.0,0.2,0.714,7.5,7.4,1.0,0.833,1.0,5.0,1.0,0.5,0.0,7.0,1.0,0.75,0.5,4.0,9.0,0.048,1.0,0.0,0.0,1.0,1.0,LAC,1.0,,0.0,1.0,1.0,1610612746.0,1.0,0.048,1.0,9.0,0.429,0.167,0.286,6.0,0.111,3.0,0.0,1.0,0.0,0.111,0.143,1.0,0.429,4.0,9.0,3.0,0.667,5.0,0.19,0.556,0.5,0.6,5.0,2.0,0.238,0.0,1.0,2.0,1.5,0.0,2.0,0.0,0.095,2.0,0.095,1.0,2.0,,0.0,2.0,2.0,0.0,4.0,0.222,9.0,0.222,0.524,0.571,0.0,0.0,0.0,0.0,0.0,0.0,12.0,0.151,61.0,0.62,0.77,47.0,F,0.377,7.0,4.0,0.857,7.0,4.0,0.571,,,DEN,LAC,1610612743,LAC_DEN_2020,41900236,1.0,8.0,11.0,0.727,0.472,0.255,0.273,1.0,3.0,0.333,0.376,-0.043,0.727,7.0,8.0,0.875,0.534,0.342,0.636,6.0,7.0,0.857,0.624,0.233,0.636,6.0,7.0,0.857,0.583,0.274,0.364,2.0,4.0,0.5,0.388,0.112,1610612746.0,LAC,8.0,5.0,3.0,6.0,1.0,0.0,0.0,0.0,0.0,0.0,0.0,0.0,0.0,4.0,4.0,3.0,1.0,0.0,1.0,1.0,0.333,1610612746,LAC,62.0,0.0,0.0,0.0,0.0,0.0,0.0,0.0,0.0,0.0,0.0,0.0,0.0,0.0,0.0,0.0,0.0,0.0,1610612746,LAC,39.2,14615.0,2.77,1.47,1.3,4.01,4.61,3.47,2019_20
1629611,Terance Mann,Terance,1610612746,LAC,23.0,1,0,1,0.0,0.8,0,0,0.0,0,0,0.0,0,0,0.0,0,1,1,0,0,0,0,0,0,0,0,0,1.2,0,0,1.0,1,12,12,12,21,16,20,16,12,16,12,14,14,14,10,13,15,18,14,8,7,1,1,14,18,11,19,2,1,19,1,-1.0,0.0,0.0,0.0,1,0.0,21,90.0,11,0.0,0.0,19,0.0,20,18,1,21,11,0.0,1,1.0,1,90.0,0.0,1.0,0.0,0.0,0.0,13,60.0,16,16,1,0.0,18,75.0,23,0.0,0.0,1,18,0.0,0.0,20,0.0,1,10,11,20,0.0,19,0.0,20,0.0,19,,,0.0,0.0,,0.0,,0.0,,,0.0,,0.0,,,,,,,,,,,,,,,0.0,,,0.0,,,,0.0,0.0,,,LAC,,0.0,0.0,,,,,,,,,,,2020,20200913,0.0,0.0,0.0,,0.0,0.0,0.0,0.0,0.0,0.0,0.0,0.0,0.0,0.0,0.0,0.0,0.0,0.0,0.0,0.0,0.0,0.0,0.0,0.0,0.0,0.0,1.0,0.0,0.0,0.0,0.0,0.0,0.0,14.0,0.0,23.24,0.0,0.4,0.0,1.0,0.0,0.0,0.0,0.0,0.0,0.0,0.0,1.0,0.9,0.9,0.0,1.0,0.0,1.0,0.0,0.0,0.0,1.0,0.0,1.0,0.0,1.0,1.0,,,,,,,,,,,,,,,,,,,,,,,,,,,,,,,,,,,,,,,,,,,,,,,,,,,,,,,,,0.0,,,0.0,,0.0,,0.0,0.0,0.0,0.0,0.0,0.0,0.0,0.0,0.0,-0.478,3.0,0.478,0.0,0.0,G-F,0.273,0.0,,,,0.0,,,,DEN,LAC,1610612743,LAC_DEN_2020,41900236,1.0,0.0,1.0,0.0,0.416,-0.416,,,,,,,1.0,0.0,1.0,0.0,0.451,-0.451,1.0,0.0,1.0,0.0,0.508,-0.508,1.0,0.0,1.0,0.0,0.479,-0.479,,,,,,,,,,,,,,,,,,,,,,,,,,,,,,1610612746,LAC,1.0,0.0,0.0,0.0,0.0,0.0,0.0,0.0,0.0,0.0,0.0,0.0,0.0,0.0,0.0,0.0,0.0,0.0,1610612746,LAC,0.8,294.0,0.06,0.02,0.03,6.63,0.0,0.0,2019_20
202704,Reggie Jackson,Reggie,1610612746,LAC,30.0,1,0,1,0.0,0.9916666666666668,0,0,0.0,0,0,0.0,0,0,0.0,0,0,0,0,0,0,0,0,0,0,0,-3,0.0,0,0,0.0,1,12,12,12,19,16,20,16,12,16,12,14,14,14,10,18,18,18,14,8,7,1,1,14,18,18,20,2,1,20,9,0.0,0.0,0.0,0.0,18,300.0,11,96.81,23,0.0,0.0,19,-100.0,20,18,1,11,23,100.0,9,0.0,1,96.81,100.0,0.0,0.0,0.0,-100.0,13,48.4,16,16,18,0.0,18,80.67,15,0.0,0.0,1,18,0.0,0.0,20,0.0,23,10,23,23,0.0,19,0.0,20,-300.0,19,,,,,,,0.0,,0.0,0.0,,,,,,,,,0.0,0.0,0.0,,,,,,,,,,,,0.0,,,,,,LAC,,,,,,0.0,,0.0,,0.0,,0.0,0.0,2020,20200913,1.0,0.0,1.0,0.0,0.0,0.0,0.0,0.0,0.0,0.0,0.0,0.0,0.0,0.0,0.0,0.0,0.0,0.0,0.0,0.0,0.0,0.0,0.0,0.0,0.0,0.0,1.0,0.0,1.0,0.0,0.0,0.0,0.0,0.0,0.0,1.44,0.0,0.0,0.0,,,,,,,,,,,,,,,,,,,,,,,,,,,,,,,,,,,,,,,,,,,,,,,,,,,,,,,,,,,,,,,,,,,,,,,,,,,,,,,,,0.0,,,0.0,,0.0,,0.0,0.0,0.0,0.0,0.0,0.0,0.0,0.0,0.0,0.08,14.0,0.634,0.714,10.0,G,0.275,0.0,,,,0.0,,,,DEN,LAC,1610612743,LAC_DEN_2020,41900236,,,,,,,,,,,,,,,,,,,,,,,,,,,,,,,,,,,,,,,,,,,,,,,,,,,,,,,,,,,,1610612746,LAC,1.0,0.0,0.0,0.0,0.0,0.0,0.0,0.0,0.0,0.0,0.0,0.0,0.0,0.0,0.0,0.0,0.0,0.0,1610612746,LAC,1.0,389.0,0.07,0.03,0.04,5.35,0.0,0.0,2019_20
201149,Joakim Noah,Joakim,1610612746,LAC,35.0,1,0,1,0.0,0.8,0,0,0.0,0,0,0.0,0,0,0.0,0,0,0,0,0,0,0,0,0,0,0,0,0.0,0,0,0.0,1,12,12,12,21,16,20,16,12,16,12,14,14,14,10,18,18,18,14,8,7,1,1,14,18,11,20,2,1,20,1,0.0,0.0,0.0,0.0,18,0.0,21,90.0,11,0.0,0.0,19,0.0,20,18,1,21,11,0.0,1,0.0,1,90.0,0.0,0.0,0.0,0.0,0.0,13,60.0,16,16,18,0.0,18,75.0,15,0.0,0.0,1,18,0.0,0.0,20,0.0,1,10,11,20,0.0,19,0.0,20,0.0,19,,,0.0,0.0,,0.0,,0.0,,,0.0,,0.0,,,,,,,,,,,,,,,0.0,,,0.0,,,,0.0,0.0,,,LAC,,0.0,0.0,,,,,,,,,,,2020,20200913,0.0,0.0,0.0,,0.0,0.0,0.0,0.0,0.0,0.0,0.0,0.0,0.0,0.0,0.0,0.0,0.0,0.0,0.0,0.0,0.0,0.0,0.0,0.0,0.0,0.0,0.0,0.0,0.0,0.0,0.0,0.0,0.0,0.0,0.0,0.0,0.0,0.0,0.0,,,,,,,,,,,,,,,,,,,,,,,,,,,,,,,,,,,,,,,,,,,,,,,,,,,,,,,,,,,,,,,,,,,,,,,,,,,,,,,,,0.0,,,0.0,,0.0,,0.0,0.0,0.0,0.0,0.0,0.0,0.0,0.0,0.0,,,,,,,,0.0,,,,0.0,,,,DEN,LAC,1610612743,LAC_DEN_2020,41900236,,,,,,,,,,,,,,,,,,,,,,,,,,,,,,,,,,,,,,,,,,,,,,,,,,,,,,,,,,,,1610612746,LAC,0.0,0.0,0.0,0.0,0.0,0.0,0.0,0.0,0.0,0.0,0.0,0.0,0.0,0.0,0.0,0.0,0.0,0.0,1610612746,LAC,0.8,221.0,0.04,0.02,0.02,0.0,0.0,0.0,2019_20
202695,Kawhi Leonard,Kawhi,1610612746,LAC,29.0,1,0,1,0.0,41.45,8,18,0.444,3,5,0.6,6,7,0.857,2,6,8,5,2,2,1,1,1,6,25,-1,49.1,0,0,47.0,1,12,12,12,2,4,3,11,3,4,2,2,2,6,2,4,3,2,4,4,2,18,9,1,3,15,3,2,1,3,18,0.16,8.0,18.0,107.3,7,112.3,16,94.96,16,0.528,108.4,9,-3.9,4,5,83,16,16,112.3,18,0.176,12,94.96,112.3,0.107,0.247,17.9,-3.9,2,95.47,8,4,8,7.1,12,79.13,5,0.238,0.049,12,8,2.5,108.4,4,0.248,16,4,16,12,0.593,9,7.1,3,-5.0,12,0.0,0.0,0.0,0.6,0.0,5.0,5.0,3.0,3.0,5.0,0.0,0.0,3.0,0.0,0.0,0.0,0.0,0.0,0.4,2.0,0.6,0.0,0.0,0.0,0.0,0.0,0.0,2.0,0.0,0.0,0.0,0.0,0.6,0.0,3.0,5.0,0.0,0.0,LAC,0.0,0.6,0.0,0.0,2.0,5.0,0.0,4.0,0.0,0.5,0.0,2.0,3.0,2020,20200913,52.0,0.096,63.0,2.0,14.0,10.0,0.154,1.0,8.0,0.0,1.0,2.0,15.0,0.467,0.0,0.067,1.0,0.067,0.167,1.0,7.0,6.0,2.0,4.0,1.0,0.267,80.0,0.0,42.0,0.0,25.0,3.0,1.667,3.44,0.0,4.55,3.0,6.1,0.313,0.667,2.0,4.3,1.0,4.0,0.375,1.0,0.167,0.667,4.8,5.0,3.0,0.75,1.0,5.0,1.0,0.5,0.0,9.0,0.0,0.727,0.5,5.0,12.0,0.167,0.0,0.0,0.0,0.0,0.0,LAC,3.0,,0.0,0.0,1.0,1610612746.0,3.0,0.167,0.0,7.0,0.389,0.5,0.333,6.0,0.429,1.0,0.0,3.0,0.0,0.429,0.056,3.0,0.444,4.0,8.0,2.0,0.813,4.0,0.222,0.625,0.75,0.5,5.0,3.0,0.222,,,,,,,,,,,,,,1.0,1.0,3.0,0.333,3.0,0.167,6.0,0.25,0.528,0.667,0.0,0.0,0.0,1.0,0.0,5.0,6.0,0.055,55.0,0.618,0.673,37.0,F,0.382,2.0,2.0,1.5,2.0,2.0,1.0,,,DEN,LAC,1610612743,LAC_DEN_2020,41900236,1.0,6.0,15.0,0.4,0.467,-0.067,0.133,0.0,2.0,0.0,0.352,-0.352,0.867,6.0,13.0,0.462,0.533,-0.072,0.467,3.0,7.0,0.429,0.613,-0.184,0.533,3.0,8.0,0.375,0.572,-0.197,0.467,3.0,7.0,0.429,0.39,0.039,1610612746.0,LAC,12.0,10.0,2.0,3.0,0.0,0.0,0.0,1.0,0.0,1.0,1.0,0.0,0.0,1.0,1.0,1.0,0.0,0.0,1.0,1.0,0.0,1610612746,LAC,80.0,3.0,0.0,2.0,0.0,0.0,0.0,0.0,0.0,0.0,1.0,0.333,0.0,0.0,0.0,0.0,0.0,0.0,1610612746,LAC,41.45,15474.0,2.93,1.53,1.4,3.9,4.33,3.53,2019_20
201976,Patrick Beverley,Patrick,1610612746,LAC,31.0,1,0,1,0.0,17.616666666666667,1,2,0.5,0,0,0.0,0,0,0.0,0,2,2,4,2,0,0,0,6,0,2,-1,8.4,0,0,8.0,1,12,12,12,15,13,17,7,12,16,12,14,14,14,10,9,10,4,4,8,7,1,23,14,15,15,15,2,1,14,19,-0.015,1.0,2.0,113.0,9,116.2,9,98.09,15,0.5,111.1,8,-2.8,18,2,36,9,15,113.9,19,0.143,20,98.09,113.9,0.074,0.1,50.0,-2.8,3,96.29,10,13,10,25.0,1,81.74,21,0.333,0.0,20,12,2.0,111.1,16,0.104,19,10,15,10,0.5,8,25.0,17,-3.2,9,0.0,0.0,0.0,0.0,0.0,0.0,2.0,0.0,0.0,0.0,0.0,0.0,0.0,0.0,0.0,0.0,0.0,0.0,0.5,1.0,0.0,0.0,0.0,0.0,,0.0,0.0,0.0,0.0,0.0,0.0,,0.0,0.0,1.0,1.0,0.0,0.0,LAC,0.0,1.0,0.0,0.0,1.0,0.0,0.0,0.0,,0.0,0.0,0.0,0.0,2020,20200913,26.0,0.154,27.0,0.0,11.0,4.0,0.154,0.0,4.0,0.0,0.0,0.0,2.0,0.0,0.0,0.0,0.0,0.0,0.5,1.0,0.0,2.0,0.0,2.0,0.0,1.0,30.0,0.0,12.0,0.0,2.0,0.0,0.0,3.23,0.0,3.88,0.0,1.9,0.067,0.667,0.0,0.0,0.0,1.0,0.0,0.0,0.0,1.0,5.8,5.8,0.0,1.0,0.0,2.0,0.0,0.0,0.0,2.0,0.0,0.667,0.0,2.0,3.0,,,,,,,,,,,,,,,,,2.0,1.0,0.5,1.0,2.0,0.5,0.0,,1.0,0.0,0.5,0.0,1.0,,,,,,,,,,,,,,,,,,,,,,,,,,,,0.0,,,0.0,0.0,1.0,0.0,0.5,0.0,0.0,0.0,0.0,0.0,0.0,0.0,0.0,0.099,15.0,0.635,0.733,11.0,G,0.429,0.0,,,,0.0,,,,DEN,LAC,1610612743,LAC_DEN_2020,41900236,1.0,3.0,3.0,1.0,0.468,0.532,,,,,,,1.0,3.0,3.0,1.0,0.515,0.485,1.0,3.0,3.0,1.0,0.631,0.369,1.0,3.0,3.0,1.0,0.579,0.421,,,,,,,1610612746.0,LAC,0.0,0.0,0.0,4.0,0.0,1.0,3.0,0.0,0.0,0.0,0.0,0.0,0.0,0.0,0.0,0.0,0.0,0.0,0.0,0.0,0.0,1610612746,LAC,30.0,0.0,0.0,0.0,0.0,0.0,0.0,0.0,0.0,0.0,0.0,0.0,0.0,0.0,0.0,0.0,0.0,0.0,1610612746,LAC,17.62,7049.0,1.34,0.69,0.65,4.13,4.81,3.54,2019_20
1626149,Montrezl Harrell,Montrezl,1610612746,LAC,26.0,1,0,1,0.0,15.433333333333334,2,4,0.5,0,1,0.0,1,2,0.5,0,1,1,1,2,0,0,0,0,1,5,-19,5.7,0,0,7.0,1,12,12,12,17,11,13,7,12,14,12,11,10,10,10,13,15,12,4,8,7,1,1,11,12,22,16,2,1,16,23,0.027,2.0,4.0,80.3,11,145.9,3,104.19,22,0.5,79.4,18,-60.0,7,10,34,3,22,139.4,23,0.125,21,104.19,139.4,0.042,0.2,12.5,-60.0,12,101.33,10,11,15,25.4,13,86.83,14,0.143,0.0,20,11,0.5,79.4,7,0.205,22,10,22,2,0.512,18,25.0,13,-65.7,18,0.0,0.0,0.0,1.0,0.0,2.0,1.0,0.0,0.0,0.0,0.0,0.0,2.0,0.0,1.0,0.0,0.0,0.0,0.0,0.0,0.0,0.0,0.0,0.0,,0.0,0.0,0.0,0.0,0.0,0.0,,0.0,,2.0,2.0,0.0,,LAC,,1.0,0.0,0.0,0.0,0.0,0.0,1.0,,0.0,1.0,0.0,0.0,2020,20200913,16.0,0.063,14.0,0.0,3.0,4.0,0.125,1.0,2.0,0.0,0.0,0.0,0.0,0.0,0.0,0.0,0.0,0.0,0.0,0.0,0.0,0.0,0.0,0.0,0.0,0.0,22.0,1.5,13.0,1.0,5.0,2.0,1.0,1.0,0.0,1.83,2.0,0.7,0.227,1.0,0.0,0.0,0.0,0.0,1.0,0.0,1.0,1.0,5.2,5.2,1.0,1.0,0.0,0.0,1.0,0.0,0.0,1.0,0.0,1.0,0.0,0.0,1.0,0.25,1.0,0.0,0.0,1.0,1.0,LAC,1.0,,0.0,1.0,1.0,1610612746.0,1.0,0.25,1.0,2.0,0.5,0.5,0.5,2.0,0.5,0.0,,1.0,0.0,0.5,0.0,1.0,,,,,,,,,,,,,,0.0,0.0,1.0,0.0,0.0,0.0,0.0,0.25,0.0,0.25,0.0,1.0,,0.0,0.0,0.0,,0.0,,0.0,,0.5,0.0,1.0,0.0,3.0,1.0,0.0,2.0,0.0,0.005,31.0,0.64,0.645,20.0,F-C,0.265,1.0,0.0,0.0,1.0,0.0,0.0,,,DEN,LAC,1610612743,LAC_DEN_2020,41900236,1.0,4.0,6.0,0.667,0.515,0.152,0.5,2.0,3.0,0.667,0.366,0.3,0.5,2.0,3.0,0.667,0.556,0.111,0.333,2.0,2.0,1.0,0.615,0.385,0.5,2.0,3.0,0.667,0.6,0.067,0.5,2.0,3.0,0.667,0.401,0.266,1610612746.0,LAC,3.0,1.0,2.0,2.0,0.0,0.0,0.0,1.0,0.0,1.0,1.0,0.0,0.0,1.0,1.0,1.0,0.0,0.0,1.0,1.0,0.0,1610612746,LAC,22.0,2.0,1.0,1.0,1.0,1.0,2.0,0.5,3.0,1.5,0.0,0.0,0.0,0.0,0.0,0.0,1.0,0.5,1610612746,LAC,15.43,5767.0,1.09,0.56,0.53,3.99,4.17,3.79,2019_20
202694,Marcus Morris Sr.,Marcus,1610612746,LAC,30.0,1,0,1,0.0,29.716666666666665,1,5,0.2,1,4,0.25,2,2,1.0,1,2,3,1,1,0,0,0,4,2,5,-8,9.1,0,0,10.0,1,12,12,12,7,13,11,14,6,5,11,7,10,1,5,9,9,12,9,8,7,1,20,7,12,19,14,2,1,13,17,-0.005,1.0,5.0,95.5,15,112.5,18,94.49,18,0.3,98.3,14,-11.9,15,15,58,18,18,110.2,17,0.08,16,94.49,110.2,0.057,0.106,12.5,-11.9,6,94.88,14,13,13,12.7,13,78.74,19,0.063,0.036,15,14,1.0,98.3,18,0.103,17,6,18,16,0.425,14,12.5,11,-16.9,15,0.0,1.0,0.0,0.0,1.0,0.0,0.0,1.0,0.0,3.0,0.0,1.0,0.0,0.0,0.0,0.0,1.0,0.0,0.0,0.0,0.0,0.0,1.0,1.0,0.0,0.0,1.0,1.0,1.0,0.0,0.0,0.0,0.0,0.0,0.0,0.0,1.0,0.0,LAC,0.0,0.0,0.0,0.0,0.0,3.0,0.0,0.0,0.0,0.0,0.0,0.0,0.0,2020,20200913,28.0,0.036,22.0,0.0,2.0,3.0,0.036,0.0,1.0,0.0,1.0,2.0,2.0,0.5,0.0,0.0,1.0,0.5,0.0,0.0,1.0,0.0,2.0,2.0,0.0,1.0,35.0,0.0,22.0,1.0,5.0,1.0,0.0,0.6,0.0,1.81,0.0,1.1,0.143,1.0,1.0,0.9,1.0,1.0,0.333,0.0,0.0,1.0,4.1,5.7,1.0,1.0,0.0,2.0,0.0,1.0,0.0,2.0,0.0,1.0,1.0,2.0,3.0,,,,,,,,,,,,,,,,,,,,,,,,,,,,,,0.6,2.0,3.0,0.0,0.0,1.0,0.4,0.0,0.0,0.0,0.0,0.0,0.2,0.0,0.5,2.0,0.75,0.0,1.0,0.0,0.4,1.0,0.4,0.5,2.0,,0.0,0.0,0.0,,0.0,0.0,1.0,0.0,0.3,0.25,0.0,0.0,0.0,0.0,0.0,0.0,3.0,-0.044,38.0,0.623,0.579,22.0,F,0.297,4.0,1.0,0.375,4.0,1.0,0.25,,,DEN,LAC,1610612743,LAC_DEN_2020,41900236,1.0,3.0,7.0,0.429,0.473,-0.044,0.714,2.0,5.0,0.4,0.376,0.024,0.286,1.0,2.0,0.5,0.506,-0.006,0.143,1.0,1.0,1.0,0.627,0.373,0.143,1.0,1.0,1.0,0.588,0.412,0.714,2.0,5.0,0.4,0.394,0.006,1610612746.0,LAC,5.0,0.0,5.0,0.0,0.0,1.0,2.0,1.0,0.0,1.0,1.0,0.0,0.0,2.0,2.0,0.0,0.0,0.0,1.0,0.0,0.0,1610612746,LAC,35.0,0.0,0.0,0.0,0.0,0.0,0.0,0.0,0.0,0.0,0.0,0.0,0.0,0.0,0.0,0.0,0.0,0.0,1610612746,LAC,29.72,10869.0,2.06,1.05,1.0,3.93,4.48,3.47,2019_20
101150,Lou Williams,Lou,1610612746,LAC,33.0,1,0,1,0.0,24.433333333333334,5,11,0.455,1,2,0.5,3,3,1.0,0,2,2,1,0,3,0,1,0,2,14,-10,26.9,0,0,24.0,1,12,12,12,9,5,5,9,6,9,3,6,8,1,10,9,10,12,14,3,7,18,1,7,6,20,6,2,1,7,22,0.117,5.0,11.0,111.6,12,130.4,8,99.21,19,0.5,107.8,10,-22.2,5,14,51,8,19,130.0,22,0.118,1,99.21,130.0,0.049,0.214,7.7,-22.2,13,97.36,10,5,14,0.0,17,82.67,7,0.071,0.0,1,10,0.0,107.8,5,0.231,21,10,19,7,0.568,10,0.0,5,-18.8,10,0.0,0.0,1.0,0.333,0.0,3.0,4.0,2.0,1.0,2.0,0.5,0.0,1.0,0.0,0.0,0.0,0.0,0.0,0.5,2.0,0.5,0.0,0.0,0.0,,1.0,0.0,0.0,0.0,0.0,0.0,,0.5,0.0,1.0,3.0,0.0,0.0,LAC,0.0,0.333,0.0,0.0,1.0,2.0,1.0,5.0,,0.4,0.0,2.0,1.0,2020,20200913,36.0,0.028,41.0,1.0,4.0,4.0,0.111,2.0,4.0,0.0,0.0,0.0,8.0,0.125,0.0,0.0,0.0,0.0,0.429,3.0,1.0,7.0,0.0,7.0,0.0,0.875,49.0,0.0,17.0,0.0,14.0,0.0,0.0,4.53,0.0,5.12,0.0,4.2,0.286,1.0,0.0,0.0,0.0,0.0,0.5,0.0,0.5,1.0,5.1,5.1,1.0,1.0,0.0,1.0,1.0,0.0,0.0,2.0,0.0,1.0,0.0,1.0,2.0,0.091,0.0,0.0,0.0,0.0,0.0,LAC,1.0,,0.0,0.0,1.0,1610612746.0,1.0,0.091,0.0,4.0,0.364,0.25,0.364,4.0,0.25,0.0,,1.0,0.0,0.25,0.0,1.0,0.455,1.0,5.0,3.0,0.9,4.0,0.091,0.8,1.0,0.75,4.0,1.0,0.364,0.0,0.0,1.0,0.0,0.0,0.0,0.0,0.091,0.0,0.091,0.0,1.0,,1.0,2.0,2.0,0.5,5.0,0.667,3.0,0.833,0.5,0.0,0.0,0.0,0.0,0.0,0.0,0.0,0.0,0.004,27.0,0.626,0.63,17.0,G,0.278,0.0,0.0,,0.0,0.0,,,,DEN,LAC,1610612743,LAC_DEN_2020,41900236,1.0,3.0,4.0,0.75,0.476,0.274,0.5,2.0,2.0,1.0,0.343,0.657,0.5,1.0,2.0,0.5,0.54,-0.04,0.5,1.0,2.0,0.5,0.64,-0.14,0.5,1.0,2.0,0.5,0.603,-0.103,0.5,2.0,2.0,1.0,0.378,0.622,1610612746.0,LAC,2.0,0.0,2.0,3.0,0.0,1.0,3.0,1.0,0.0,1.0,1.0,0.0,0.0,1.0,1.0,0.0,0.0,0.0,1.0,0.0,0.0,1610612746,LAC,49.0,0.0,0.0,0.0,0.0,0.0,0.0,0.0,0.0,0.0,0.0,0.0,0.0,0.0,0.0,0.0,0.0,0.0,1610612746,LAC,24.43,9271.0,1.76,0.94,0.82,4.14,4.32,3.53,2019_20
1627826,Ivica Zubac,Ivica,1610612746,LAC,23.0,1,0,1,0.0,29.85,1,6,0.167,0,0,0.0,0,0,0.0,4,8,12,1,1,0,2,0,3,0,2,11,22.9,0,0,19.0,1,12,12,12,6,13,10,15,12,16,12,14,14,14,1,2,2,12,9,8,1,1,16,14,15,3,7,2,1,8,8,0.05,1.0,6.0,116.5,2,99.4,19,94.07,4,0.167,119.0,5,20.7,17,17,58,19,2,98.3,8,0.308,15,94.07,98.3,0.222,0.104,12.5,20.7,6,94.55,15,13,2,12.5,13,78.39,13,0.048,0.143,15,16,1.0,119.0,17,0.104,8,1,2,18,0.167,5,12.5,10,17.1,6,0.0,0.0,0.0,0.2,0.0,5.0,1.0,0.0,0.0,0.0,0.0,0.0,1.0,0.0,0.0,0.0,0.0,0.0,0.0,0.0,0.0,0.0,0.0,0.0,0.0,0.0,0.0,0.0,0.0,0.0,0.0,0.0,0.0,0.0,1.0,5.0,0.0,0.0,LAC,0.0,0.2,0.0,0.0,0.0,0.0,0.0,1.0,0.0,0.0,0.0,0.0,0.0,2020,20200913,30.0,0.033,13.0,0.0,3.0,2.0,0.033,0.0,1.0,0.0,0.0,0.0,0.0,0.0,0.0,0.0,0.0,0.0,0.0,0.0,0.0,0.0,0.0,0.0,0.0,0.0,37.0,0.0,16.0,1.0,2.0,9.0,0.222,0.16,0.0,1.21,0.0,0.7,0.054,0.706,3.0,2.1,0.75,6.0,0.417,1.0,0.25,0.727,3.6,4.3,5.0,0.8,1.0,7.0,2.0,0.667,0.0,11.0,1.0,0.75,0.667,6.0,17.0,0.167,0.0,0.0,0.0,0.0,0.0,LAC,1.0,,0.0,0.0,1.0,1610612746.0,1.0,0.167,0.0,5.0,0.833,0.2,0.833,5.0,0.2,0.0,,1.0,0.0,0.2,0.0,1.0,,,,,,,,,,,,,,,,,,,,,,,,,,,,0.0,,,0.0,,0.0,,0.167,0.0,0.0,0.0,0.0,0.167,0.0,2.0,0.0,-0.104,53.0,0.651,0.547,29.0,C,0.252,0.0,,,,0.0,,,,DEN,LAC,1610612743,LAC_DEN_2020,41900236,1.0,11.0,21.0,0.524,0.498,0.026,0.19,2.0,4.0,0.5,0.344,0.157,0.81,9.0,17.0,0.529,0.562,-0.033,0.238,3.0,5.0,0.6,0.651,-0.051,0.381,6.0,8.0,0.75,0.608,0.142,0.476,4.0,10.0,0.4,0.382,0.018,1610612746.0,LAC,14.0,11.0,3.0,2.0,0.0,3.0,7.0,0.0,1.0,1.0,0.0,1.0,0.0,2.0,2.0,1.0,1.0,0.0,1.0,1.0,1.0,1610612746,LAC,37.0,0.0,0.0,0.0,0.0,0.0,0.0,0.0,0.0,0.0,0.0,0.0,0.0,0.0,0.0,0.0,0.0,0.0,1610612746,LAC,29.85,11794.0,2.23,1.13,1.1,4.1,4.56,3.72,2019_20
203210,JaMychal Green,JaMychal,1610612746,LAC,30.0,1,0,1,0.0,20.2,5,8,0.625,1,3,0.333,0,0,0.0,1,1,2,2,0,0,0,0,3,0,11,-10,16.4,0,0,16.0,1,12,12,12,12,5,7,3,6,7,10,14,14,14,5,13,10,8,14,8,7,1,16,14,8,20,11,2,1,9,21,0.085,5.0,8.0,107.0,14,129.0,6,99.8,20,0.688,102.4,13,-23.8,10,7,42,6,20,126.2,21,0.083,1,99.8,126.2,0.059,0.174,20.0,-23.8,13,96.57,4,5,12,0.0,7,83.17,10,0.182,0.045,1,5,0.0,102.4,10,0.185,20,5,20,9,0.688,13,0.0,7,-22.1,13,0.0,0.0,0.0,0.8,3.0,5.0,0.0,0.0,0.0,0.0,0.0,0.333,4.0,0.5,0.0,1.0,1.0,0.0,0.0,0.0,0.0,2.0,0.0,1.0,,0.0,0.333,0.0,1.0,0.0,0.0,,0.0,0.0,4.0,5.0,3.0,0.0,LAC,0.0,0.8,0.0,0.0,0.0,0.0,0.0,0.0,,0.0,0.0,0.0,0.0,2020,20200913,17.0,0.118,17.0,1.0,8.0,4.0,0.176,0.0,3.0,0.0,0.0,0.0,2.0,0.0,0.0,0.0,0.0,0.0,0.0,0.0,0.0,1.0,0.0,0.0,0.0,0.0,28.0,0.0,18.0,1.0,11.0,5.0,0.8,0.46,0.0,1.44,1.0,0.7,0.393,1.0,1.0,76.9,1.0,1.0,0.5,0.0,0.0,1.0,39.8,2.6,1.0,1.0,0.0,1.0,0.0,1.0,0.0,1.0,0.0,1.0,1.0,1.0,2.0,,,,,,,,,,,,,,,,,4.0,0.5,0.75,0.5,4.0,0.75,0.0,,3.0,0.0,0.75,0.0,3.0,0.25,1.0,2.0,1.0,1.25,1.0,0.125,1.0,1.0,1.0,2.0,1.0,0.125,0.0,0.0,2.0,0.0,0.0,0.0,0.0,0.25,0.0,0.25,0.0,2.0,,0.0,0.0,0.0,,0.0,,0.0,,0.688,0.333,0.0,0.0,0.0,1.0,0.0,4.0,3.0,0.101,25.0,0.659,0.76,19.0,F-C,0.347,3.0,1.0,0.5,3.0,1.0,0.333,,,DEN,LAC,1610612743,LAC_DEN_2020,41900236,1.0,2.0,4.0,0.5,0.484,0.016,0.75,1.0,3.0,0.333,0.392,-0.059,0.25,1.0,1.0,1.0,0.524,0.476,0.25,1.0,1.0,1.0,0.627,0.373,0.25,1.0,1.0,1.0,0.588,0.412,0.75,1.0,3.0,0.333,0.414,-0.08,1610612746.0,LAC,4.0,1.0,3.0,0.0,0.0,1.0,2.0,1.0,0.0,1.0,1.0,0.0,0.0,5.0,5.0,3.0,0.0,0.0,1.0,1.0,0.0,1610612746,LAC,28.0,1.0,0.0,0.0,0.0,0.0,0.0,0.0,0.0,0.0,1.0,1.0,0.0,0.0,0.0,0.0,0.0,0.0,1610612746,LAC,20.2,8127.0,1.54,0.81,0.73,4.15,4.54,3.77,2019_20
1629013,Landry Shamet,Landry,1610612746,LAC,23.0,1,0,1,0.0,19.516666666666666,0,3,0.0,0,3,0.0,1,2,0.5,0,0,0,2,2,0,0,0,1,1,1,-1,2.0,0,0,3.0,1,12,12,12,14,16,15,16,12,7,12,11,10,10,10,18,18,8,4,8,7,1,9,11,17,15,18,2,1,17,13,-0.053,0.0,3.0,100.7,18,110.7,4,103.3,17,0.0,97.7,15,-7.2,13,10,43,4,17,104.9,13,0.0,21,103.3,104.9,0.0,0.122,25.0,-7.2,6,99.07,16,16,18,25.4,5,86.08,22,0.143,0.0,20,17,1.0,97.7,13,0.126,14,10,17,5,0.129,15,25.0,15,-10.0,14,0.0,0.0,0.0,0.0,1.0,0.0,0.0,0.0,0.0,2.0,0.0,0.0,0.0,0.0,0.0,0.0,0.0,0.0,0.0,0.0,0.0,0.0,0.0,1.0,0.0,0.0,0.0,0.0,0.0,0.0,0.0,0.0,0.0,0.0,0.0,0.0,1.0,0.0,LAC,0.0,0.0,0.0,0.0,0.0,2.0,0.0,0.0,0.0,0.0,0.0,0.0,0.0,2020,20200913,16.0,0.125,16.0,0.0,5.0,2.0,0.125,0.0,2.0,0.5,1.0,2.0,2.0,0.0,1.0,0.0,0.667,0.5,0.0,0.0,0.0,0.0,3.0,1.0,0.0,0.5,23.0,0.0,13.0,0.0,1.0,0.0,0.0,1.0,0.0,1.79,0.0,0.7,0.043,,,,,,,,,,,,,,,,,,,,,,,,,,,,,,,,,,,,,,,,,,,,,,,,,,,,,,1.0,3.0,3.0,0.0,0.0,0.0,1.0,0.0,0.0,,0.0,0.0,0.0,,,,,,,,,,,,,,0.0,0.0,0.0,,0.0,,0.0,,0.0,0.0,0.0,0.0,0.0,0.0,0.0,0.0,0.0,-0.018,28.0,0.589,0.571,16.0,G,0.373,3.0,0.0,0.0,3.0,0.0,0.0,,,DEN,LAC,1610612743,LAC_DEN_2020,41900236,1.0,2.0,4.0,0.5,0.451,0.049,,,,,,,1.0,2.0,4.0,0.5,0.528,-0.028,0.5,1.0,2.0,0.5,0.614,-0.114,0.5,1.0,2.0,0.5,0.577,-0.077,0.5,1.0,2.0,0.5,0.412,0.089,1610612746.0,LAC,3.0,3.0,0.0,0.0,0.0,0.0,0.0,0.0,0.0,0.0,0.0,0.0,0.0,0.0,0.0,0.0,0.0,0.0,0.0,0.0,0.0,1610612746,LAC,23.0,0.0,0.0,0.0,0.0,0.0,0.0,0.0,0.0,0.0,0.0,0.0,0.0,0.0,0.0,0.0,0.0,0.0,1610612746,LAC,19.52,8523.0,1.61,0.85,0.76,4.47,5.04,4.47,2019_20
