GAME_ID,TEAM_ID,TEAM_CITY,TEAM_NAME,PERSON_ID,PLAYER_FIRST,PLAYER_LAST,IN_TIME_REAL,OUT_TIME_REAL,PLAYER_PTS,PT_DIFF,USG_PCT
0022200777,1610612756,Phoenix,Suns,101108,Chris,Paul,0.0,4920.0,0,-4.0,0.136
0022200777,1610612756,Phoenix,Suns,101108,Chris,Paul,8860.0,19850.0,3,-22.0,0.136
0022200777,1610612756,Phoenix,Suns,202687,Bismack,Biyombo,5560.0,9490.0,2,-9.0,0.133
0022200777,1610612756,Phoenix,Suns,202687,Bismack,Biyombo,19850.0,21920.0,0,0.0,0.0
0022200777,1610612756,Phoenix,Suns,203967,Dario,Saric,2580.0,7200.0,2,3.0,0.158
0022200777,1610612756,Phoenix,Suns,203967,Dario,Saric,11090.0,12190.0,0,-2.0,0.25
0022200777,1610612756,Phoenix,Suns,203967,Dario,Saric,21600.0,28800.0,9,3.0,0.207
0022200777,1610612756,Phoenix,Suns,1627814,Damion,Lee,4300.0,9490.0,0,-9.0,0.158
0022200777,1610612756,Phoenix,Suns,1627814,Damion,Lee,18070.0,25390.0,10,-10.0,0.333
0022200777,1610612756,Phoenix,Suns,1628470,Torrey,Craig,0.0,4300.0,5,-6.0,0.158
0022200777,1610612756,Phoenix,Suns,1628470,Torrey,Craig,9490.0,18950.0,2,-13.0,0.128
0022200777,1610612756,Phoenix,Suns,1628969,Mikal,Bridges,0.0,7200.0,10,-3.0,0.3
0022200777,1610612756,Phoenix,Suns,1628969,Mikal,Bridges,9780.0,20570.0,13,-15.0,0.372
0022200777,1610612756,Phoenix,Suns,1629006,Josh,Okogie,7200.0,11090.0,0,-14.0,0.143
0022200777,1610612756,Phoenix,Suns,1629006,Josh,Okogie,20570.0,22490.0,0,-5.0,0.286
0022200777,1610612756,Phoenix,Suns,1629006,Josh,Okogie,25390.0,28800.0,2,9.0,0.154
0022200777,1610612756,Phoenix,Suns,1629028,Deandre,Ayton,0.0,5560.0,4,-6.0,0.208
0022200777,1610612756,Phoenix,Suns,1629028,Deandre,Ayton,9490.0,19850.0,16,-20.0,0.19
0022200777,1610612756,Phoenix,Suns,1629111,Jock,Landale,22490.0,28800.0,6,6.0,0.269
0022200777,1610612756,Phoenix,Suns,1629661,Cameron,Johnson,0.0,2580.0,0,-6.0,0.273
0022200777,1610612756,Phoenix,Suns,1629661,Cameron,Johnson,7200.0,9780.0,3,-15.0,0.333
0022200777,1610612756,Phoenix,Suns,1629661,Cameron,Johnson,14031.0,18070.0,3,-10.0,0.176
0022200777,1610612756,Phoenix,Suns,1630240,Saben,Lee,4920.0,8860.0,0,-9.0,0.063
0022200777,1610612756,Phoenix,Suns,1630240,Saben,Lee,19850.0,28800.0,6,3.0,0.194
0022200777,1610612756,Phoenix,Suns,1630688,Ish,Wainright,12190.0,14031.0,0,-2.0,0.111
0022200777,1610612756,Phoenix,Suns,1630688,Ish,Wainright,18950.0,21600.0,0,-7.0,0.111
0022200777,1610612756,Phoenix,Suns,1630688,Ish,Wainright,21920.0,28800.0,4,3.0,0.071
0022200832,1610612756,Phoenix,Suns,101108,Chris,Paul,0.0,5700.0,5,-9.0,0.136
0022200832,1610612756,Phoenix,Suns,101108,Chris,Paul,7200.0,10400.0,0,-2.0,0.182
0022200832,1610612756,Phoenix,Suns,101108,Chris,Paul,14116.0,20470.0,6,-3.0,0.292
0022200832,1610612756,Phoenix,Suns,101108,Chris,Paul,23710.0,28120.0,4,-3.0,0.176
0022200832,1610612756,Phoenix,Suns,202687,Bismack,Biyombo,4930.0,10150.0,0,-9.0,0.053
0022200832,1610612756,Phoenix,Suns,202687,Bismack,Biyombo,19490.0,23170.0,2,4.0,0.143
0022200832,1610612756,Phoenix,Suns,1627814,Damion,Lee,0.0,4510.0,2,-7.0,0.167
0022200832,1610612756,Phoenix,Suns,1627814,Damion,Lee,5700.0,9420.0,4,-7.0,0.571
0022200832,1610612756,Phoenix,Suns,1627814,Damion,Lee,14116.0,17510.0,2,-9.0,0.333
0022200832,1610612756,Phoenix,Suns,1627814,Damion,Lee,20470.0,23710.0,2,1.0,0.333
0022200832,1610612756,Phoenix,Suns,1628470,Torrey,Craig,0.0,5700.0,0,-9.0,0.091
0022200832,1610612756,Phoenix,Suns,1628470,Torrey,Craig,9420.0,14116.0,0,7.0,0.053
0022200832,1610612756,Phoenix,Suns,1628470,Torrey,Craig,14400.0,20470.0,2,-3.0,0.174
0022200832,1610612756,Phoenix,Suns,1628470,Torrey,Craig,24500.0,28800.0,0,2.0,0.059
0022200832,1610612756,Phoenix,Suns,1629006,Josh,Okogie,4510.0,7200.0,2,-7.0,0.273
0022200832,1610612756,Phoenix,Suns,1629006,Josh,Okogie,9170.0,14400.0,9,6.0,0.286
0022200832,1610612756,Phoenix,Suns,1629006,Josh,Okogie,17510.0,28800.0,14,9.0,0.222
0022200832,1610612756,Phoenix,Suns,1629028,Deandre,Ayton,0.0,4930.0,8,-7.0,0.35
0022200832,1610612756,Phoenix,Suns,1629028,Deandre,Ayton,10150.0,19490.0,10,1.0,0.2
0022200832,1610612756,Phoenix,Suns,1629028,Deandre,Ayton,24500.0,28120.0,5,-3.0,0.308
0022200832,1610612756,Phoenix,Suns,1629111,Jock,Landale,0.0,4510.0,0,-7.0,0.167
0022200832,1610612756,Phoenix,Suns,1629111,Jock,Landale,10150.0,12560.0,2,6.0,0.222
0022200832,1610612756,Phoenix,Suns,1629111,Jock,Landale,14400.0,17070.0,0,-7.0,0.0
0022200832,1610612756,Phoenix,Suns,1629111,Jock,Landale,23170.0,24500.0,2,0.0,0.333
0022200832,1610612756,Phoenix,Suns,1629111,Jock,Landale,28120.0,28800.0,0,5.0,0.0
0022200832,1610612756,Phoenix,Suns,1630240,Saben,Lee,5700.0,9170.0,2,-6.0,0.071
0022200832,1610612756,Phoenix,Suns,1630240,Saben,Lee,10400.0,14116.0,0,7.0,0.133
0022200832,1610612756,Phoenix,Suns,1630240,Saben,Lee,20470.0,24500.0,5,1.0,0.25
0022200832,1610612756,Phoenix,Suns,1630240,Saben,Lee,28120.0,28800.0,2,5.0,0.2
0022200832,1610612756,Phoenix,Suns,1630688,Ish,Wainright,4510.0,10150.0,3,-9.0,0.095
0022200832,1610612756,Phoenix,Suns,1630688,Ish,Wainright,12560.0,14400.0,2,1.0,0.143
0022200832,1610612756,Phoenix,Suns,1630688,Ish,Wainright,17070.0,28800.0,12,7.0,0.17
0022200373,1610612756,Phoenix,Suns,101108,Chris,Paul,0.0,4650.0,2,0.0,0.095
0022200373,1610612756,Phoenix,Suns,101108,Chris,Paul,8850.0,18630.0,2,-28.0,0.195
0022200373,1610612756,Phoenix,Suns,202687,Bismack,Biyombo,18630.0,21600.0,0,5.0,0.188
0022200373,1610612756,Phoenix,Suns,203967,Dario,Saric,21600.0,28800.0,4,12.0,0.179
0022200373,1610612756,Phoenix,Suns,1626164,Devin,Booker,0.0,7200.0,6,-10.0,0.345
0022200373,1610612756,Phoenix,Suns,1626164,Devin,Booker,10380.0,13720.0,4,-13.0,0.286
0022200373,1610612756,Phoenix,Suns,1626164,Devin,Booker,14400.0,18630.0,7,-17.0,0.438
0022200373,1610612756,Phoenix,Suns,1626166,Cameron,Payne,4650.0,8850.0,1,-16.0,0.25
0022200373,1610612756,Phoenix,Suns,1626166,Cameron,Payne,18630.0,24210.0,11,2.0,0.37
0022200373,1610612756,Phoenix,Suns,1627814,Damion,Lee,4650.0,8850.0,0,-16.0,0.0
0022200373,1610612756,Phoenix,Suns,1627814,Damion,Lee,18630.0,22740.0,2,7.0,0.095
0022200373,1610612756,Phoenix,Suns,1628470,Torrey,Craig,0.0,6671.0,6,-11.0,0.185
0022200373,1610612756,Phoenix,Suns,1628470,Torrey,Craig,11080.0,18630.0,5,-25.0,0.156
0022200373,1610612756,Phoenix,Suns,1628969,Mikal,Bridges,0.0,4650.0,2,0.0,0.238
0022200373,1610612756,Phoenix,Suns,1628969,Mikal,Bridges,6671.0,18630.0,2,-33.0,0.157
0022200373,1610612756,Phoenix,Suns,1629006,Josh,Okogie,7200.0,10380.0,7,-2.0,0.286
0022200373,1610612756,Phoenix,Suns,1629006,Josh,Okogie,13720.0,14400.0,0,-2.0,0.25
0022200373,1610612756,Phoenix,Suns,1629006,Josh,Okogie,18630.0,28800.0,21,17.0,0.364
0022200373,1610612756,Phoenix,Suns,1629013,Landry,Shamet,8850.0,11080.0,0,-3.0,0.0
0022200373,1610612756,Phoenix,Suns,1629013,Landry,Shamet,18630.0,28800.0,6,17.0,0.114
0022200373,1610612756,Phoenix,Suns,1629028,Deandre,Ayton,0.0,4900.0,4,0.0,0.19
0022200373,1610612756,Phoenix,Suns,1629028,Deandre,Ayton,8850.0,18630.0,4,-28.0,0.171
0022200373,1610612756,Phoenix,Suns,1629111,Jock,Landale,4900.0,8850.0,0,-16.0,0.2
0022200373,1610612756,Phoenix,Suns,1629111,Jock,Landale,24210.0,28800.0,2,15.0,0.118
0022200373,1610612756,Phoenix,Suns,1630688,Ish,Wainright,22740.0,28800.0,0,10.0,0.0
0022200788,1610612756,Phoenix,Suns,101108,Chris,Paul,0.0,5440.0,0,5.0,0.045
0022200788,1610612756,Phoenix,Suns,101108,Chris,Paul,9480.0,20070.0,15,-10.0,0.268
0022200788,1610612756,Phoenix,Suns,101108,Chris,Paul,23810.0,28800.0,0,1.0,0.2
0022200788,1610612756,Phoenix,Suns,203967,Dario,Saric,0.0,2440.0,0,-7.0,0.2
0022200788,1610612756,Phoenix,Suns,203967,Dario,Saric,4310.0,9480.0,6,9.0,0.158
0022200788,1610612756,Phoenix,Suns,203967,Dario,Saric,13340.0,18180.0,2,-9.0,0.333
0022200788,1610612756,Phoenix,Suns,203967,Dario,Saric,21600.0,23810.0,3,10.0,0.2
0022200788,1610612756,Phoenix,Suns,203967,Dario,Saric,25110.0,28273.0,3,5.0,0.077
0022200788,1610612756,Phoenix,Suns,1627814,Damion,Lee,2440.0,10850.0,5,23.0,0.147
0022200788,1610612756,Phoenix,Suns,1627814,Damion,Lee,14337.0,14400.0,0,0.0,0.0
0022200788,1610612756,Phoenix,Suns,1627814,Damion,Lee,18180.0,25110.0,6,5.0,0.185
0022200788,1610612756,Phoenix,Suns,1627814,Damion,Lee,28170.0,28800.0,0,2.0,0.0
0022200788,1610612756,Phoenix,Suns,1628470,Torrey,Craig,0.0,4310.0,2,3.0,0.158
0022200788,1610612756,Phoenix,Suns,1628470,Torrey,Craig,9480.0,13670.0,0,-3.0,0.063
0022200788,1610612756,Phoenix,Suns,1628470,Torrey,Craig,14400.0,16820.0,0,-5.0,0.0
0022200788,1610612756,Phoenix,Suns,1628470,Torrey,Craig,28273.0,28800.0,0,0.0,0.0
0022200788,1610612756,Phoenix,Suns,1628969,Mikal,Bridges,0.0,7200.0,8,4.0,0.286
0022200788,1610612756,Phoenix,Suns,1628969,Mikal,Bridges,10850.0,21600.0,9,-15.0,0.256
0022200788,1610612756,Phoenix,Suns,1628969,Mikal,Bridges,23810.0,28800.0,8,1.0,0.25
0022200788,1610612756,Phoenix,Suns,1629028,Deandre,Ayton,0.0,7177.0,8,4.0,0.286
0022200788,1610612756,Phoenix,Suns,1629028,Deandre,Ayton,10850.0,20380.0,2,-13.0,0.118
0022200788,1610612756,Phoenix,Suns,1629028,Deandre,Ayton,24070.0,28273.0,4,3.0,0.25
0022200788,1610612756,Phoenix,Suns,1629111,Jock,Landale,7200.0,10850.0,6,12.0,0.375
0022200788,1610612756,Phoenix,Suns,1629111,Jock,Landale,20380.0,24070.0,3,6.0,0.125
0022200788,1610612756,Phoenix,Suns,1630240,Saben,Lee,5440.0,9480.0,5,7.0,0.25
0022200788,1610612756,Phoenix,Suns,1630240,Saben,Lee,20070.0,23810.0,2,9.0,0.125
0022200788,1610612756,Phoenix,Suns,1630688,Ish,Wainright,7177.0,13340.0,3,7.0,0.12
0022200788,1610612756,Phoenix,Suns,1630688,Ish,Wainright,13670.0,14337.0,3,4.0,0.333
0022200788,1610612756,Phoenix,Suns,1630688,Ish,Wainright,16820.0,28170.0,0,2.0,0.136
0022200788,1610612756,Phoenix,Suns,1630688,Ish,Wainright,28273.0,28800.0,3,0.0,0.5
0022200565,1610612756,Phoenix,Suns,101108,Chris,Paul,0.0,4420.0,0,3.0,0.25
0022200565,1610612756,Phoenix,Suns,101108,Chris,Paul,7200.0,12920.0,11,11.0,0.227
0022200565,1610612756,Phoenix,Suns,101108,Chris,Paul,13913.0,20220.0,3,-1.0,0.217
0022200565,1610612756,Phoenix,Suns,101108,Chris,Paul,21153.0,28800.0,11,-6.0,0.233
0022200565,1610612756,Phoenix,Suns,202687,Bismack,Biyombo,5940.0,10240.0,0,9.0,0.063
0022200565,1610612756,Phoenix,Suns,202687,Bismack,Biyombo,20220.0,21600.0,0,-4.0,0.167
0022200565,1610612756,Phoenix,Suns,203967,Dario,Saric,0.0,4420.0,3,3.0,0.083
0022200565,1610612756,Phoenix,Suns,203967,Dario,Saric,14400.0,19520.0,5,0.0,0.278
0022200565,1610612756,Phoenix,Suns,203967,Dario,Saric,21600.0,23200.0,2,-5.0,0.286
0022200565,1610612756,Phoenix,Suns,1626166,Cameron,Payne,4420.0,7200.0,2,-4.0,0.545
0022200565,1610612756,Phoenix,Suns,1626166,Cameron,Payne,11540.0,13913.0,0,2.0,0.25
0022200565,1610612756,Phoenix,Suns,1627814,Damion,Lee,4930.0,11540.0,2,5.0,0.185
0022200565,1610612756,Phoenix,Suns,1627814,Damion,Lee,19520.0,22720.0,0,-7.0,0.0
0022200565,1610612756,Phoenix,Suns,1627814,Damion,Lee,28760.0,28800.0,0,0.0,0.0
0022200565,1610612756,Phoenix,Suns,1628470,Torrey,Craig,4420.0,9230.0,2,3.0,0.105
0022200565,1610612756,Phoenix,Suns,1628470,Torrey,Craig,12920.0,14400.0,0,0.0,0.0
0022200565,1610612756,Phoenix,Suns,1628470,Torrey,Craig,20700.0,28760.0,2,-8.0,0.097
0022200565,1610612756,Phoenix,Suns,1628969,Mikal,Bridges,0.0,5940.0,3,-3.0,0.167
0022200565,1610612756,Phoenix,Suns,1628969,Mikal,Bridges,9230.0,20700.0,3,0.0,0.238
0022200565,1610612756,Phoenix,Suns,1628969,Mikal,Bridges,24580.0,28800.0,4,-9.0,0.333
0022200565,1610612756,Phoenix,Suns,1629013,Landry,Shamet,0.0,4930.0,0,3.0,0.071
0022200565,1610612756,Phoenix,Suns,1629013,Landry,Shamet,9900.0,19520.0,8,4.0,0.167
0022200565,1610612756,Phoenix,Suns,1629013,Landry,Shamet,21600.0,28800.0,6,-7.0,0.25
0022200565,1610612756,Phoenix,Suns,1629028,Deandre,Ayton,0.0,5940.0,4,-3.0,0.222
0022200565,1610612756,Phoenix,Suns,1629028,Deandre,Ayton,10240.0,20220.0,9,3.0,0.189
0022200565,1610612756,Phoenix,Suns,1629028,Deandre,Ayton,22720.0,28800.0,2,-5.0,0.208
0022200565,1610612756,Phoenix,Suns,1630613,Duane,Washington Jr.,20220.0,21600.0,0,-4.0,0.333
0022200565,1610612756,Phoenix,Suns,1630688,Ish,Wainright,5940.0,9900.0,3,9.0,0.2
0022200565,1610612756,Phoenix,Suns,1630688,Ish,Wainright,19520.0,21153.0,3,-6.0,0.286
0022200565,1610612756,Phoenix,Suns,1630688,Ish,Wainright,23200.0,24580.0,0,7.0,0.0
0022200603,1610612756,Phoenix,Suns,203967,Dario,Saric,0.0,4480.0,3,-6.0,0.125
0022200603,1610612756,Phoenix,Suns,203967,Dario,Saric,8200.0,11200.0,0,-2.0,0.1
0022200603,1610612756,Phoenix,Suns,203967,Dario,Saric,14400.0,18720.0,0,1.0,0.125
0022200603,1610612756,Phoenix,Suns,203967,Dario,Saric,24950.0,28800.0,0,2.0,0.0
0022200603,1610612756,Phoenix,Suns,1627814,Damion,Lee,3900.0,9640.0,2,-7.0,0.1
0022200603,1610612756,Phoenix,Suns,1627814,Damion,Lee,19090.0,28800.0,5,-10.0,0.143
0022200603,1610612756,Phoenix,Suns,1628470,Torrey,Craig,0.0,3900.0,2,-3.0,0.154
0022200603,1610612756,Phoenix,Suns,1628470,Torrey,Craig,11200.0,19090.0,3,9.0,0.152
0022200603,1610612756,Phoenix,Suns,1628470,Torrey,Craig,21571.0,23980.0,0,-9.0,0.111
0022200603,1610612756,Phoenix,Suns,1628969,Mikal,Bridges,0.0,5070.0,7,-6.0,0.278
0022200603,1610612756,Phoenix,Suns,1628969,Mikal,Bridges,7087.0,21600.0,8,8.0,0.109
0022200603,1610612756,Phoenix,Suns,1628969,Mikal,Bridges,23980.0,27210.0,0,-12.0,0.083
0022200603,1610612756,Phoenix,Suns,1629006,Josh,Okogie,5070.0,7087.0,2,-3.0,0.143
0022200603,1610612756,Phoenix,Suns,1629006,Josh,Okogie,9640.0,11630.0,0,0.0,0.143
0022200603,1610612756,Phoenix,Suns,1629006,Josh,Okogie,27210.0,28800.0,2,8.0,0.2
0022200603,1610612756,Phoenix,Suns,1629013,Landry,Shamet,0.0,3900.0,3,-3.0,0.154
0022200603,1610612756,Phoenix,Suns,1629013,Landry,Shamet,6905.0,10420.0,3,-2.0,0.273
0022200603,1610612756,Phoenix,Suns,1629013,Landry,Shamet,11630.0,18470.0,5,8.0,0.2
0022200603,1610612756,Phoenix,Suns,1629013,Landry,Shamet,21600.0,27210.0,0,-21.0,0.2
0022200603,1610612756,Phoenix,Suns,1629028,Deandre,Ayton,0.0,6290.0,4,-11.0,0.273
0022200603,1610612756,Phoenix,Suns,1629028,Deandre,Ayton,10420.0,20530.0,8,11.0,0.225
0022200603,1610612756,Phoenix,Suns,1629028,Deandre,Ayton,24950.0,26470.0,2,-5.0,0.4
0022200603,1610612756,Phoenix,Suns,1629111,Jock,Landale,6290.0,10420.0,5,1.0,0.357
0022200603,1610612756,Phoenix,Suns,1629111,Jock,Landale,20530.0,24950.0,4,-17.0,0.278
0022200603,1610612756,Phoenix,Suns,1629111,Jock,Landale,26470.0,28800.0,5,7.0,0.286
0022200603,1610612756,Phoenix,Suns,1630613,Duane,Washington Jr.,3900.0,6905.0,3,-5.0,0.417
0022200603,1610612756,Phoenix,Suns,1630613,Duane,Washington Jr.,10420.0,14400.0,11,7.0,0.467
0022200603,1610612756,Phoenix,Suns,1630613,Duane,Washington Jr.,18470.0,21571.0,8,1.0,0.333
0022200603,1610612756,Phoenix,Suns,1630613,Duane,Washington Jr.,21600.0,24950.0,0,-15.0,0.357
0022200603,1610612756,Phoenix,Suns,1630613,Duane,Washington Jr.,27210.0,28800.0,3,8.0,0.2
0022200603,1610612756,Phoenix,Suns,1630688,Ish,Wainright,4480.0,8200.0,0,-5.0,0.0
0022200603,1610612756,Phoenix,Suns,1630688,Ish,Wainright,18720.0,21600.0,0,1.0,0.286
0022200395,1610612756,Phoenix,Suns,101108,Chris,Paul,0.0,4510.0,0,4.0,0.056
0022200395,1610612756,Phoenix,Suns,101108,Chris,Paul,7590.0,12300.0,4,-3.0,0.2
0022200395,1610612756,Phoenix,Suns,101108,Chris,Paul,14400.0,18520.0,0,-12.0,0.222
0022200395,1610612756,Phoenix,Suns,101108,Chris,Paul,23060.0,28585.0,0,8.0,0.1
0022200395,1610612756,Phoenix,Suns,101108,Chris,Paul,28585.0,28772.0,2,3.0,0.5
0022200395,1610612756,Phoenix,Suns,101108,Chris,Paul,28800.0,30080.0,0,-3.0,0.25
0022200395,1610612756,Phoenix,Suns,203967,Dario,Saric,0.0,4240.0,5,4.0,0.235
0022200395,1610612756,Phoenix,Suns,203967,Dario,Saric,8690.0,10860.0,0,1.0,0.222
0022200395,1610612756,Phoenix,Suns,203967,Dario,Saric,14400.0,17540.0,0,-8.0,0.143
0022200395,1610612756,Phoenix,Suns,203967,Dario,Saric,20360.0,21368.0,0,3.0,0.0
0022200395,1610612756,Phoenix,Suns,203967,Dario,Saric,21600.0,23870.0,0,-7.0,0.25
0022200395,1610612756,Phoenix,Suns,1626166,Cameron,Payne,4510.0,9040.0,2,-5.0,0.263
0022200395,1610612756,Phoenix,Suns,1626166,Cameron,Payne,11520.0,14400.0,3,-3.0,0.357
0022200395,1610612756,Phoenix,Suns,1626166,Cameron,Payne,18520.0,21368.0,10,6.0,0.333
0022200395,1610612756,Phoenix,Suns,1626166,Cameron,Payne,21600.0,23870.0,0,-7.0,0.25
0022200395,1610612756,Phoenix,Suns,1626166,Cameron,Payne,30080.0,31800.0,2,-2.0,0.4
0022200395,1610612756,Phoenix,Suns,1627814,Damion,Lee,4240.0,8690.0,3,-2.0,0.167
0022200395,1610612756,Phoenix,Suns,1627814,Damion,Lee,10860.0,14400.0,0,-2.0,0.059
0022200395,1610612756,Phoenix,Suns,1627814,Damion,Lee,17540.0,21368.0,2,2.0,0.125
0022200395,1610612756,Phoenix,Suns,1627814,Damion,Lee,21600.0,22130.0,0,0.0,0.0
0022200395,1610612756,Phoenix,Suns,1627814,Damion,Lee,23870.0,31800.0,7,7.0,0.25
0022200395,1610612756,Phoenix,Suns,1628470,Torrey,Craig,0.0,4510.0,2,4.0,0.111
0022200395,1610612756,Phoenix,Suns,1628470,Torrey,Craig,6150.0,8690.0,0,-6.0,0.1
0022200395,1610612756,Phoenix,Suns,1628470,Torrey,Craig,12300.0,18770.0,2,-17.0,0.1
0022200395,1610612756,Phoenix,Suns,1628470,Torrey,Craig,21368.0,21600.0,0,0.0,0.0
0022200395,1610612756,Phoenix,Suns,1628470,Torrey,Craig,23870.0,31800.0,10,7.0,0.179
0022200395,1610612756,Phoenix,Suns,1628969,Mikal,Bridges,0.0,5980.0,12,6.0,0.32
0022200395,1610612756,Phoenix,Suns,1628969,Mikal,Bridges,8690.0,19550.0,9,-15.0,0.184
0022200395,1610612756,Phoenix,Suns,1628969,Mikal,Bridges,21368.0,21600.0,0,0.0,0.0
0022200395,1610612756,Phoenix,Suns,1628969,Mikal,Bridges,22130.0,31800.0,6,0.0,0.235
0022200395,1610612756,Phoenix,Suns,1629006,Josh,Okogie,5980.0,7590.0,2,1.0,0.286
0022200395,1610612756,Phoenix,Suns,1629006,Josh,Okogie,18770.0,20360.0,0,5.0,0.0
0022200395,1610612756,Phoenix,Suns,1629006,Josh,Okogie,21368.0,21600.0,0,0.0,0.0
0022200395,1610612756,Phoenix,Suns,1629006,Josh,Okogie,28585.0,28585.0,0,0.0,0.0
0022200395,1610612756,Phoenix,Suns,1629006,Josh,Okogie,28772.0,28800.0,0,0.0,0.0
0022200395,1610612756,Phoenix,Suns,1629013,Landry,Shamet,4510.0,6150.0,0,4.0,0.0
0022200395,1610612756,Phoenix,Suns,1629013,Landry,Shamet,9040.0,11520.0,0,5.0,0.0
0022200395,1610612756,Phoenix,Suns,1629013,Landry,Shamet,19550.0,23060.0,5,4.0,0.214
0022200395,1610612756,Phoenix,Suns,1629028,Deandre,Ayton,0.0,4240.0,6,4.0,0.294
0022200395,1610612756,Phoenix,Suns,1629028,Deandre,Ayton,5980.0,10860.0,6,-3.0,0.2
0022200395,1610612756,Phoenix,Suns,1629028,Deandre,Ayton,12780.0,18520.0,12,-17.0,0.36
0022200395,1610612756,Phoenix,Suns,1629028,Deandre,Ayton,20000.0,24120.0,4,2.0,0.125
0022200395,1610612756,Phoenix,Suns,1629028,Deandre,Ayton,27720.0,28436.0,0,-3.0,0.0
0022200395,1610612756,Phoenix,Suns,1629111,Jock,Landale,4240.0,5980.0,4,2.0,0.375
0022200395,1610612756,Phoenix,Suns,1629111,Jock,Landale,10860.0,12780.0,0,3.0,0.2
0022200395,1610612756,Phoenix,Suns,1629111,Jock,Landale,18520.0,20000.0,2,0.0,0.286
0022200395,1610612756,Phoenix,Suns,1629111,Jock,Landale,24120.0,27720.0,2,9.0,0.143
0022200395,1610612756,Phoenix,Suns,1629111,Jock,Landale,28436.0,31800.0,0,-2.0,0.091
0022200079,1610612756,Phoenix,Suns,101108,Chris,Paul,0.0,4120.0,0,-3.0,0.188
0022200079,1610612756,Phoenix,Suns,101108,Chris,Paul,9620.0,19320.0,7,0.0,0.211
0022200079,1610612756,Phoenix,Suns,101108,Chris,Paul,23260.0,27820.0,0,0.0,0.118
0022200079,1610612756,Phoenix,Suns,202687,Bismack,Biyombo,10170.0,19320.0,4,2.0,0.083
0022200079,1610612756,Phoenix,Suns,202687,Bismack,Biyombo,23970.0,28800.0,7,-2.0,0.263
0022200079,1610612756,Phoenix,Suns,1626164,Devin,Booker,0.0,7176.0,4,-6.0,0.323
0022200079,1610612756,Phoenix,Suns,1626164,Devin,Booker,10860.0,21600.0,12,9.0,0.238
0022200079,1610612756,Phoenix,Suns,1626164,Devin,Booker,26180.0,27820.0,0,1.0,0.167
0022200079,1610612756,Phoenix,Suns,1626166,Cameron,Payne,4120.0,9620.0,5,5.0,0.208
0022200079,1610612756,Phoenix,Suns,1626166,Cameron,Payne,19320.0,23260.0,7,12.0,0.313
0022200079,1610612756,Phoenix,Suns,1626166,Cameron,Payne,27820.0,28800.0,0,-1.0,0.2
0022200079,1610612756,Phoenix,Suns,1627814,Damion,Lee,7176.0,10860.0,0,7.0,0.154
0022200079,1610612756,Phoenix,Suns,1627814,Damion,Lee,19320.0,24950.0,3,13.0,0.174
0022200079,1610612756,Phoenix,Suns,1628470,Torrey,Craig,4120.0,10170.0,11,3.0,0.24
0022200079,1610612756,Phoenix,Suns,1628470,Torrey,Craig,19320.0,19320.0,0,0.0,0.0
0022200079,1610612756,Phoenix,Suns,1628470,Torrey,Craig,21600.0,24950.0,2,5.0,0.071
0022200079,1610612756,Phoenix,Suns,1628470,Torrey,Craig,27820.0,28800.0,0,-1.0,0.0
0022200079,1610612756,Phoenix,Suns,1628969,Mikal,Bridges,0.0,5500.0,6,-4.0,0.13
0022200079,1610612756,Phoenix,Suns,1628969,Mikal,Bridges,9620.0,19930.0,19,4.0,0.293
0022200079,1610612756,Phoenix,Suns,1628969,Mikal,Bridges,24950.0,27820.0,2,-1.0,0.1
0022200079,1610612756,Phoenix,Suns,1629006,Josh,Okogie,27820.0,28800.0,0,-1.0,0.0
0022200079,1610612756,Phoenix,Suns,1629013,Landry,Shamet,5500.0,9620.0,3,6.0,0.167
0022200079,1610612756,Phoenix,Suns,1629013,Landry,Shamet,19930.0,26180.0,2,7.0,0.042
0022200079,1610612756,Phoenix,Suns,1629028,Deandre,Ayton,0.0,4620.0,4,-5.0,0.211
0022200079,1610612756,Phoenix,Suns,1629111,Jock,Landale,4620.0,10170.0,0,5.0,0.13
0022200079,1610612756,Phoenix,Suns,1629111,Jock,Landale,19320.0,23970.0,8,13.0,0.316
0022200079,1610612756,Phoenix,Suns,1629661,Cameron,Johnson,0.0,4120.0,0,-3.0,0.125
0022200079,1610612756,Phoenix,Suns,1629661,Cameron,Johnson,10170.0,19320.0,9,2.0,0.194
0022200079,1610612756,Phoenix,Suns,1629661,Cameron,Johnson,24950.0,27820.0,7,-1.0,0.3
0022200079,1610612756,Phoenix,Suns,1630613,Duane,Washington Jr.,27820.0,28800.0,2,-1.0,0.6
0022200384,1610612756,Phoenix,Suns,101108,Chris,Paul,0.0,4780.0,8,8.0,0.2
0022200384,1610612756,Phoenix,Suns,101108,Chris,Paul,8690.0,19140.0,7,-8.0,0.182
0022200384,1610612756,Phoenix,Suns,101108,Chris,Paul,21369.0,25120.0,9,9.0,0.333
0022200384,1610612756,Phoenix,Suns,101108,Chris,Paul,27330.0,28800.0,0,-6.0,0.375
0022200384,1610612756,Phoenix,Suns,203967,Dario,Saric,9510.0,9970.0,0,2.0,0.0
0022200384,1610612756,Phoenix,Suns,1626164,Devin,Booker,0.0,7200.0,5,1.0,0.276
0022200384,1610612756,Phoenix,Suns,1626164,Devin,Booker,9970.0,21600.0,9,-14.0,0.277
0022200384,1610612756,Phoenix,Suns,1626164,Devin,Booker,24930.0,27700.0,0,-5.0,0.1
0022200384,1610612756,Phoenix,Suns,1626166,Cameron,Payne,4780.0,8690.0,0,-10.0,0.071
0022200384,1610612756,Phoenix,Suns,1626166,Cameron,Payne,19140.0,21600.0,2,-3.0,0.375
0022200384,1610612756,Phoenix,Suns,1626166,Cameron,Payne,25120.0,27330.0,3,-1.0,0.143
0022200384,1610612756,Phoenix,Suns,1626166,Cameron,Payne,27700.0,28800.0,0,-3.0,0.143
0022200384,1610612756,Phoenix,Suns,1627814,Damion,Lee,4780.0,7200.0,0,-7.0,0.0
0022200384,1610612756,Phoenix,Suns,1627814,Damion,Lee,9970.0,11550.0,0,-3.0,0.0
0022200384,1610612756,Phoenix,Suns,1627814,Damion,Lee,17740.0,24930.0,12,13.0,0.24
0022200384,1610612756,Phoenix,Suns,1628470,Torrey,Craig,0.0,4780.0,3,8.0,0.1
0022200384,1610612756,Phoenix,Suns,1628470,Torrey,Craig,6130.0,9510.0,2,-2.0,0.273
0022200384,1610612756,Phoenix,Suns,1628470,Torrey,Craig,11550.0,17360.0,0,-9.0,0.077
0022200384,1610612756,Phoenix,Suns,1628470,Torrey,Craig,24650.0,28800.0,9,-10.0,0.313
0022200384,1610612756,Phoenix,Suns,1628969,Mikal,Bridges,0.0,5210.0,5,6.0,0.238
0022200384,1610612756,Phoenix,Suns,1628969,Mikal,Bridges,7200.0,11550.0,3,-3.0,0.071
0022200384,1610612756,Phoenix,Suns,1628969,Mikal,Bridges,12960.0,17360.0,3,-12.0,0.182
0022200384,1610612756,Phoenix,Suns,1628969,Mikal,Bridges,21600.0,28800.0,0,2.0,0.115
0022200384,1610612756,Phoenix,Suns,1629006,Josh,Okogie,5210.0,6130.0,0,-5.0,0.25
0022200384,1610612756,Phoenix,Suns,1629006,Josh,Okogie,11550.0,12960.0,0,3.0,0.0
0022200384,1610612756,Phoenix,Suns,1629006,Josh,Okogie,17360.0,21369.0,3,-2.0,0.133
0022200384,1610612756,Phoenix,Suns,1629006,Josh,Okogie,21600.0,22900.0,0,9.0,0.0
0022200384,1610612756,Phoenix,Suns,1629013,Landry,Shamet,7200.0,9970.0,0,0.0,0.111
0022200384,1610612756,Phoenix,Suns,1629028,Deandre,Ayton,0.0,5450.0,2,4.0,0.227
0022200384,1610612756,Phoenix,Suns,1629028,Deandre,Ayton,8690.0,21600.0,17,-11.0,0.231
0022200384,1610612756,Phoenix,Suns,1629028,Deandre,Ayton,22900.0,24650.0,0,3.0,0.0
0022200384,1610612756,Phoenix,Suns,1629028,Deandre,Ayton,25120.0,28800.0,6,-7.0,0.2
0022200384,1610612756,Phoenix,Suns,1629111,Jock,Landale,5450.0,8690.0,7,-6.0,0.308
0022200384,1610612756,Phoenix,Suns,1629111,Jock,Landale,17360.0,17740.0,0,-5.0,0.0
0022200384,1610612756,Phoenix,Suns,1629111,Jock,Landale,21600.0,25120.0,2,9.0,0.182
0022200444,1610612756,Phoenix,Suns,101108,Chris,Paul,0.0,4390.0,3,1.0,0.063
0022200444,1610612756,Phoenix,Suns,101108,Chris,Paul,6010.0,11710.0,0,-10.0,0.136
0022200444,1610612756,Phoenix,Suns,101108,Chris,Paul,14400.0,19380.0,8,6.0,0.286
0022200444,1610612756,Phoenix,Suns,101108,Chris,Paul,22650.0,28800.0,7,9.0,0.222
0022200444,1610612756,Phoenix,Suns,202687,Bismack,Biyombo,0.0,5230.0,3,-2.0,0.158
0022200444,1610612756,Phoenix,Suns,202687,Bismack,Biyombo,9770.0,18490.0,6,-1.0,0.152
0022200444,1610612756,Phoenix,Suns,202687,Bismack,Biyombo,23840.0,28601.0,2,9.0,0.053
0022200444,1610612756,Phoenix,Suns,1626164,Devin,Booker,0.0,6010.0,12,-3.0,0.364
0022200444,1610612756,Phoenix,Suns,1626164,Devin,Booker,9340.0,28800.0,46,14.0,0.447
0022200444,1610612756,Phoenix,Suns,1627814,Damion,Lee,7084.0,9340.0,0,-1.0,0.125
0022200444,1610612756,Phoenix,Suns,1627814,Damion,Lee,10110.0,11710.0,0,0.0,0.0
0022200444,1610612756,Phoenix,Suns,1627814,Damion,Lee,18010.0,22260.0,3,12.0,0.133
0022200444,1610612756,Phoenix,Suns,1627814,Damion,Lee,28617.0,28637.0,0,1.0,0.0
0022200444,1610612756,Phoenix,Suns,1627814,Damion,Lee,28662.0,28698.0,0,1.0,0.0
0022200444,1610612756,Phoenix,Suns,1628470,Torrey,Craig,0.0,4090.0,0,3.0,0.0
0022200444,1610612756,Phoenix,Suns,1628470,Torrey,Craig,8810.0,10110.0,0,-1.0,0.5
0022200444,1610612756,Phoenix,Suns,1628470,Torrey,Craig,11710.0,18010.0,0,-7.0,0.048
0022200444,1610612756,Phoenix,Suns,1628470,Torrey,Craig,28601.0,28617.0,0,-3.0,0.0
0022200444,1610612756,Phoenix,Suns,1628470,Torrey,Craig,28637.0,28662.0,0,-2.0,0.0
0022200444,1610612756,Phoenix,Suns,1628470,Torrey,Craig,28698.0,28800.0,0,0.0,0.0
0022200444,1610612756,Phoenix,Suns,1628969,Mikal,Bridges,0.0,5230.0,5,-2.0,0.368
0022200444,1610612756,Phoenix,Suns,1628969,Mikal,Bridges,8810.0,19380.0,8,1.0,0.128
0022200444,1610612756,Phoenix,Suns,1628969,Mikal,Bridges,22260.0,28800.0,2,12.0,0.069
0022200444,1610612756,Phoenix,Suns,1629006,Josh,Okogie,4090.0,7084.0,0,-12.0,0.1
0022200444,1610612756,Phoenix,Suns,1629006,Josh,Okogie,7200.0,8810.0,0,-5.0,0.0
0022200444,1610612756,Phoenix,Suns,1629006,Josh,Okogie,19380.0,28662.0,7,14.0,0.162
0022200444,1610612756,Phoenix,Suns,1629006,Josh,Okogie,28698.0,28800.0,0,0.0,0.0
0022200444,1610612756,Phoenix,Suns,1629013,Landry,Shamet,4390.0,7200.0,4,-8.0,0.455
0022200444,1610612756,Phoenix,Suns,1629013,Landry,Shamet,11710.0,14400.0,0,-4.0,0.091
0022200444,1610612756,Phoenix,Suns,1629013,Landry,Shamet,19380.0,22650.0,0,6.0,0.077
0022200444,1610612756,Phoenix,Suns,1629013,Landry,Shamet,28662.0,28698.0,0,1.0,0.0
0022200444,1610612756,Phoenix,Suns,1629111,Jock,Landale,5230.0,9770.0,2,-11.0,0.125
0022200444,1610612756,Phoenix,Suns,1629111,Jock,Landale,18490.0,23840.0,0,12.0,0.053
0022200444,1610612756,Phoenix,Suns,1630688,Ish,Wainright,5230.0,8810.0,0,-10.0,0.25
0022200950,1610612756,Phoenix,Suns,101108,Chris,Paul,0.0,4440.0,0,8.0,0.0
0022200950,1610612756,Phoenix,Suns,101108,Chris,Paul,9920.0,19130.0,2,-6.0,0.143
0022200950,1610612756,Phoenix,Suns,101108,Chris,Paul,23890.0,27890.0,9,11.0,0.417
0022200950,1610612756,Phoenix,Suns,201142,Kevin,Durant,0.0,4440.0,5,8.0,0.278
0022200950,1610612756,Phoenix,Suns,201142,Kevin,Durant,7161.0,11470.0,2,0.0,0.167
0022200950,1610612756,Phoenix,Suns,201142,Kevin,Durant,14400.0,19130.0,7,11.0,0.222
0022200950,1610612756,Phoenix,Suns,201142,Kevin,Durant,21565.0,26640.0,6,5.0,0.118
0022200950,1610612756,Phoenix,Suns,1626164,Devin,Booker,0.0,7200.0,16,11.0,0.357
0022200950,1610612756,Phoenix,Suns,1626164,Devin,Booker,10340.0,21600.0,16,0.0,0.326
0022200950,1610612756,Phoenix,Suns,1626164,Devin,Booker,24840.0,27890.0,3,12.0,0.125
0022200950,1610612756,Phoenix,Suns,1626166,Cameron,Payne,4440.0,9920.0,0,5.0,0.136
0022200950,1610612756,Phoenix,Suns,1626166,Cameron,Payne,19130.0,23890.0,6,3.0,0.4
0022200950,1610612756,Phoenix,Suns,1627814,Damion,Lee,5420.0,9330.0,5,3.0,0.2
0022200950,1610612756,Phoenix,Suns,1627814,Damion,Lee,19130.0,23890.0,3,3.0,0.1
0022200950,1610612756,Phoenix,Suns,1627814,Damion,Lee,27890.0,28800.0,2,0.0,0.5
0022200950,1610612756,Phoenix,Suns,1628470,Torrey,Craig,4440.0,7161.0,0,3.0,0.2
0022200950,1610612756,Phoenix,Suns,1628470,Torrey,Craig,11470.0,14400.0,0,-15.0,0.091
0022200950,1610612756,Phoenix,Suns,1628470,Torrey,Craig,19130.0,21565.0,0,2.0,0.091
0022200950,1610612756,Phoenix,Suns,1628470,Torrey,Craig,21600.0,24840.0,0,0.0,0.091
0022200950,1610612756,Phoenix,Suns,1628470,Torrey,Craig,26640.0,27890.0,0,7.0,0.0
0022200950,1610612756,Phoenix,Suns,1629006,Josh,Okogie,0.0,5420.0,13,8.0,0.3
0022200950,1610612756,Phoenix,Suns,1629006,Josh,Okogie,9330.0,19130.0,8,-4.0,0.231
0022200950,1610612756,Phoenix,Suns,1629006,Josh,Okogie,23890.0,27890.0,4,11.0,0.333
0022200950,1610612756,Phoenix,Suns,1629028,Deandre,Ayton,0.0,5420.0,4,8.0,0.1
0022200950,1610612756,Phoenix,Suns,1629028,Deandre,Ayton,9920.0,18450.0,3,-6.0,0.091
0022200950,1610612756,Phoenix,Suns,1629028,Deandre,Ayton,25160.0,27670.0,0,9.0,0.143
0022200950,1610612756,Phoenix,Suns,1629111,Jock,Landale,5420.0,9920.0,3,5.0,0.105
0022200950,1610612756,Phoenix,Suns,1629111,Jock,Landale,18450.0,25160.0,6,2.0,0.115
0022200950,1610612756,Phoenix,Suns,1629111,Jock,Landale,27670.0,28800.0,0,3.0,0.0
0022200950,1610612756,Phoenix,Suns,1629647,Darius,Bazley,7200.0,10340.0,2,-2.0,0.167
0022200950,1610612756,Phoenix,Suns,1629647,Darius,Bazley,27890.0,28800.0,0,0.0,0.0
0022200950,1610612756,Phoenix,Suns,1630240,Saben,Lee,27890.0,28800.0,0,0.0,0.0
0022200950,1610612756,Phoenix,Suns,1630688,Ish,Wainright,27890.0,28800.0,0,0.0,0.0
0022200321,1610612756,Phoenix,Suns,202687,Bismack,Biyombo,5090.0,9650.0,0,7.0,0.214
0022200321,1610612756,Phoenix,Suns,1626164,Devin,Booker,0.0,7200.0,9,7.0,0.25
0022200321,1610612756,Phoenix,Suns,1626164,Devin,Booker,10400.0,21600.0,42,16.0,0.468
0022200321,1610612756,Phoenix,Suns,1626166,Cameron,Payne,0.0,5090.0,5,5.0,0.238
0022200321,1610612756,Phoenix,Suns,1626166,Cameron,Payne,10970.0,18960.0,3,11.0,0.094
0022200321,1610612756,Phoenix,Suns,1626166,Cameron,Payne,21600.0,27830.0,0,-3.0,0.192
0022200321,1610612756,Phoenix,Suns,1627814,Damion,Lee,5320.0,10970.0,6,6.0,0.111
0022200321,1610612756,Phoenix,Suns,1627814,Damion,Lee,19300.0,28800.0,6,-1.0,0.14
0022200321,1610612756,Phoenix,Suns,1628470,Torrey,Craig,0.0,6330.0,2,5.0,0.083
0022200321,1610612756,Phoenix,Suns,1628470,Torrey,Craig,10970.0,19300.0,2,9.0,0.059
0022200321,1610612756,Phoenix,Suns,1628470,Torrey,Craig,24780.0,27830.0,3,-2.0,0.25
0022200321,1610612756,Phoenix,Suns,1628969,Mikal,Bridges,0.0,5320.0,2,5.0,0.136
0022200321,1610612756,Phoenix,Suns,1628969,Mikal,Bridges,7200.0,20270.0,4,14.0,0.157
0022200321,1610612756,Phoenix,Suns,1628969,Mikal,Bridges,22180.0,26840.0,2,-6.0,0.143
0022200321,1610612756,Phoenix,Suns,1629006,Josh,Okogie,26840.0,28800.0,0,0.0,0.0
0022200321,1610612756,Phoenix,Suns,1629013,Landry,Shamet,5090.0,10400.0,6,4.0,0.176
0022200321,1610612756,Phoenix,Suns,1629013,Landry,Shamet,18960.0,24780.0,6,2.0,0.185
0022200321,1610612756,Phoenix,Suns,1629028,Deandre,Ayton,0.0,5090.0,11,5.0,0.381
0022200321,1610612756,Phoenix,Suns,1629028,Deandre,Ayton,9650.0,19710.0,9,8.0,0.195
0022200321,1610612756,Phoenix,Suns,1629028,Deandre,Ayton,24090.0,27830.0,10,4.0,0.375
0022200321,1610612756,Phoenix,Suns,1629111,Jock,Landale,19710.0,24090.0,4,-2.0,0.25
0022200321,1610612756,Phoenix,Suns,1629111,Jock,Landale,27830.0,28800.0,0,-3.0,0.4
0022200321,1610612756,Phoenix,Suns,1630613,Duane,Washington Jr.,9130.0,10970.0,0,-1.0,0.333
0022200321,1610612756,Phoenix,Suns,1630613,Duane,Washington Jr.,27830.0,28800.0,0,-3.0,0.2
0022200321,1610612756,Phoenix,Suns,1630688,Ish,Wainright,6330.0,9130.0,0,7.0,0.1
0022200321,1610612756,Phoenix,Suns,1630688,Ish,Wainright,20270.0,22180.0,0,4.0,0.0
0022200321,1610612756,Phoenix,Suns,1630688,Ish,Wainright,27830.0,28800.0,0,-3.0,0.0
0022200358,1610612756,Phoenix,Suns,202687,Bismack,Biyombo,19800.0,28800.0,6,0.0,0.1
0022200358,1610612756,Phoenix,Suns,203967,Dario,Saric,5880.0,8920.0,0,-5.0,0.125
0022200358,1610612756,Phoenix,Suns,203967,Dario,Saric,22440.0,28800.0,3,1.0,0.133
0022200358,1610612756,Phoenix,Suns,1626164,Devin,Booker,0.0,7200.0,0,-18.0,0.25
0022200358,1610612756,Phoenix,Suns,1626164,Devin,Booker,10600.0,21600.0,11,0.0,0.211
0022200358,1610612756,Phoenix,Suns,1626166,Cameron,Payne,0.0,4860.0,0,-9.0,0.0
0022200358,1610612756,Phoenix,Suns,1626166,Cameron,Payne,7200.0,11310.0,2,-1.0,0.25
0022200358,1610612756,Phoenix,Suns,1626166,Cameron,Payne,13520.0,20790.0,6,3.0,0.231
0022200358,1610612756,Phoenix,Suns,1626166,Cameron,Payne,21600.0,25520.0,6,0.0,0.4
0022200358,1610612756,Phoenix,Suns,1627814,Damion,Lee,4860.0,10600.0,4,-12.0,0.286
0022200358,1610612756,Phoenix,Suns,1627814,Damion,Lee,20790.0,28800.0,9,0.0,0.158
0022200358,1610612756,Phoenix,Suns,1628969,Mikal,Bridges,0.0,5880.0,3,-16.0,0.136
0022200358,1610612756,Phoenix,Suns,1628969,Mikal,Bridges,8920.0,20790.0,10,2.0,0.238
0022200358,1610612756,Phoenix,Suns,1629006,Josh,Okogie,7200.0,13520.0,5,-4.0,0.074
0022200358,1610612756,Phoenix,Suns,1629006,Josh,Okogie,14150.0,19200.0,3,3.0,0.158
0022200358,1610612756,Phoenix,Suns,1629006,Josh,Okogie,23670.0,28800.0,4,1.0,0.192
0022200358,1610612756,Phoenix,Suns,1629013,Landry,Shamet,4860.0,7200.0,0,-9.0,0.2
0022200358,1610612756,Phoenix,Suns,1629013,Landry,Shamet,11310.0,14150.0,0,-4.0,0.0
0022200358,1610612756,Phoenix,Suns,1629013,Landry,Shamet,20790.0,23670.0,0,-1.0,0.25
0022200358,1610612756,Phoenix,Suns,1629013,Landry,Shamet,25520.0,28800.0,13,2.0,0.5
0022200358,1610612756,Phoenix,Suns,1629028,Deandre,Ayton,0.0,5880.0,7,-16.0,0.318
0022200358,1610612756,Phoenix,Suns,1629028,Deandre,Ayton,9600.0,19800.0,13,1.0,0.194
0022200358,1610612756,Phoenix,Suns,1629111,Jock,Landale,5880.0,9600.0,0,-4.0,0.05
0022200358,1610612756,Phoenix,Suns,1630688,Ish,Wainright,0.0,4860.0,3,-9.0,0.222
0022200358,1610612756,Phoenix,Suns,1630688,Ish,Wainright,19200.0,22440.0,3,0.0,0.167
0022200962,1610612756,Phoenix,Suns,101108,Chris,Paul,0.0,5040.0,2,9.0,0.118
0022200962,1610612756,Phoenix,Suns,101108,Chris,Paul,9710.0,19490.0,1,-8.0,0.077
0022200962,1610612756,Phoenix,Suns,101108,Chris,Paul,23740.0,28683.0,8,8.0,0.263
0022200962,1610612756,Phoenix,Suns,101108,Chris,Paul,28765.0,28800.0,0,0.0,0.0
0022200962,1610612756,Phoenix,Suns,201142,Kevin,Durant,0.0,5040.0,6,9.0,0.235
0022200962,1610612756,Phoenix,Suns,201142,Kevin,Durant,6530.0,10960.0,10,1.0,0.294
0022200962,1610612756,Phoenix,Suns,201142,Kevin,Durant,12900.0,20420.0,12,-4.0,0.267
0022200962,1610612756,Phoenix,Suns,201142,Kevin,Durant,21566.0,28800.0,9,3.0,0.241
0022200962,1610612756,Phoenix,Suns,203082,Terrence,Ross,5040.0,9710.0,0,-9.0,0.0
0022200962,1610612756,Phoenix,Suns,203082,Terrence,Ross,16930.0,19990.0,0,0.0,0.083
0022200962,1610612756,Phoenix,Suns,203933,T.J.,Warren,10960.0,12900.0,0,-7.0,0.143
0022200962,1610612756,Phoenix,Suns,1626164,Devin,Booker,0.0,7200.0,7,6.0,0.32
0022200962,1610612756,Phoenix,Suns,1626164,Devin,Booker,10410.0,21600.0,23,2.0,0.319
0022200962,1610612756,Phoenix,Suns,1626164,Devin,Booker,23220.0,28800.0,6,9.0,0.227
0022200962,1610612756,Phoenix,Suns,1626166,Cameron,Payne,5040.0,9710.0,6,-9.0,0.294
0022200962,1610612756,Phoenix,Suns,1626166,Cameron,Payne,19490.0,23740.0,0,2.0,0.111
0022200962,1610612756,Phoenix,Suns,1627814,Damion,Lee,7200.0,10410.0,3,-7.0,0.083
0022200962,1610612756,Phoenix,Suns,1627814,Damion,Lee,14084.0,14400.0,0,0.0,0.0
0022200962,1610612756,Phoenix,Suns,1628470,Torrey,Craig,6300.0,9960.0,2,-5.0,0.214
0022200962,1610612756,Phoenix,Suns,1628470,Torrey,Craig,19990.0,23740.0,3,0.0,0.133
0022200962,1610612756,Phoenix,Suns,1628470,Torrey,Craig,28683.0,28765.0,0,2.0,0.0
0022200962,1610612756,Phoenix,Suns,1629006,Josh,Okogie,0.0,6300.0,2,2.0,0.182
0022200962,1610612756,Phoenix,Suns,1629006,Josh,Okogie,9960.0,14084.0,5,0.0,0.471
0022200962,1610612756,Phoenix,Suns,1629006,Josh,Okogie,14400.0,16930.0,2,-3.0,0.364
0022200962,1610612756,Phoenix,Suns,1629006,Josh,Okogie,28683.0,28800.0,0,2.0,0.0
0022200962,1610612756,Phoenix,Suns,1629028,Deandre,Ayton,0.0,5610.0,6,4.0,0.158
0022200962,1610612756,Phoenix,Suns,1629028,Deandre,Ayton,9710.0,19490.0,0,-8.0,0.077
0022200962,1610612756,Phoenix,Suns,1629028,Deandre,Ayton,23740.0,28683.0,3,8.0,0.158
0022200962,1610612756,Phoenix,Suns,1629111,Jock,Landale,5610.0,6530.0,0,-2.0,0.0
0022200962,1610612756,Phoenix,Suns,1629111,Jock,Landale,19490.0,21566.0,0,9.0,0.0
0022200962,1610612756,Phoenix,Suns,1629111,Jock,Landale,21600.0,23220.0,2,-6.0,0.167
0022200962,1610612756,Phoenix,Suns,1630688,Ish,Wainright,20420.0,28800.0,12,12.0,0.182
0022200013,1610612756,Phoenix,Suns,101108,Chris,Paul,0.0,4300.0,0,0.0,0.125
0022200013,1610612756,Phoenix,Suns,101108,Chris,Paul,7200.0,11230.0,2,-11.0,0.2
0022200013,1610612756,Phoenix,Suns,101108,Chris,Paul,12800.0,19450.0,4,7.0,0.16
0022200013,1610612756,Phoenix,Suns,101108,Chris,Paul,21600.0,24790.0,0,-5.0,0.182
0022200013,1610612756,Phoenix,Suns,202687,Bismack,Biyombo,9020.0,12280.0,0,-7.0,0.077
0022200013,1610612756,Phoenix,Suns,202687,Bismack,Biyombo,13200.0,14400.0,0,0.0,0.25
0022200013,1610612756,Phoenix,Suns,203967,Dario,Saric,8920.0,9930.0,0,-8.0,0.2
0022200013,1610612756,Phoenix,Suns,1626164,Devin,Booker,0.0,7200.0,9,-8.0,0.286
0022200013,1610612756,Phoenix,Suns,1626164,Devin,Booker,9530.0,21600.0,12,11.0,0.255
0022200013,1610612756,Phoenix,Suns,1626164,Devin,Booker,23700.0,28800.0,7,17.0,0.235
0022200013,1610612756,Phoenix,Suns,1626166,Cameron,Payne,4300.0,7200.0,0,-8.0,0.25
0022200013,1610612756,Phoenix,Suns,1626166,Cameron,Payne,10440.0,12800.0,0,4.0,0.111
0022200013,1610612756,Phoenix,Suns,1626166,Cameron,Payne,19450.0,21600.0,2,4.0,0.333
0022200013,1610612756,Phoenix,Suns,1626166,Cameron,Payne,24790.0,28338.0,5,13.0,0.167
0022200013,1610612756,Phoenix,Suns,1626166,Cameron,Payne,28472.0,28800.0,0,2.0,0.0
0022200013,1610612756,Phoenix,Suns,1627814,Damion,Lee,7200.0,10440.0,0,-12.0,0.091
0022200013,1610612756,Phoenix,Suns,1627814,Damion,Lee,20180.0,28800.0,11,5.0,0.233
0022200013,1610612756,Phoenix,Suns,1628470,Torrey,Craig,4300.0,7200.0,2,-8.0,0.083
0022200013,1610612756,Phoenix,Suns,1628470,Torrey,Craig,19450.0,21600.0,0,4.0,0.0
0022200013,1610612756,Phoenix,Suns,1628470,Torrey,Craig,28338.0,28472.0,0,-3.0,0.0
0022200013,1610612756,Phoenix,Suns,1628969,Mikal,Bridges,0.0,7200.0,3,-8.0,0.179
0022200013,1610612756,Phoenix,Suns,1628969,Mikal,Bridges,9930.0,20180.0,10,16.0,0.154
0022200013,1610612756,Phoenix,Suns,1628969,Mikal,Bridges,21600.0,28800.0,0,7.0,0.083
0022200013,1610612756,Phoenix,Suns,1629006,Josh,Okogie,7200.0,8920.0,0,-3.0,0.2
0022200013,1610612756,Phoenix,Suns,1629006,Josh,Okogie,23050.0,23700.0,0,-5.0,0.333
0022200013,1610612756,Phoenix,Suns,1629028,Deandre,Ayton,0.0,4300.0,4,0.0,0.188
0022200013,1610612756,Phoenix,Suns,1629028,Deandre,Ayton,8920.0,9020.0,0,0.0,1.0
0022200013,1610612756,Phoenix,Suns,1629028,Deandre,Ayton,14400.0,19450.0,6,8.0,0.211
0022200013,1610612756,Phoenix,Suns,1629028,Deandre,Ayton,20000.0,28800.0,8,7.0,0.161
0022200013,1610612756,Phoenix,Suns,1629111,Jock,Landale,4300.0,8920.0,4,-11.0,0.294
0022200013,1610612756,Phoenix,Suns,1629111,Jock,Landale,12280.0,13200.0,1,1.0,0.667
0022200013,1610612756,Phoenix,Suns,1629111,Jock,Landale,19450.0,20000.0,2,4.0,0.5
0022200013,1610612756,Phoenix,Suns,1629661,Cameron,Johnson,0.0,4300.0,2,0.0,0.125
0022200013,1610612756,Phoenix,Suns,1629661,Cameron,Johnson,7200.0,9530.0,2,-8.0,0.375
0022200013,1610612756,Phoenix,Suns,1629661,Cameron,Johnson,11230.0,19450.0,9,10.0,0.2
0022200013,1610612756,Phoenix,Suns,1629661,Cameron,Johnson,21600.0,23050.0,2,-5.0,0.333
0022200734,1610612756,Phoenix,Suns,101108,Chris,Paul,0.0,5930.0,10,6.0,0.304
0022200734,1610612756,Phoenix,Suns,101108,Chris,Paul,7147.0,7200.0,0,0.0,0.0
0022200734,1610612756,Phoenix,Suns,101108,Chris,Paul,10340.0,23240.0,8,-3.0,0.136
0022200734,1610612756,Phoenix,Suns,101108,Chris,Paul,24660.0,28800.0,4,4.0,0.333
0022200734,1610612756,Phoenix,Suns,202687,Bismack,Biyombo,4070.0,6699.0,4,2.0,0.2
0022200734,1610612756,Phoenix,Suns,202687,Bismack,Biyombo,18510.0,21600.0,0,-1.0,0.111
0022200734,1610612756,Phoenix,Suns,203967,Dario,Saric,6699.0,8360.0,0,-5.0,0.167
0022200734,1610612756,Phoenix,Suns,1627814,Damion,Lee,3620.0,9900.0,0,-4.0,0.083
0022200734,1610612756,Phoenix,Suns,1627814,Damion,Lee,12310.0,13720.0,0,-4.0,0.0
0022200734,1610612756,Phoenix,Suns,1627814,Damion,Lee,18510.0,21539.0,0,2.0,0.0
0022200734,1610612756,Phoenix,Suns,1627814,Damion,Lee,28702.0,28800.0,0,0.0,0.0
0022200734,1610612756,Phoenix,Suns,1628470,Torrey,Craig,0.0,5930.0,5,6.0,0.13
0022200734,1610612756,Phoenix,Suns,1628470,Torrey,Craig,12310.0,19530.0,0,0.0,0.12
0022200734,1610612756,Phoenix,Suns,1628470,Torrey,Craig,24840.0,28702.0,0,2.0,0.077
0022200734,1610612756,Phoenix,Suns,1628969,Mikal,Bridges,0.0,6500.0,2,8.0,0.111
0022200734,1610612756,Phoenix,Suns,1628969,Mikal,Bridges,9900.0,28800.0,14,-2.0,0.172
0022200734,1610612756,Phoenix,Suns,1629006,Josh,Okogie,5930.0,9360.0,0,-8.0,0.357
0022200734,1610612756,Phoenix,Suns,1629006,Josh,Okogie,19530.0,21600.0,0,-4.0,0.167
0022200734,1610612756,Phoenix,Suns,1629028,Deandre,Ayton,0.0,4070.0,6,3.0,0.412
0022200734,1610612756,Phoenix,Suns,1629028,Deandre,Ayton,8360.0,18510.0,11,-6.0,0.447
0022200734,1610612756,Phoenix,Suns,1629028,Deandre,Ayton,24300.0,28603.0,2,4.0,0.2
0022200734,1610612756,Phoenix,Suns,1629028,Deandre,Ayton,28680.0,28800.0,0,-2.0,0.0
0022200734,1610612756,Phoenix,Suns,1629111,Jock,Landale,21600.0,24300.0,2,2.0,0.125
0022200734,1610612756,Phoenix,Suns,1629661,Cameron,Johnson,0.0,3620.0,5,2.0,0.125
0022200734,1610612756,Phoenix,Suns,1629661,Cameron,Johnson,7200.0,12310.0,5,-3.0,0.263
0022200734,1610612756,Phoenix,Suns,1629661,Cameron,Johnson,13720.0,18510.0,3,1.0,0.063
0022200734,1610612756,Phoenix,Suns,1629661,Cameron,Johnson,21600.0,24840.0,3,1.0,0.3
0022200734,1610612756,Phoenix,Suns,1629661,Cameron,Johnson,25840.0,28800.0,6,5.0,0.182
0022200734,1610612756,Phoenix,Suns,1630240,Saben,Lee,5930.0,7147.0,0,-6.0,0.0
0022200734,1610612756,Phoenix,Suns,1630240,Saben,Lee,23240.0,24660.0,0,-5.0,0.0
0022200734,1610612756,Phoenix,Suns,1630613,Duane,Washington Jr.,7200.0,10340.0,2,0.0,0.273
0022200734,1610612756,Phoenix,Suns,1630688,Ish,Wainright,6500.0,7200.0,0,-8.0,0.0
0022200734,1610612756,Phoenix,Suns,1630688,Ish,Wainright,9360.0,12310.0,0,-1.0,0.25
0022200734,1610612756,Phoenix,Suns,1630688,Ish,Wainright,21539.0,25840.0,3,-5.0,0.214
0022200734,1610612756,Phoenix,Suns,1630688,Ish,Wainright,28603.0,28680.0,0,-1.0,0.0
0022201201,1610612756,Phoenix,Suns,101108,Chris,Paul,0.0,2780.0,0,-1.0,0.111
0022201201,1610612756,Phoenix,Suns,101108,Chris,Paul,7200.0,19500.0,15,-8.0,0.188
0022201201,1610612756,Phoenix,Suns,101108,Chris,Paul,21600.0,28800.0,10,1.0,0.25
0022201201,1610612756,Phoenix,Suns,201142,Kevin,Durant,0.0,4880.0,6,4.0,0.25
0022201201,1610612756,Phoenix,Suns,201142,Kevin,Durant,7200.0,19500.0,11,-8.0,0.292
0022201201,1610612756,Phoenix,Suns,201142,Kevin,Durant,21600.0,28800.0,12,1.0,0.292
0022201201,1610612756,Phoenix,Suns,202687,Bismack,Biyombo,4880.0,7200.0,0,-2.0,0.1
0022201201,1610612756,Phoenix,Suns,202687,Bismack,Biyombo,19500.0,23810.0,4,2.0,0.267
0022201201,1610612756,Phoenix,Suns,203082,Terrence,Ross,7200.0,11690.0,5,-5.0,0.118
0022201201,1610612756,Phoenix,Suns,203082,Terrence,Ross,19770.0,24300.0,3,3.0,0.133
0022201201,1610612756,Phoenix,Suns,1626164,Devin,Booker,0.0,7200.0,5,2.0,0.231
0022201201,1610612756,Phoenix,Suns,1626164,Devin,Booker,10820.0,21600.0,8,3.0,0.25
0022201201,1610612756,Phoenix,Suns,1626164,Devin,Booker,24300.0,28800.0,2,5.0,0.133
0022201201,1610612756,Phoenix,Suns,1626166,Cameron,Payne,2780.0,7200.0,2,3.0,0.111
0022201201,1610612756,Phoenix,Suns,1628470,Torrey,Craig,4880.0,8820.0,7,-2.0,0.294
0022201201,1610612756,Phoenix,Suns,1628470,Torrey,Craig,19500.0,28800.0,4,10.0,0.097
0022201201,1610612756,Phoenix,Suns,1629006,Josh,Okogie,0.0,5010.0,3,4.0,0.188
0022201201,1610612756,Phoenix,Suns,1629006,Josh,Okogie,11690.0,19770.0,2,-1.0,0.161
0022201201,1610612756,Phoenix,Suns,1629013,Landry,Shamet,5010.0,7200.0,0,-2.0,0.2
0022201201,1610612756,Phoenix,Suns,1629013,Landry,Shamet,19500.0,21600.0,2,9.0,0.143
0022201201,1610612756,Phoenix,Suns,1629028,Deandre,Ayton,0.0,4880.0,4,4.0,0.188
0022201201,1610612756,Phoenix,Suns,1629028,Deandre,Ayton,10290.0,19500.0,10,-9.0,0.167
0022201201,1610612756,Phoenix,Suns,1629028,Deandre,Ayton,23810.0,28800.0,2,8.0,0.125
0022201201,1610612756,Phoenix,Suns,1629111,Jock,Landale,7200.0,10290.0,2,1.0,0.083
0022201201,1610612756,Phoenix,Suns,1630688,Ish,Wainright,8820.0,10820.0,0,-2.0,0.0
0022200624,1610612756,Phoenix,Suns,202687,Bismack,Biyombo,0.0,4250.0,4,-8.0,0.235
0022200624,1610612756,Phoenix,Suns,202687,Bismack,Biyombo,8040.0,10710.0,0,-11.0,0.1
0022200624,1610612756,Phoenix,Suns,202687,Bismack,Biyombo,14400.0,17050.0,0,-12.0,0.182
0022200624,1610612756,Phoenix,Suns,203967,Dario,Saric,0.0,4250.0,2,-8.0,0.118
0022200624,1610612756,Phoenix,Suns,203967,Dario,Saric,7200.0,18400.0,9,-23.0,0.182
0022200624,1610612756,Phoenix,Suns,1627814,Damion,Lee,4250.0,8830.0,0,-6.0,0.111
0022200624,1610612756,Phoenix,Suns,1627814,Damion,Lee,10710.0,14400.0,7,6.0,0.308
0022200624,1610612756,Phoenix,Suns,1627814,Damion,Lee,17050.0,24290.0,4,-2.0,0.242
0022200624,1610612756,Phoenix,Suns,1628470,Torrey,Craig,0.0,4250.0,8,-8.0,0.176
0022200624,1610612756,Phoenix,Suns,1628470,Torrey,Craig,8830.0,18400.0,8,-15.0,0.105
0022200624,1610612756,Phoenix,Suns,1628969,Mikal,Bridges,0.0,5990.0,2,-3.0,0.136
0022200624,1610612756,Phoenix,Suns,1628969,Mikal,Bridges,8830.0,20850.0,5,-17.0,0.157
0022200624,1610612756,Phoenix,Suns,1629006,Josh,Okogie,4720.0,8830.0,9,-3.0,0.25
0022200624,1610612756,Phoenix,Suns,1629006,Josh,Okogie,9860.0,14400.0,3,1.0,0.188
0022200624,1610612756,Phoenix,Suns,1629006,Josh,Okogie,17050.0,28800.0,2,-1.0,0.216
0022200624,1610612756,Phoenix,Suns,1629111,Jock,Landale,4250.0,8040.0,3,-3.0,0.25
0022200624,1610612756,Phoenix,Suns,1629111,Jock,Landale,18400.0,28800.0,8,0.0,0.111
0022200624,1610612756,Phoenix,Suns,1630240,Saben,Lee,5990.0,7200.0,0,-3.0,0.0
0022200624,1610612756,Phoenix,Suns,1630240,Saben,Lee,20850.0,28800.0,8,2.0,0.219
0022200624,1610612756,Phoenix,Suns,1630613,Duane,Washington Jr.,0.0,4720.0,0,-11.0,0.278
0022200624,1610612756,Phoenix,Suns,1630613,Duane,Washington Jr.,7200.0,9860.0,5,-11.0,0.455
0022200624,1610612756,Phoenix,Suns,1630613,Duane,Washington Jr.,14400.0,17050.0,0,-12.0,0.364
0022200624,1610612756,Phoenix,Suns,1630613,Duane,Washington Jr.,24290.0,28800.0,3,1.0,0.263
0022200624,1610612756,Phoenix,Suns,1630688,Ish,Wainright,4250.0,7200.0,0,2.0,0.273
0022200624,1610612756,Phoenix,Suns,1630688,Ish,Wainright,18400.0,28800.0,7,0.0,0.156
0022200497,1610612756,Phoenix,Suns,101108,Chris,Paul,0.0,4650.0,4,-12.0,0.267
0022200497,1610612756,Phoenix,Suns,101108,Chris,Paul,7200.0,11440.0,0,6.0,0.214
0022200497,1610612756,Phoenix,Suns,101108,Chris,Paul,13320.0,19410.0,4,7.0,0.185
0022200497,1610612756,Phoenix,Suns,101108,Chris,Paul,21600.0,25520.0,4,5.0,0.143
0022200497,1610612756,Phoenix,Suns,101108,Chris,Paul,26310.0,31800.0,5,-7.0,0.304
0022200497,1610612756,Phoenix,Suns,202687,Bismack,Biyombo,5360.0,10220.0,2,15.0,0.125
0022200497,1610612756,Phoenix,Suns,202687,Bismack,Biyombo,19410.0,23800.0,3,-5.0,0.176
0022200497,1610612756,Phoenix,Suns,1626164,Devin,Booker,0.0,2600.0,2,-9.0,0.25
0022200497,1610612756,Phoenix,Suns,1627814,Damion,Lee,4650.0,7136.0,2,8.0,0.1
0022200497,1610612756,Phoenix,Suns,1627814,Damion,Lee,7200.0,13320.0,8,7.0,0.238
0022200497,1610612756,Phoenix,Suns,1627814,Damion,Lee,16880.0,26310.0,8,-8.0,0.143
0022200497,1610612756,Phoenix,Suns,1627814,Damion,Lee,31579.0,31800.0,0,1.0,0.0
0022200497,1610612756,Phoenix,Suns,1628470,Torrey,Craig,0.0,4650.0,3,-12.0,0.2
0022200497,1610612756,Phoenix,Suns,1628470,Torrey,Craig,11130.0,20220.0,8,6.0,0.128
0022200497,1610612756,Phoenix,Suns,1628470,Torrey,Craig,23800.0,31579.0,2,-9.0,0.071
0022200497,1610612756,Phoenix,Suns,1628969,Mikal,Bridges,0.0,7200.0,10,-4.0,0.24
0022200497,1610612756,Phoenix,Suns,1628969,Mikal,Bridges,9830.0,11440.0,0,1.0,0.0
0022200497,1610612756,Phoenix,Suns,1628969,Mikal,Bridges,14400.0,21600.0,3,-3.0,0.069
0022200497,1610612756,Phoenix,Suns,1628969,Mikal,Bridges,23660.0,31800.0,0,-7.0,0.182
0022200497,1610612756,Phoenix,Suns,1629006,Josh,Okogie,7136.0,11130.0,2,6.0,0.083
0022200497,1610612756,Phoenix,Suns,1629006,Josh,Okogie,21600.0,23800.0,2,2.0,0.444
0022200497,1610612756,Phoenix,Suns,1629013,Landry,Shamet,2600.0,9830.0,0,10.0,0.16
0022200497,1610612756,Phoenix,Suns,1629013,Landry,Shamet,11440.0,16880.0,15,10.0,0.417
0022200497,1610612756,Phoenix,Suns,1629013,Landry,Shamet,19410.0,23660.0,7,-6.0,0.267
0022200497,1610612756,Phoenix,Suns,1629013,Landry,Shamet,25520.0,31800.0,9,-11.0,0.231
0022200497,1610612756,Phoenix,Suns,1629028,Deandre,Ayton,0.0,5360.0,3,-12.0,0.278
0022200497,1610612756,Phoenix,Suns,1629028,Deandre,Ayton,10220.0,19410.0,14,7.0,0.359
0022200497,1610612756,Phoenix,Suns,1629028,Deandre,Ayton,23800.0,31800.0,5,-8.0,0.226
0022200497,1610612756,Phoenix,Suns,1630688,Ish,Wainright,4650.0,7200.0,0,8.0,0.0
0022200497,1610612756,Phoenix,Suns,1630688,Ish,Wainright,11440.0,14400.0,0,4.0,0.0
0022200497,1610612756,Phoenix,Suns,1630688,Ish,Wainright,20220.0,21600.0,0,-5.0,0.0
0022201160,1610612756,Phoenix,Suns,101108,Chris,Paul,0.0,5190.0,3,7.0,0.176
0022201160,1610612756,Phoenix,Suns,101108,Chris,Paul,9840.0,19150.0,2,2.0,0.158
0022201160,1610612756,Phoenix,Suns,101108,Chris,Paul,23360.0,28800.0,0,0.0,0.227
0022201160,1610612756,Phoenix,Suns,201142,Kevin,Durant,0.0,4350.0,12,5.0,0.429
0022201160,1610612756,Phoenix,Suns,201142,Kevin,Durant,7200.0,11580.0,7,-1.0,0.389
0022201160,1610612756,Phoenix,Suns,201142,Kevin,Durant,14400.0,19150.0,4,-4.0,0.158
0022201160,1610612756,Phoenix,Suns,201142,Kevin,Durant,21600.0,25780.0,7,-2.0,0.313
0022201160,1610612756,Phoenix,Suns,201142,Kevin,Durant,26550.0,28800.0,0,1.0,0.0
0022201160,1610612756,Phoenix,Suns,202687,Bismack,Biyombo,6320.0,10780.0,3,-3.0,0.333
0022201160,1610612756,Phoenix,Suns,202687,Bismack,Biyombo,17360.0,24720.0,6,-18.0,0.094
0022201160,1610612756,Phoenix,Suns,203082,Terrence,Ross,7200.0,10780.0,0,-4.0,0.0
0022201160,1610612756,Phoenix,Suns,203082,Terrence,Ross,13070.0,14400.0,0,2.0,0.0
0022201160,1610612756,Phoenix,Suns,203082,Terrence,Ross,21600.0,25780.0,0,-2.0,0.188
0022201160,1610612756,Phoenix,Suns,203933,T.J.,Warren,4350.0,9840.0,4,9.0,0.125
0022201160,1610612756,Phoenix,Suns,203933,T.J.,Warren,20380.0,24720.0,0,-2.0,0.211
0022201160,1610612756,Phoenix,Suns,1626164,Devin,Booker,0.0,7200.0,9,12.0,0.333
0022201160,1610612756,Phoenix,Suns,1626164,Devin,Booker,10780.0,21600.0,16,2.0,0.333
0022201160,1610612756,Phoenix,Suns,1626164,Devin,Booker,25780.0,28800.0,2,-1.0,0.231
0022201160,1610612756,Phoenix,Suns,1626166,Cameron,Payne,5190.0,9840.0,0,7.0,0.048
0022201160,1610612756,Phoenix,Suns,1626166,Cameron,Payne,19150.0,23360.0,0,-9.0,0.235
0022201160,1610612756,Phoenix,Suns,1628470,Torrey,Craig,4350.0,7200.0,0,7.0,0.0
0022201160,1610612756,Phoenix,Suns,1628470,Torrey,Craig,9840.0,13070.0,0,4.0,0.154
0022201160,1610612756,Phoenix,Suns,1628470,Torrey,Craig,19150.0,21600.0,3,-6.0,0.1
0022201160,1610612756,Phoenix,Suns,1628470,Torrey,Craig,25780.0,26550.0,0,-2.0,0.0
0022201160,1610612756,Phoenix,Suns,1629006,Josh,Okogie,0.0,4350.0,0,5.0,0.071
0022201160,1610612756,Phoenix,Suns,1629006,Josh,Okogie,11580.0,20380.0,11,-2.0,0.194
0022201160,1610612756,Phoenix,Suns,1629006,Josh,Okogie,24720.0,28800.0,3,0.0,0.067
0022201160,1610612756,Phoenix,Suns,1629028,Deandre,Ayton,0.0,6320.0,4,11.0,0.182
0022201160,1610612756,Phoenix,Suns,1629028,Deandre,Ayton,10780.0,17360.0,4,17.0,0.231
0022201160,1610612756,Phoenix,Suns,1629028,Deandre,Ayton,24720.0,28800.0,0,0.0,0.267
0022200615,1610612756,Phoenix,Suns,202687,Bismack,Biyombo,0.0,3440.0,4,2.0,0.188
0022200615,1610612756,Phoenix,Suns,202687,Bismack,Biyombo,7850.0,11330.0,0,11.0,0.143
0022200615,1610612756,Phoenix,Suns,202687,Bismack,Biyombo,14400.0,17860.0,4,8.0,0.143
0022200615,1610612756,Phoenix,Suns,203967,Dario,Saric,0.0,5560.0,5,-2.0,0.208
0022200615,1610612756,Phoenix,Suns,203967,Dario,Saric,8680.0,12330.0,3,7.0,0.154
0022200615,1610612756,Phoenix,Suns,203967,Dario,Saric,14400.0,19220.0,6,11.0,0.211
0022200615,1610612756,Phoenix,Suns,203967,Dario,Saric,21600.0,24550.0,3,-3.0,0.455
0022200615,1610612756,Phoenix,Suns,203967,Dario,Saric,26840.0,28070.0,2,-5.0,0.111
0022200615,1610612756,Phoenix,Suns,1627814,Damion,Lee,4110.0,10730.0,14,11.0,0.269
0022200615,1610612756,Phoenix,Suns,1627814,Damion,Lee,11730.0,14400.0,0,-3.0,0.0
0022200615,1610612756,Phoenix,Suns,1627814,Damion,Lee,18360.0,25400.0,2,-8.0,0.167
0022200615,1610612756,Phoenix,Suns,1627814,Damion,Lee,26810.0,28800.0,6,-3.0,0.357
0022200615,1610612756,Phoenix,Suns,1628470,Torrey,Craig,0.0,5560.0,0,-2.0,0.125
0022200615,1610612756,Phoenix,Suns,1628470,Torrey,Craig,10730.0,19220.0,12,13.0,0.263
0022200615,1610612756,Phoenix,Suns,1628470,Torrey,Craig,23050.0,28800.0,0,-2.0,0.167
0022200615,1610612756,Phoenix,Suns,1628969,Mikal,Bridges,0.0,6470.0,6,-1.0,0.269
0022200615,1610612756,Phoenix,Suns,1628969,Mikal,Bridges,7013.0,7200.0,0,3.0,0.0
0022200615,1610612756,Phoenix,Suns,1628969,Mikal,Bridges,9830.0,20330.0,11,18.0,0.205
0022200615,1610612756,Phoenix,Suns,1628969,Mikal,Bridges,21600.0,28800.0,9,-7.0,0.143
0022200615,1610612756,Phoenix,Suns,1629006,Josh,Okogie,5560.0,7013.0,0,4.0,0.4
0022200615,1610612756,Phoenix,Suns,1629006,Josh,Okogie,7200.0,11730.0,3,12.0,0.158
0022200615,1610612756,Phoenix,Suns,1629006,Josh,Okogie,17860.0,23050.0,2,-8.0,0.136
0022200615,1610612756,Phoenix,Suns,1629006,Josh,Okogie,25400.0,28800.0,2,-1.0,0.095
0022200615,1610612756,Phoenix,Suns,1629111,Jock,Landale,3440.0,7850.0,4,4.0,0.111
0022200615,1610612756,Phoenix,Suns,1629111,Jock,Landale,11330.0,14400.0,0,-3.0,0.2
0022200615,1610612756,Phoenix,Suns,1629111,Jock,Landale,19220.0,23050.0,2,-11.0,0.25
0022200615,1610612756,Phoenix,Suns,1629111,Jock,Landale,24550.0,26840.0,0,-3.0,0.0
0022200615,1610612756,Phoenix,Suns,1630613,Duane,Washington Jr.,0.0,4110.0,3,1.0,0.222
0022200615,1610612756,Phoenix,Suns,1630613,Duane,Washington Jr.,6470.0,9830.0,6,8.0,0.313
0022200615,1610612756,Phoenix,Suns,1630613,Duane,Washington Jr.,12330.0,18360.0,7,5.0,0.286
0022200615,1610612756,Phoenix,Suns,1630613,Duane,Washington Jr.,20330.0,21600.0,2,-6.0,0.143
0022200615,1610612756,Phoenix,Suns,1630613,Duane,Washington Jr.,25400.0,26810.0,3,2.0,0.714
0022200615,1610612756,Phoenix,Suns,1630688,Ish,Wainright,5560.0,8680.0,0,11.0,0.0
0022200615,1610612756,Phoenix,Suns,1630688,Ish,Wainright,19220.0,21600.0,2,-6.0,0.091
0022200615,1610612756,Phoenix,Suns,1630688,Ish,Wainright,23050.0,25400.0,0,-1.0,0.0
0022200615,1610612756,Phoenix,Suns,1630688,Ish,Wainright,28070.0,28800.0,2,4.0,0.2
0022200055,1610612756,Phoenix,Suns,101108,Chris,Paul,0.0,4580.0,6,7.0,0.087
0022200055,1610612756,Phoenix,Suns,101108,Chris,Paul,7200.0,10720.0,2,-1.0,0.2
0022200055,1610612756,Phoenix,Suns,101108,Chris,Paul,12800.0,19540.0,5,10.0,0.192
0022200055,1610612756,Phoenix,Suns,101108,Chris,Paul,21600.0,27890.0,3,5.0,0.13
0022200055,1610612756,Phoenix,Suns,1626164,Devin,Booker,0.0,6360.0,10,6.0,0.276
0022200055,1610612756,Phoenix,Suns,1626164,Devin,Booker,10380.0,21600.0,15,14.0,0.275
0022200055,1610612756,Phoenix,Suns,1626164,Devin,Booker,24280.0,27890.0,9,12.0,0.385
0022200055,1610612756,Phoenix,Suns,1626166,Cameron,Payne,4580.0,7200.0,6,1.0,0.333
0022200055,1610612756,Phoenix,Suns,1626166,Cameron,Payne,10720.0,12800.0,0,-2.0,0.143
0022200055,1610612756,Phoenix,Suns,1626166,Cameron,Payne,19090.0,21576.0,2,4.0,0.182
0022200055,1610612756,Phoenix,Suns,1626166,Cameron,Payne,27890.0,28800.0,0,5.0,0.0
0022200055,1610612756,Phoenix,Suns,1627814,Damion,Lee,6360.0,11950.0,2,-3.0,0.111
0022200055,1610612756,Phoenix,Suns,1627814,Damion,Lee,21576.0,24280.0,0,-7.0,0.091
0022200055,1610612756,Phoenix,Suns,1627814,Damion,Lee,27890.0,28800.0,3,5.0,0.333
0022200055,1610612756,Phoenix,Suns,1628470,Torrey,Craig,4580.0,8360.0,6,-4.0,0.188
0022200055,1610612756,Phoenix,Suns,1628470,Torrey,Craig,19090.0,21600.0,2,4.0,0.091
0022200055,1610612756,Phoenix,Suns,1628969,Mikal,Bridges,0.0,5490.0,0,5.0,0.038
0022200055,1610612756,Phoenix,Suns,1628969,Mikal,Bridges,9880.0,19710.0,17,11.0,0.2
0022200055,1610612756,Phoenix,Suns,1628969,Mikal,Bridges,21576.0,21600.0,0,0.0,0.0
0022200055,1610612756,Phoenix,Suns,1628969,Mikal,Bridges,23490.0,27890.0,0,5.0,0.0
0022200055,1610612756,Phoenix,Suns,1629006,Josh,Okogie,27890.0,28800.0,2,5.0,0.333
0022200055,1610612756,Phoenix,Suns,1629013,Landry,Shamet,5490.0,9880.0,2,0.0,0.158
0022200055,1610612756,Phoenix,Suns,1629013,Landry,Shamet,19710.0,23490.0,0,3.0,0.0
0022200055,1610612756,Phoenix,Suns,1629013,Landry,Shamet,27890.0,28800.0,0,5.0,0.0
0022200055,1610612756,Phoenix,Suns,1629028,Deandre,Ayton,0.0,5310.0,6,3.0,0.32
0022200055,1610612756,Phoenix,Suns,1629028,Deandre,Ayton,9880.0,17690.0,8,4.0,0.27
0022200055,1610612756,Phoenix,Suns,1629028,Deandre,Ayton,22910.0,24830.0,2,-5.0,0.286
0022200055,1610612756,Phoenix,Suns,1629111,Jock,Landale,5310.0,9880.0,7,2.0,0.25
0022200055,1610612756,Phoenix,Suns,1629111,Jock,Landale,17690.0,19090.0,0,6.0,0.167
0022200055,1610612756,Phoenix,Suns,1629111,Jock,Landale,19540.0,21576.0,5,4.0,0.222
0022200055,1610612756,Phoenix,Suns,1629111,Jock,Landale,21600.0,22910.0,4,0.0,1.0
0022200055,1610612756,Phoenix,Suns,1629111,Jock,Landale,24830.0,28800.0,1,15.0,0.143
0022200055,1610612756,Phoenix,Suns,1629661,Cameron,Johnson,0.0,4580.0,1,7.0,0.261
0022200055,1610612756,Phoenix,Suns,1629661,Cameron,Johnson,8360.0,10380.0,0,2.0,0.0
0022200055,1610612756,Phoenix,Suns,1629661,Cameron,Johnson,11950.0,19090.0,3,12.0,0.065
0022200055,1610612756,Phoenix,Suns,1629661,Cameron,Johnson,21600.0,27890.0,5,5.0,0.217
0022201025,1610612756,Phoenix,Suns,101108,Chris,Paul,0.0,4900.0,0,-14.0,0.15
0022201025,1610612756,Phoenix,Suns,101108,Chris,Paul,9810.0,19590.0,7,21.0,0.244
0022201025,1610612756,Phoenix,Suns,101108,Chris,Paul,23490.0,27090.0,4,-7.0,0.2
0022201025,1610612756,Phoenix,Suns,202687,Bismack,Biyombo,5190.0,6970.0,0,-4.0,0.125
0022201025,1610612756,Phoenix,Suns,202687,Bismack,Biyombo,7200.0,9220.0,4,2.0,0.333
0022201025,1610612756,Phoenix,Suns,202687,Bismack,Biyombo,19590.0,21600.0,0,-6.0,0.286
0022201025,1610612756,Phoenix,Suns,203082,Terrence,Ross,5190.0,9810.0,3,-8.0,0.182
0022201025,1610612756,Phoenix,Suns,203082,Terrence,Ross,21600.0,26140.0,0,-6.0,0.105
0022201025,1610612756,Phoenix,Suns,203933,T.J.,Warren,27090.0,28800.0,0,6.0,0.0
0022201025,1610612756,Phoenix,Suns,1626164,Devin,Booker,0.0,6480.0,8,-23.0,0.333
0022201025,1610612756,Phoenix,Suns,1626164,Devin,Booker,9810.0,21600.0,20,15.0,0.292
0022201025,1610612756,Phoenix,Suns,1626164,Devin,Booker,24210.0,27090.0,4,-6.0,0.231
0022201025,1610612756,Phoenix,Suns,1626166,Cameron,Payne,4900.0,9810.0,5,-11.0,0.174
0022201025,1610612756,Phoenix,Suns,1626166,Cameron,Payne,19590.0,23490.0,2,-6.0,0.2
0022201025,1610612756,Phoenix,Suns,1626166,Cameron,Payne,27090.0,28800.0,2,6.0,0.429
0022201025,1610612756,Phoenix,Suns,1627814,Damion,Lee,3360.0,6970.0,5,-12.0,0.267
0022201025,1610612756,Phoenix,Suns,1627814,Damion,Lee,7200.0,9220.0,0,2.0,0.0
0022201025,1610612756,Phoenix,Suns,1627814,Damion,Lee,13904.0,14400.0,0,-1.0,0.0
0022201025,1610612756,Phoenix,Suns,1627814,Damion,Lee,19590.0,22370.0,0,-6.0,0.2
0022201025,1610612756,Phoenix,Suns,1627814,Damion,Lee,27090.0,28800.0,2,6.0,0.429
0022201025,1610612756,Phoenix,Suns,1628470,Torrey,Craig,0.0,3360.0,0,-9.0,0.143
0022201025,1610612756,Phoenix,Suns,1628470,Torrey,Craig,6970.0,7200.0,0,-1.0,0.0
0022201025,1610612756,Phoenix,Suns,1628470,Torrey,Craig,9220.0,13904.0,2,4.0,0.053
0022201025,1610612756,Phoenix,Suns,1628470,Torrey,Craig,14400.0,19590.0,0,13.0,0.045
0022201025,1610612756,Phoenix,Suns,1628470,Torrey,Craig,21600.0,24210.0,0,-1.0,0.1
0022201025,1610612756,Phoenix,Suns,1628470,Torrey,Craig,26140.0,27090.0,0,-1.0,0.0
0022201025,1610612756,Phoenix,Suns,1629006,Josh,Okogie,0.0,5190.0,3,-17.0,0.136
0022201025,1610612756,Phoenix,Suns,1629006,Josh,Okogie,6970.0,7200.0,0,-1.0,0.0
0022201025,1610612756,Phoenix,Suns,1629006,Josh,Okogie,9810.0,21600.0,8,15.0,0.188
0022201025,1610612756,Phoenix,Suns,1629006,Josh,Okogie,25070.0,27090.0,0,-7.0,0.2
0022201025,1610612756,Phoenix,Suns,1629028,Deandre,Ayton,0.0,5190.0,2,-17.0,0.227
0022201025,1610612756,Phoenix,Suns,1629028,Deandre,Ayton,9220.0,19590.0,19,16.0,0.273
0022201025,1610612756,Phoenix,Suns,1629028,Deandre,Ayton,21600.0,27090.0,6,-7.0,0.217
0022201025,1610612756,Phoenix,Suns,1629111,Jock,Landale,27090.0,28800.0,2,6.0,0.143
0022201025,1610612756,Phoenix,Suns,1630688,Ish,Wainright,6480.0,9810.0,2,-2.0,0.063
0022201025,1610612756,Phoenix,Suns,1630688,Ish,Wainright,22370.0,25070.0,2,0.0,0.182
0022201025,1610612756,Phoenix,Suns,1630688,Ish,Wainright,27090.0,28800.0,0,6.0,0.0
0022200220,1610612756,Phoenix,Suns,1626164,Devin,Booker,0.0,7200.0,11,3.0,0.281
0022200220,1610612756,Phoenix,Suns,1626164,Devin,Booker,10640.0,22870.0,13,2.0,0.245
0022200220,1610612756,Phoenix,Suns,1626164,Devin,Booker,25390.0,27940.0,3,1.0,0.222
0022200220,1610612756,Phoenix,Suns,1626166,Cameron,Payne,0.0,2350.0,3,0.0,0.182
0022200220,1610612756,Phoenix,Suns,1626166,Cameron,Payne,7200.0,13770.0,15,5.0,0.36
0022200220,1610612756,Phoenix,Suns,1626166,Cameron,Payne,14400.0,19360.0,6,3.0,0.2
0022200220,1610612756,Phoenix,Suns,1626166,Cameron,Payne,22870.0,28800.0,5,3.0,0.318
0022200220,1610612756,Phoenix,Suns,1627814,Damion,Lee,2350.0,10640.0,3,6.0,0.091
0022200220,1610612756,Phoenix,Suns,1627814,Damion,Lee,13770.0,14400.0,0,-1.0,0.0
0022200220,1610612756,Phoenix,Suns,1627814,Damion,Lee,19360.0,26850.0,6,6.0,0.074
0022200220,1610612756,Phoenix,Suns,1628470,Torrey,Craig,0.0,4290.0,3,6.0,0.176
0022200220,1610612756,Phoenix,Suns,1628470,Torrey,Craig,9510.0,19360.0,10,5.0,0.125
0022200220,1610612756,Phoenix,Suns,1628470,Torrey,Craig,23720.0,25390.0,0,4.0,0.0
0022200220,1610612756,Phoenix,Suns,1628470,Torrey,Craig,26850.0,28800.0,0,-5.0,0.125
0022200220,1610612756,Phoenix,Suns,1628969,Mikal,Bridges,0.0,5770.0,5,7.0,0.16
0022200220,1610612756,Phoenix,Suns,1628969,Mikal,Bridges,7200.0,21422.0,14,9.0,0.145
0022200220,1610612756,Phoenix,Suns,1628969,Mikal,Bridges,22870.0,27940.0,4,7.0,0.222
0022200220,1610612756,Phoenix,Suns,1629006,Josh,Okogie,5770.0,9510.0,0,-2.0,0.133
0022200220,1610612756,Phoenix,Suns,1629006,Josh,Okogie,21422.0,22870.0,0,-4.0,0.0
0022200220,1610612756,Phoenix,Suns,1629028,Deandre,Ayton,0.0,5110.0,8,6.0,0.273
0022200220,1610612756,Phoenix,Suns,1629028,Deandre,Ayton,9510.0,19360.0,4,5.0,0.25
0022200220,1610612756,Phoenix,Suns,1629028,Deandre,Ayton,23990.0,27940.0,2,5.0,0.143
0022200220,1610612756,Phoenix,Suns,1629111,Jock,Landale,5110.0,9510.0,3,-1.0,0.167
0022200220,1610612756,Phoenix,Suns,1629111,Jock,Landale,19360.0,23990.0,4,0.0,0.294
0022200220,1610612756,Phoenix,Suns,1629111,Jock,Landale,27940.0,28800.0,0,-4.0,0.0
0022200220,1610612756,Phoenix,Suns,1630613,Duane,Washington Jr.,4290.0,7200.0,3,-3.0,0.267
0022200220,1610612756,Phoenix,Suns,1630613,Duane,Washington Jr.,19360.0,23720.0,2,0.0,0.176
0022200220,1610612756,Phoenix,Suns,1630613,Duane,Washington Jr.,27940.0,28800.0,0,-4.0,0.0
0022200220,1610612756,Phoenix,Suns,1630688,Ish,Wainright,27940.0,28800.0,3,-4.0,0.5
0022200094,1610612756,Phoenix,Suns,101108,Chris,Paul,0.0,4670.0,2,4.0,0.067
0022200094,1610612756,Phoenix,Suns,101108,Chris,Paul,8940.0,19290.0,5,6.0,0.15
0022200094,1610612756,Phoenix,Suns,101108,Chris,Paul,24470.0,28190.0,3,9.0,0.167
0022200094,1610612756,Phoenix,Suns,202687,Bismack,Biyombo,0.0,3320.0,0,5.0,0.091
0022200094,1610612756,Phoenix,Suns,202687,Bismack,Biyombo,8940.0,10860.0,0,2.0,0.0
0022200094,1610612756,Phoenix,Suns,202687,Bismack,Biyombo,14400.0,19290.0,2,0.0,0.158
0022200094,1610612756,Phoenix,Suns,202687,Bismack,Biyombo,24740.0,27800.0,3,5.0,0.111
0022200094,1610612756,Phoenix,Suns,1626164,Devin,Booker,0.0,6510.0,11,4.0,0.455
0022200094,1610612756,Phoenix,Suns,1626164,Devin,Booker,9960.0,21234.0,17,-1.0,0.333
0022200094,1610612756,Phoenix,Suns,1626164,Devin,Booker,24740.0,28190.0,2,8.0,0.182
0022200094,1610612756,Phoenix,Suns,1626166,Cameron,Payne,4670.0,8940.0,4,-1.0,0.273
0022200094,1610612756,Phoenix,Suns,1626166,Cameron,Payne,19290.0,24470.0,8,-3.0,0.474
0022200094,1610612756,Phoenix,Suns,1626166,Cameron,Payne,28190.0,28800.0,0,0.0,0.0
0022200094,1610612756,Phoenix,Suns,1627814,Damion,Lee,6510.0,9960.0,2,-2.0,0.1
0022200094,1610612756,Phoenix,Suns,1627814,Damion,Lee,21234.0,24740.0,3,6.0,0.0
0022200094,1610612756,Phoenix,Suns,1628470,Torrey,Craig,4670.0,8940.0,0,-1.0,0.045
0022200094,1610612756,Phoenix,Suns,1628470,Torrey,Craig,13857.0,14400.0,0,0.0,0.0
0022200094,1610612756,Phoenix,Suns,1628470,Torrey,Craig,19290.0,24470.0,0,-3.0,0.053
0022200094,1610612756,Phoenix,Suns,1628470,Torrey,Craig,27800.0,28800.0,0,3.0,0.0
0022200094,1610612756,Phoenix,Suns,1628969,Mikal,Bridges,0.0,5740.0,3,0.0,0.15
0022200094,1610612756,Phoenix,Suns,1628969,Mikal,Bridges,9960.0,20450.0,7,4.0,0.125
0022200094,1610612756,Phoenix,Suns,1628969,Mikal,Bridges,24740.0,28190.0,5,8.0,0.182
0022200094,1610612756,Phoenix,Suns,1629006,Josh,Okogie,28190.0,28800.0,2,0.0,0.5
0022200094,1610612756,Phoenix,Suns,1629013,Landry,Shamet,5740.0,9960.0,5,2.0,0.217
0022200094,1610612756,Phoenix,Suns,1629013,Landry,Shamet,20450.0,24740.0,5,1.0,0.188
0022200094,1610612756,Phoenix,Suns,1629013,Landry,Shamet,28190.0,28800.0,0,0.0,0.0
0022200094,1610612756,Phoenix,Suns,1629111,Jock,Landale,3320.0,8940.0,6,-2.0,0.231
0022200094,1610612756,Phoenix,Suns,1629111,Jock,Landale,10860.0,13857.0,10,4.0,0.462
0022200094,1610612756,Phoenix,Suns,1629111,Jock,Landale,19290.0,24740.0,0,-2.0,0.05
0022200094,1610612756,Phoenix,Suns,1629661,Cameron,Johnson,0.0,4670.0,5,4.0,0.2
0022200094,1610612756,Phoenix,Suns,1629661,Cameron,Johnson,8940.0,19290.0,5,6.0,0.175
0022200094,1610612756,Phoenix,Suns,1629661,Cameron,Johnson,24470.0,28190.0,9,9.0,0.417
0022200094,1610612756,Phoenix,Suns,1630613,Duane,Washington Jr.,28190.0,28800.0,0,0.0,0.0
0022200334,1610612756,Phoenix,Suns,202687,Bismack,Biyombo,5760.0,7200.0,0,2.0,0.0
0022200334,1610612756,Phoenix,Suns,202687,Bismack,Biyombo,9070.0,14400.0,4,-2.0,0.091
0022200334,1610612756,Phoenix,Suns,203967,Dario,Saric,0.0,5090.0,0,6.0,0.118
0022200334,1610612756,Phoenix,Suns,203967,Dario,Saric,8660.0,12030.0,0,-5.0,0.214
0022200334,1610612756,Phoenix,Suns,203967,Dario,Saric,14400.0,18820.0,3,9.0,0.067
0022200334,1610612756,Phoenix,Suns,1626164,Devin,Booker,0.0,7200.0,18,9.0,0.385
0022200334,1610612756,Phoenix,Suns,1626164,Devin,Booker,10690.0,12320.0,2,-1.0,0.25
0022200334,1610612756,Phoenix,Suns,1626164,Devin,Booker,14400.0,21600.0,13,3.0,0.423
0022200334,1610612756,Phoenix,Suns,1626164,Devin,Booker,24510.0,28800.0,8,-3.0,0.5
0022200334,1610612756,Phoenix,Suns,1626166,Cameron,Payne,0.0,5090.0,2,6.0,0.059
0022200334,1610612756,Phoenix,Suns,1626166,Cameron,Payne,9690.0,19560.0,7,11.0,0.162
0022200334,1610612756,Phoenix,Suns,1626166,Cameron,Payne,21600.0,28800.0,11,-11.0,0.357
0022200334,1610612756,Phoenix,Suns,1627814,Damion,Lee,5760.0,9690.0,5,-5.0,0.158
0022200334,1610612756,Phoenix,Suns,1627814,Damion,Lee,9690.0,12030.0,3,0.0,0.4
0022200334,1610612756,Phoenix,Suns,1627814,Damion,Lee,19920.0,28800.0,2,-12.0,0.056
0022200334,1610612756,Phoenix,Suns,1628969,Mikal,Bridges,0.0,5760.0,11,7.0,0.421
0022200334,1610612756,Phoenix,Suns,1628969,Mikal,Bridges,7200.0,10690.0,2,-4.0,0.133
0022200334,1610612756,Phoenix,Suns,1628969,Mikal,Bridges,12030.0,19920.0,7,9.0,0.233
0022200334,1610612756,Phoenix,Suns,1628969,Mikal,Bridges,24030.0,28800.0,2,-8.0,0.15
0022200334,1610612756,Phoenix,Suns,1629013,Landry,Shamet,5090.0,9690.0,0,-4.0,0.095
0022200334,1610612756,Phoenix,Suns,1629013,Landry,Shamet,12320.0,14400.0,5,3.0,0.222
0022200334,1610612756,Phoenix,Suns,1629013,Landry,Shamet,19560.0,24030.0,0,-6.0,0.176
0022200334,1610612756,Phoenix,Suns,1629028,Deandre,Ayton,0.0,5760.0,0,7.0,0.053
0022200334,1610612756,Phoenix,Suns,1629028,Deandre,Ayton,7200.0,9070.0,0,0.0,0.444
0022200334,1610612756,Phoenix,Suns,1629028,Deandre,Ayton,14400.0,19920.0,6,4.0,0.263
0022200334,1610612756,Phoenix,Suns,1629028,Deandre,Ayton,24030.0,28800.0,2,-8.0,0.1
0022200334,1610612756,Phoenix,Suns,1629111,Jock,Landale,19920.0,24030.0,0,-4.0,0.0
0022200334,1610612756,Phoenix,Suns,1630688,Ish,Wainright,5090.0,8660.0,5,1.0,0.125
0022200334,1610612756,Phoenix,Suns,1630688,Ish,Wainright,12030.0,14400.0,0,5.0,0.0
0022200334,1610612756,Phoenix,Suns,1630688,Ish,Wainright,18820.0,24510.0,3,-14.0,0.136
0022200411,1610612756,Phoenix,Suns,101108,Chris,Paul,0.0,5050.0,2,-7.0,0.091
0022200411,1610612756,Phoenix,Suns,101108,Chris,Paul,8960.0,19100.0,10,-10.0,0.233
0022200411,1610612756,Phoenix,Suns,101108,Chris,Paul,20050.0,23440.0,2,5.0,0.313
0022200411,1610612756,Phoenix,Suns,101108,Chris,Paul,24800.0,28800.0,2,2.0,0.375
0022200411,1610612756,Phoenix,Suns,202687,Bismack,Biyombo,5050.0,10080.0,2,-2.0,0.053
0022200411,1610612756,Phoenix,Suns,202687,Bismack,Biyombo,13730.0,18600.0,3,4.0,0.1
0022200411,1610612756,Phoenix,Suns,202687,Bismack,Biyombo,22270.0,25550.0,2,-6.0,0.133
0022200411,1610612756,Phoenix,Suns,1626166,Cameron,Payne,5050.0,10080.0,9,-2.0,0.263
0022200411,1610612756,Phoenix,Suns,1627814,Damion,Lee,5160.0,10080.0,2,-2.0,0.389
0022200411,1610612756,Phoenix,Suns,1627814,Damion,Lee,11980.0,14217.0,0,-4.0,0.091
0022200411,1610612756,Phoenix,Suns,1627814,Damion,Lee,18600.0,24800.0,3,-1.0,0.036
0022200411,1610612756,Phoenix,Suns,1628470,Torrey,Craig,0.0,5160.0,3,-7.0,0.125
0022200411,1610612756,Phoenix,Suns,1628470,Torrey,Craig,10080.0,18600.0,2,-6.0,0.111
0022200411,1610612756,Phoenix,Suns,1628470,Torrey,Craig,24800.0,28800.0,2,2.0,0.188
0022200411,1610612756,Phoenix,Suns,1628969,Mikal,Bridges,0.0,5890.0,2,-4.0,0.346
0022200411,1610612756,Phoenix,Suns,1628969,Mikal,Bridges,8460.0,20050.0,8,-12.0,0.271
0022200411,1610612756,Phoenix,Suns,1628969,Mikal,Bridges,23440.0,28800.0,8,2.0,0.261
0022200411,1610612756,Phoenix,Suns,1629006,Josh,Okogie,5050.0,8960.0,0,0.0,0.067
0022200411,1610612756,Phoenix,Suns,1629006,Josh,Okogie,14217.0,14400.0,0,0.0,0.0
0022200411,1610612756,Phoenix,Suns,1629006,Josh,Okogie,16870.0,24800.0,10,0.0,0.216
0022200411,1610612756,Phoenix,Suns,1629013,Landry,Shamet,0.0,5050.0,2,-7.0,0.227
0022200411,1610612756,Phoenix,Suns,1629013,Landry,Shamet,10080.0,11980.0,0,-6.0,0.125
0022200411,1610612756,Phoenix,Suns,1629013,Landry,Shamet,14400.0,16870.0,3,3.0,0.125
0022200411,1610612756,Phoenix,Suns,1629013,Landry,Shamet,19100.0,28800.0,8,3.0,0.143
0022200411,1610612756,Phoenix,Suns,1629028,Deandre,Ayton,0.0,5050.0,3,-7.0,0.227
0022200411,1610612756,Phoenix,Suns,1629028,Deandre,Ayton,10080.0,13730.0,2,-10.0,0.375
0022200411,1610612756,Phoenix,Suns,1629111,Jock,Landale,18600.0,22270.0,5,4.0,0.25
0022200411,1610612756,Phoenix,Suns,1629111,Jock,Landale,25550.0,28800.0,2,3.0,0.077
0022200411,1610612756,Phoenix,Suns,1630688,Ish,Wainright,5890.0,8460.0,0,-5.0,0.111
0022200043,1610612756,Phoenix,Suns,101108,Chris,Paul,0.0,4740.0,0,14.0,0.105
0022200043,1610612756,Phoenix,Suns,101108,Chris,Paul,7200.0,11330.0,3,2.0,0.188
0022200043,1610612756,Phoenix,Suns,101108,Chris,Paul,13710.0,19580.0,2,-4.0,0.16
0022200043,1610612756,Phoenix,Suns,101108,Chris,Paul,23230.0,28060.0,2,3.0,0.267
0022200043,1610612756,Phoenix,Suns,1626164,Devin,Booker,0.0,6779.0,14,15.0,0.444
0022200043,1610612756,Phoenix,Suns,1626164,Devin,Booker,10460.0,21600.0,13,-2.0,0.239
0022200043,1610612756,Phoenix,Suns,1626164,Devin,Booker,25090.0,28060.0,8,0.0,0.333
0022200043,1610612756,Phoenix,Suns,1626166,Cameron,Payne,4740.0,7200.0,3,1.0,0.364
0022200043,1610612756,Phoenix,Suns,1626166,Cameron,Payne,11330.0,13710.0,3,0.0,0.4
0022200043,1610612756,Phoenix,Suns,1626166,Cameron,Payne,19580.0,23230.0,4,-1.0,0.4
0022200043,1610612756,Phoenix,Suns,1626166,Cameron,Payne,28548.0,28800.0,0,0.0,0.0
0022200043,1610612756,Phoenix,Suns,1627814,Damion,Lee,6270.0,10160.0,2,6.0,0.188
0022200043,1610612756,Phoenix,Suns,1627814,Damion,Lee,14248.0,14400.0,0,-2.0,0.0
0022200043,1610612756,Phoenix,Suns,1627814,Damion,Lee,20590.0,23880.0,0,2.0,0.0
0022200043,1610612756,Phoenix,Suns,1628470,Torrey,Craig,4740.0,7200.0,0,1.0,0.0
0022200043,1610612756,Phoenix,Suns,1628470,Torrey,Craig,10460.0,14344.0,3,4.0,0.059
0022200043,1610612756,Phoenix,Suns,1628470,Torrey,Craig,14960.0,21506.0,5,-4.0,0.24
0022200043,1610612756,Phoenix,Suns,1628470,Torrey,Craig,21600.0,23110.0,0,-2.0,0.0
0022200043,1610612756,Phoenix,Suns,1628470,Torrey,Craig,28060.0,28548.0,0,2.0,0.0
0022200043,1610612756,Phoenix,Suns,1628969,Mikal,Bridges,0.0,6270.0,4,13.0,0.08
0022200043,1610612756,Phoenix,Suns,1628969,Mikal,Bridges,10160.0,21600.0,3,-5.0,0.149
0022200043,1610612756,Phoenix,Suns,1628969,Mikal,Bridges,23880.0,28060.0,0,1.0,0.077
0022200043,1610612756,Phoenix,Suns,1629006,Josh,Okogie,28060.0,28800.0,2,2.0,0.25
0022200043,1610612756,Phoenix,Suns,1629013,Landry,Shamet,6779.0,10460.0,3,1.0,0.125
0022200043,1610612756,Phoenix,Suns,1629013,Landry,Shamet,21506.0,25090.0,3,1.0,0.214
0022200043,1610612756,Phoenix,Suns,1629013,Landry,Shamet,28060.0,28800.0,2,2.0,0.25
0022200043,1610612756,Phoenix,Suns,1629028,Deandre,Ayton,0.0,5150.0,2,13.0,0.2
0022200043,1610612756,Phoenix,Suns,1629028,Deandre,Ayton,10160.0,13710.0,5,-2.0,0.333
0022200043,1610612756,Phoenix,Suns,1629028,Deandre,Ayton,14400.0,17270.0,4,-5.0,0.182
0022200043,1610612756,Phoenix,Suns,1629028,Deandre,Ayton,22380.0,28060.0,2,1.0,0.222
0022200043,1610612756,Phoenix,Suns,1629111,Jock,Landale,5150.0,7150.0,4,5.0,0.222
0022200043,1610612756,Phoenix,Suns,1629111,Jock,Landale,7200.0,10160.0,2,4.0,0.182
0022200043,1610612756,Phoenix,Suns,1629111,Jock,Landale,13710.0,14248.0,0,5.0,0.0
0022200043,1610612756,Phoenix,Suns,1629111,Jock,Landale,14344.0,14400.0,0,0.0,0.0
0022200043,1610612756,Phoenix,Suns,1629111,Jock,Landale,17270.0,20590.0,3,-3.0,0.154
0022200043,1610612756,Phoenix,Suns,1629111,Jock,Landale,21600.0,22380.0,0,0.0,0.4
0022200043,1610612756,Phoenix,Suns,1629111,Jock,Landale,28060.0,28800.0,0,2.0,0.0
0022200043,1610612756,Phoenix,Suns,1629661,Cameron,Johnson,0.0,4740.0,6,14.0,0.105
0022200043,1610612756,Phoenix,Suns,1629661,Cameron,Johnson,7150.0,10460.0,0,-2.0,0.143
0022200043,1610612756,Phoenix,Suns,1629661,Cameron,Johnson,14400.0,14960.0,0,-2.0,0.0
0022200043,1610612756,Phoenix,Suns,1629661,Cameron,Johnson,23110.0,28060.0,5,3.0,0.133
0022200043,1610612756,Phoenix,Suns,1630613,Duane,Washington Jr.,28060.0,28800.0,0,2.0,0.25
0022201229,1610612756,Phoenix,Suns,203082,Terrence,Ross,4050.0,12650.0,2,-2.0,0.179
0022201229,1610612756,Phoenix,Suns,203082,Terrence,Ross,18680.0,28800.0,11,-7.0,0.225
0022201229,1610612756,Phoenix,Suns,1627814,Damion,Lee,4950.0,14400.0,2,-3.0,0.128
0022201229,1610612756,Phoenix,Suns,1627814,Damion,Lee,19520.0,28800.0,6,-12.0,0.139
0022201229,1610612756,Phoenix,Suns,1628470,Torrey,Craig,5430.0,8750.0,3,-3.0,0.067
0022201229,1610612756,Phoenix,Suns,1629006,Josh,Okogie,0.0,4950.0,7,8.0,0.19
0022201229,1610612756,Phoenix,Suns,1629006,Josh,Okogie,12650.0,19520.0,5,4.0,0.233
0022201229,1610612756,Phoenix,Suns,1629006,Josh,Okogie,22360.0,28800.0,1,-8.0,0.2
0022201229,1610612756,Phoenix,Suns,1629013,Landry,Shamet,0.0,4050.0,1,5.0,0.133
0022201229,1610612756,Phoenix,Suns,1629013,Landry,Shamet,11310.0,13580.0,3,4.0,0.222
0022201229,1610612756,Phoenix,Suns,1629013,Landry,Shamet,14400.0,18680.0,10,-3.0,0.316
0022201229,1610612756,Phoenix,Suns,1629111,Jock,Landale,0.0,5430.0,11,10.0,0.318
0022201229,1610612756,Phoenix,Suns,1629111,Jock,Landale,11310.0,18680.0,4,-3.0,0.219
0022201229,1610612756,Phoenix,Suns,1629647,Darius,Bazley,5430.0,11310.0,7,-5.0,0.36
0022201229,1610612756,Phoenix,Suns,1629647,Darius,Bazley,18680.0,28800.0,9,-7.0,0.15
0022201229,1610612756,Phoenix,Suns,1630240,Saben,Lee,0.0,11310.0,8,5.0,0.255
0022201229,1610612756,Phoenix,Suns,1630240,Saben,Lee,13580.0,28800.0,17,-14.0,0.222
0022201229,1610612756,Phoenix,Suns,1630688,Ish,Wainright,0.0,5430.0,0,10.0,0.0
0022201229,1610612756,Phoenix,Suns,1630688,Ish,Wainright,8750.0,22360.0,7,-4.0,0.14
0022200885,1610612756,Phoenix,Suns,101108,Chris,Paul,0.0,5480.0,0,-4.0,0.15
0022200885,1610612756,Phoenix,Suns,101108,Chris,Paul,9420.0,14393.0,2,2.0,0.118
0022200885,1610612756,Phoenix,Suns,101108,Chris,Paul,14400.0,19720.0,1,-6.0,0.167
0022200885,1610612756,Phoenix,Suns,101108,Chris,Paul,24540.0,28800.0,2,1.0,0.176
0022200885,1610612756,Phoenix,Suns,202687,Bismack,Biyombo,7880.0,10500.0,2,3.0,0.091
0022200885,1610612756,Phoenix,Suns,202687,Bismack,Biyombo,14393.0,14400.0,0,0.0,0.0
0022200885,1610612756,Phoenix,Suns,202687,Bismack,Biyombo,19720.0,24340.0,2,0.0,0.118
0022200885,1610612756,Phoenix,Suns,203082,Terrence,Ross,4810.0,9420.0,9,2.0,0.348
0022200885,1610612756,Phoenix,Suns,203082,Terrence,Ross,11530.0,14400.0,2,1.0,0.273
0022200885,1610612756,Phoenix,Suns,203082,Terrence,Ross,18570.0,25270.0,5,-8.0,0.269
0022200885,1610612756,Phoenix,Suns,203082,Terrence,Ross,27950.0,28800.0,0,-1.0,0.0
0022200885,1610612756,Phoenix,Suns,203933,T.J.,Warren,5070.0,6955.0,0,-1.0,0.0
0022200885,1610612756,Phoenix,Suns,203933,T.J.,Warren,7200.0,8330.0,2,-3.0,0.4
0022200885,1610612756,Phoenix,Suns,203933,T.J.,Warren,19720.0,21600.0,0,1.0,0.0
0022200885,1610612756,Phoenix,Suns,1626164,Devin,Booker,0.0,4810.0,5,-6.0,0.444
0022200885,1610612756,Phoenix,Suns,1626164,Devin,Booker,7200.0,11530.0,0,2.0,0.0
0022200885,1610612756,Phoenix,Suns,1626164,Devin,Booker,14400.0,18570.0,7,3.0,0.429
0022200885,1610612756,Phoenix,Suns,1626164,Devin,Booker,21298.0,28800.0,7,-2.0,0.31
0022200885,1610612756,Phoenix,Suns,1627814,Damion,Lee,8330.0,11530.0,5,5.0,0.333
0022200885,1610612756,Phoenix,Suns,1627814,Damion,Lee,22980.0,24540.0,2,-1.0,0.167
0022200885,1610612756,Phoenix,Suns,1628470,Torrey,Craig,0.0,4810.0,0,-6.0,0.111
0022200885,1610612756,Phoenix,Suns,1628470,Torrey,Craig,6955.0,7200.0,0,0.0,0.0
0022200885,1610612756,Phoenix,Suns,1628470,Torrey,Craig,11530.0,19720.0,6,-5.0,0.103
0022200885,1610612756,Phoenix,Suns,1628470,Torrey,Craig,25270.0,27950.0,0,-1.0,0.111
0022200885,1610612756,Phoenix,Suns,1629006,Josh,Okogie,0.0,5070.0,3,-4.0,0.053
0022200885,1610612756,Phoenix,Suns,1629006,Josh,Okogie,6955.0,19320.0,15,3.0,0.217
0022200885,1610612756,Phoenix,Suns,1629006,Josh,Okogie,21600.0,28800.0,6,-2.0,0.222
0022200885,1610612756,Phoenix,Suns,1629028,Deandre,Ayton,0.0,5480.0,6,-4.0,0.25
0022200885,1610612756,Phoenix,Suns,1629028,Deandre,Ayton,10500.0,14393.0,2,0.0,0.286
0022200885,1610612756,Phoenix,Suns,1629028,Deandre,Ayton,14400.0,19720.0,8,-6.0,0.222
0022200885,1610612756,Phoenix,Suns,1629028,Deandre,Ayton,24340.0,28800.0,2,-1.0,0.111
0022200885,1610612756,Phoenix,Suns,1629111,Jock,Landale,5480.0,7880.0,2,-1.0,0.154
0022200885,1610612756,Phoenix,Suns,1630240,Saben,Lee,5480.0,6955.0,0,-1.0,0.25
0022200885,1610612756,Phoenix,Suns,1630240,Saben,Lee,19720.0,22980.0,4,-1.0,0.231
0022200885,1610612756,Phoenix,Suns,1630688,Ish,Wainright,4810.0,7200.0,0,1.0,0.0
0022200885,1610612756,Phoenix,Suns,1630688,Ish,Wainright,14393.0,14400.0,0,0.0,0.0
0022200885,1610612756,Phoenix,Suns,1630688,Ish,Wainright,19320.0,21298.0,0,-5.0,0.0
0022200427,1610612756,Phoenix,Suns,101108,Chris,Paul,0.0,4890.0,5,2.0,0.294
0022200427,1610612756,Phoenix,Suns,101108,Chris,Paul,9200.0,19950.0,9,7.0,0.152
0022200427,1610612756,Phoenix,Suns,101108,Chris,Paul,21600.0,27590.0,1,-2.0,0.143
0022200427,1610612756,Phoenix,Suns,202687,Bismack,Biyombo,0.0,4890.0,1,2.0,0.059
0022200427,1610612756,Phoenix,Suns,202687,Bismack,Biyombo,8700.0,10660.0,2,6.0,0.111
0022200427,1610612756,Phoenix,Suns,202687,Bismack,Biyombo,14400.0,15310.0,0,2.0,0.0
0022200427,1610612756,Phoenix,Suns,202687,Bismack,Biyombo,20110.0,23240.0,2,-4.0,0.167
0022200427,1610612756,Phoenix,Suns,1626164,Devin,Booker,0.0,5910.0,7,5.0,0.4
0022200427,1610612756,Phoenix,Suns,1626164,Devin,Booker,9980.0,21600.0,5,3.0,0.24
0022200427,1610612756,Phoenix,Suns,1626164,Devin,Booker,24190.0,27590.0,2,-4.0,0.364
0022200427,1610612756,Phoenix,Suns,1627814,Damion,Lee,5910.0,10660.0,4,15.0,0.2
0022200427,1610612756,Phoenix,Suns,1627814,Damion,Lee,20310.0,23620.0,3,0.0,0.071
0022200427,1610612756,Phoenix,Suns,1627814,Damion,Lee,27590.0,28800.0,0,-1.0,0.0
0022200427,1610612756,Phoenix,Suns,1628470,Torrey,Craig,0.0,5380.0,0,5.0,0.111
0022200427,1610612756,Phoenix,Suns,1628470,Torrey,Craig,10660.0,13270.0,4,0.0,0.3
0022200427,1610612756,Phoenix,Suns,1628470,Torrey,Craig,14400.0,15310.0,3,2.0,0.667
0022200427,1610612756,Phoenix,Suns,1628470,Torrey,Craig,23620.0,24190.0,0,2.0,0.0
0022200427,1610612756,Phoenix,Suns,1628470,Torrey,Craig,27590.0,28800.0,2,-1.0,0.2
0022200427,1610612756,Phoenix,Suns,1628969,Mikal,Bridges,0.0,5380.0,8,5.0,0.167
0022200427,1610612756,Phoenix,Suns,1628969,Mikal,Bridges,8870.0,20310.0,12,5.0,0.229
0022200427,1610612756,Phoenix,Suns,1628969,Mikal,Bridges,21600.0,28245.0,7,-2.0,0.261
0022200427,1610612756,Phoenix,Suns,1629006,Josh,Okogie,5380.0,9980.0,5,11.0,0.105
0022200427,1610612756,Phoenix,Suns,1629006,Josh,Okogie,13270.0,14400.0,2,7.0,0.25
0022200427,1610612756,Phoenix,Suns,1629006,Josh,Okogie,15310.0,21600.0,4,-10.0,0.241
0022200427,1610612756,Phoenix,Suns,1629006,Josh,Okogie,25620.0,28800.0,0,-3.0,0.0
0022200427,1610612756,Phoenix,Suns,1629013,Landry,Shamet,4890.0,9200.0,2,12.0,0.118
0022200427,1610612756,Phoenix,Suns,1629013,Landry,Shamet,13760.0,14400.0,0,3.0,0.0
0022200427,1610612756,Phoenix,Suns,1629013,Landry,Shamet,19950.0,25620.0,4,-2.0,0.227
0022200427,1610612756,Phoenix,Suns,1629013,Landry,Shamet,27590.0,28800.0,0,-1.0,0.4
0022200427,1610612756,Phoenix,Suns,1629111,Jock,Landale,4890.0,8700.0,3,12.0,0.333
0022200427,1610612756,Phoenix,Suns,1629111,Jock,Landale,10660.0,13760.0,3,4.0,0.154
0022200427,1610612756,Phoenix,Suns,1629111,Jock,Landale,15310.0,20110.0,5,-8.0,0.182
0022200427,1610612756,Phoenix,Suns,1629111,Jock,Landale,23240.0,27590.0,4,0.0,0.188
0022200427,1610612756,Phoenix,Suns,1630688,Ish,Wainright,5380.0,8870.0,0,9.0,0.0
0022200427,1610612756,Phoenix,Suns,1630688,Ish,Wainright,28245.0,28800.0,2,-1.0,0.333
0022201212,1610612756,Phoenix,Suns,202687,Bismack,Biyombo,0.0,4500.0,4,4.0,0.15
0022201212,1610612756,Phoenix,Suns,202687,Bismack,Biyombo,9330.0,11740.0,0,-2.0,0.0
0022201212,1610612756,Phoenix,Suns,203082,Terrence,Ross,3580.0,9640.0,8,-1.0,0.179
0022201212,1610612756,Phoenix,Suns,203082,Terrence,Ross,13410.0,13970.0,0,0.0,0.333
0022201212,1610612756,Phoenix,Suns,203082,Terrence,Ross,18280.0,28800.0,2,-17.0,0.15
0022201212,1610612756,Phoenix,Suns,1626166,Cameron,Payne,0.0,4500.0,6,4.0,0.35
0022201212,1610612756,Phoenix,Suns,1626166,Cameron,Payne,9640.0,14400.0,7,2.0,0.391
0022201212,1610612756,Phoenix,Suns,1627814,Damion,Lee,5530.0,9330.0,0,1.0,0.167
0022201212,1610612756,Phoenix,Suns,1627814,Damion,Lee,19230.0,26270.0,7,-10.0,0.276
0022201212,1610612756,Phoenix,Suns,1628470,Torrey,Craig,0.0,5530.0,7,1.0,0.2
0022201212,1610612756,Phoenix,Suns,1628470,Torrey,Craig,10530.0,20470.0,9,-8.0,0.128
0022201212,1610612756,Phoenix,Suns,1628470,Torrey,Craig,24400.0,26270.0,2,0.0,0.25
0022201212,1610612756,Phoenix,Suns,1629006,Josh,Okogie,0.0,5530.0,5,1.0,0.28
0022201212,1610612756,Phoenix,Suns,1629006,Josh,Okogie,9640.0,19230.0,9,0.0,0.146
0022201212,1610612756,Phoenix,Suns,1629006,Josh,Okogie,26270.0,28800.0,2,-3.0,0.125
0022201212,1610612756,Phoenix,Suns,1629013,Landry,Shamet,0.0,3580.0,0,0.0,0.0
0022201212,1610612756,Phoenix,Suns,1629013,Landry,Shamet,9330.0,13410.0,3,5.0,0.333
0022201212,1610612756,Phoenix,Suns,1629013,Landry,Shamet,14400.0,18280.0,4,2.0,0.125
0022201212,1610612756,Phoenix,Suns,1629013,Landry,Shamet,20470.0,22260.0,0,2.0,0.25
0022201212,1610612756,Phoenix,Suns,1629111,Jock,Landale,4500.0,9330.0,4,-2.0,0.227
0022201212,1610612756,Phoenix,Suns,1629111,Jock,Landale,11740.0,16300.0,4,-1.0,0.211
0022201212,1610612756,Phoenix,Suns,1629111,Jock,Landale,20470.0,28800.0,9,-10.0,0.212
0022201212,1610612756,Phoenix,Suns,1629647,Darius,Bazley,16300.0,20470.0,4,-3.0,0.333
0022201212,1610612756,Phoenix,Suns,1630240,Saben,Lee,4500.0,9640.0,7,-5.0,0.25
0022201212,1610612756,Phoenix,Suns,1630240,Saben,Lee,14400.0,19230.0,2,-2.0,0.222
0022201212,1610612756,Phoenix,Suns,1630240,Saben,Lee,22260.0,24400.0,0,-9.0,0.2
0022201212,1610612756,Phoenix,Suns,1630240,Saben,Lee,26270.0,28800.0,0,-3.0,0.0
0022201212,1610612756,Phoenix,Suns,1630688,Ish,Wainright,5530.0,10530.0,0,3.0,0.04
0022201212,1610612756,Phoenix,Suns,1630688,Ish,Wainright,13970.0,14400.0,0,-6.0,0.0
0022201212,1610612756,Phoenix,Suns,1630688,Ish,Wainright,19230.0,28800.0,2,-13.0,0.189
0022200259,1610612756,Phoenix,Suns,202687,Bismack,Biyombo,5280.0,10150.0,2,2.0,0.158
0022200259,1610612756,Phoenix,Suns,202687,Bismack,Biyombo,18290.0,23290.0,0,-1.0,0.125
0022200259,1610612756,Phoenix,Suns,1626164,Devin,Booker,0.0,7200.0,11,4.0,0.393
0022200259,1610612756,Phoenix,Suns,1626164,Devin,Booker,11290.0,21600.0,12,0.0,0.356
0022200259,1610612756,Phoenix,Suns,1626164,Devin,Booker,24600.0,28363.0,2,0.0,0.154
0022200259,1610612756,Phoenix,Suns,1626166,Cameron,Payne,0.0,5280.0,3,5.0,0.286
0022200259,1610612756,Phoenix,Suns,1626166,Cameron,Payne,7200.0,11290.0,4,3.0,0.353
0022200259,1610612756,Phoenix,Suns,1626166,Cameron,Payne,13400.0,18740.0,4,6.0,0.318
0022200259,1610612756,Phoenix,Suns,1626166,Cameron,Payne,23850.0,24630.0,0,-4.0,0.333
0022200259,1610612756,Phoenix,Suns,1626166,Cameron,Payne,27310.0,28800.0,0,2.0,0.0
0022200259,1610612756,Phoenix,Suns,1627814,Damion,Lee,5280.0,11290.0,6,2.0,0.125
0022200259,1610612756,Phoenix,Suns,1627814,Damion,Lee,18740.0,24600.0,3,5.0,0.107
0022200259,1610612756,Phoenix,Suns,1627814,Damion,Lee,28363.0,28800.0,0,0.0,0.5
0022200259,1610612756,Phoenix,Suns,1628470,Torrey,Craig,0.0,5280.0,0,5.0,0.048
0022200259,1610612756,Phoenix,Suns,1628470,Torrey,Craig,11290.0,19560.0,5,-5.0,0.143
0022200259,1610612756,Phoenix,Suns,1628470,Torrey,Craig,24600.0,28800.0,3,0.0,0.067
0022200259,1610612756,Phoenix,Suns,1628969,Mikal,Bridges,0.0,5280.0,8,5.0,0.143
0022200259,1610612756,Phoenix,Suns,1628969,Mikal,Bridges,7200.0,19560.0,13,-2.0,0.192
0022200259,1610612756,Phoenix,Suns,1628969,Mikal,Bridges,21600.0,28800.0,4,3.0,0.138
0022200259,1610612756,Phoenix,Suns,1629006,Josh,Okogie,5280.0,9430.0,0,-1.0,0.2
0022200259,1610612756,Phoenix,Suns,1629028,Deandre,Ayton,0.0,5280.0,2,5.0,0.143
0022200259,1610612756,Phoenix,Suns,1629028,Deandre,Ayton,10150.0,18290.0,2,3.0,0.029
0022200259,1610612756,Phoenix,Suns,1629028,Deandre,Ayton,23290.0,28800.0,10,1.0,0.318
0022200259,1610612756,Phoenix,Suns,1630613,Duane,Washington Jr.,5280.0,7200.0,0,-1.0,0.0
0022200259,1610612756,Phoenix,Suns,1630613,Duane,Washington Jr.,11290.0,13400.0,2,-8.0,0.444
0022200259,1610612756,Phoenix,Suns,1630613,Duane,Washington Jr.,19560.0,23850.0,9,10.0,0.381
0022200259,1610612756,Phoenix,Suns,1630613,Duane,Washington Jr.,24630.0,27310.0,4,0.0,0.5
0022200259,1610612756,Phoenix,Suns,1630688,Ish,Wainright,9430.0,11290.0,3,3.0,0.111
0022200259,1610612756,Phoenix,Suns,1630688,Ish,Wainright,19560.0,24600.0,3,8.0,0.042
0022201092,1610612756,Phoenix,Suns,101108,Chris,Paul,0.0,4410.0,5,2.0,0.222
0022201092,1610612756,Phoenix,Suns,101108,Chris,Paul,7200.0,10420.0,4,-8.0,0.308
0022201092,1610612756,Phoenix,Suns,101108,Chris,Paul,14400.0,19780.0,7,-2.0,0.333
0022201092,1610612756,Phoenix,Suns,101108,Chris,Paul,23720.0,28800.0,2,-8.0,0.15
0022201092,1610612756,Phoenix,Suns,202687,Bismack,Biyombo,0.0,2170.0,2,3.0,0.2
0022201092,1610612756,Phoenix,Suns,202687,Bismack,Biyombo,9450.0,13500.0,2,-6.0,0.167
0022201092,1610612756,Phoenix,Suns,202687,Bismack,Biyombo,14400.0,17660.0,0,-3.0,0.077
0022201092,1610612756,Phoenix,Suns,202687,Bismack,Biyombo,21342.0,21600.0,0,0.0,0.0
0022201092,1610612756,Phoenix,Suns,202687,Bismack,Biyombo,23020.0,28800.0,2,-7.0,0.043
0022201092,1610612756,Phoenix,Suns,203082,Terrence,Ross,7200.0,12700.0,3,-8.0,0.167
0022201092,1610612756,Phoenix,Suns,203082,Terrence,Ross,23920.0,25880.0,0,-4.0,0.222
0022201092,1610612756,Phoenix,Suns,203933,T.J.,Warren,3930.0,9450.0,0,-2.0,0.095
0022201092,1610612756,Phoenix,Suns,203933,T.J.,Warren,18640.0,21342.0,4,6.0,0.182
0022201092,1610612756,Phoenix,Suns,203933,T.J.,Warren,21600.0,25170.0,2,-5.0,0.125
0022201092,1610612756,Phoenix,Suns,1626164,Devin,Booker,0.0,7200.0,4,3.0,0.154
0022201092,1610612756,Phoenix,Suns,1626164,Devin,Booker,10420.0,23920.0,25,0.0,0.333
0022201092,1610612756,Phoenix,Suns,1626164,Devin,Booker,25170.0,28800.0,4,-3.0,0.357
0022201092,1610612756,Phoenix,Suns,1626166,Cameron,Payne,4410.0,7200.0,2,1.0,0.444
0022201092,1610612756,Phoenix,Suns,1626166,Cameron,Payne,12700.0,14400.0,0,-2.0,0.0
0022201092,1610612756,Phoenix,Suns,1626166,Cameron,Payne,19780.0,21342.0,3,6.0,0.2
0022201092,1610612756,Phoenix,Suns,1626166,Cameron,Payne,21600.0,23720.0,2,0.0,0.3
0022201092,1610612756,Phoenix,Suns,1628470,Torrey,Craig,0.0,3930.0,5,-1.0,0.313
0022201092,1610612756,Phoenix,Suns,1628470,Torrey,Craig,9450.0,13340.0,3,-4.0,0.111
0022201092,1610612756,Phoenix,Suns,1628470,Torrey,Craig,14400.0,18640.0,3,-2.0,0.067
0022201092,1610612756,Phoenix,Suns,1628470,Torrey,Craig,21342.0,21600.0,0,0.0,0.0
0022201092,1610612756,Phoenix,Suns,1628470,Torrey,Craig,25170.0,28800.0,3,-3.0,0.214
0022201092,1610612756,Phoenix,Suns,1629006,Josh,Okogie,0.0,4440.0,3,2.0,0.167
0022201092,1610612756,Phoenix,Suns,1629006,Josh,Okogie,10420.0,17660.0,2,-5.0,0.182
0022201092,1610612756,Phoenix,Suns,1629006,Josh,Okogie,21342.0,21600.0,0,0.0,0.0
0022201092,1610612756,Phoenix,Suns,1629013,Landry,Shamet,4440.0,10420.0,9,-7.0,0.286
0022201092,1610612756,Phoenix,Suns,1629013,Landry,Shamet,13340.0,14400.0,0,0.0,0.167
0022201092,1610612756,Phoenix,Suns,1629013,Landry,Shamet,17660.0,25170.0,4,2.0,0.194
0022201092,1610612756,Phoenix,Suns,1629013,Landry,Shamet,25880.0,28800.0,2,-2.0,0.182
0022201092,1610612756,Phoenix,Suns,1629111,Jock,Landale,2170.0,8480.0,2,-5.0,0.136
0022201092,1610612756,Phoenix,Suns,1629111,Jock,Landale,13500.0,14400.0,2,2.0,0.2
0022201092,1610612756,Phoenix,Suns,1629111,Jock,Landale,17660.0,21342.0,0,7.0,0.071
0022201092,1610612756,Phoenix,Suns,1629111,Jock,Landale,21600.0,23020.0,0,-1.0,0.286
0022201092,1610612756,Phoenix,Suns,1629647,Darius,Bazley,8480.0,9450.0,0,-1.0,0.2
0022200459,1610612756,Phoenix,Suns,101108,Chris,Paul,0.0,5780.0,14,15.0,0.409
0022200459,1610612756,Phoenix,Suns,101108,Chris,Paul,10050.0,18790.0,2,1.0,0.143
0022200459,1610612756,Phoenix,Suns,101108,Chris,Paul,21600.0,25970.0,12,2.0,0.5
0022200459,1610612756,Phoenix,Suns,202687,Bismack,Biyombo,5780.0,10540.0,0,3.0,0.095
0022200459,1610612756,Phoenix,Suns,202687,Bismack,Biyombo,20280.0,25970.0,0,10.0,0.045
0022200459,1610612756,Phoenix,Suns,203967,Dario,Saric,25970.0,28800.0,5,2.0,0.4
0022200459,1610612756,Phoenix,Suns,1627814,Damion,Lee,0.0,4170.0,3,12.0,0.059
0022200459,1610612756,Phoenix,Suns,1627814,Damion,Lee,7200.0,10050.0,3,5.0,0.286
0022200459,1610612756,Phoenix,Suns,1627814,Damion,Lee,11820.0,19120.0,6,-6.0,0.148
0022200459,1610612756,Phoenix,Suns,1627814,Damion,Lee,20560.0,28800.0,3,12.0,0.161
0022200459,1610612756,Phoenix,Suns,1628470,Torrey,Craig,0.0,5780.0,4,15.0,0.091
0022200459,1610612756,Phoenix,Suns,1628470,Torrey,Craig,10540.0,20560.0,10,-4.0,0.125
0022200459,1610612756,Phoenix,Suns,1628470,Torrey,Craig,25970.0,28800.0,3,2.0,0.1
0022200459,1610612756,Phoenix,Suns,1628969,Mikal,Bridges,0.0,7200.0,5,14.0,0.185
0022200459,1610612756,Phoenix,Suns,1628969,Mikal,Bridges,10540.0,21600.0,15,4.0,0.333
0022200459,1610612756,Phoenix,Suns,1629006,Josh,Okogie,5780.0,10540.0,3,3.0,0.238
0022200459,1610612756,Phoenix,Suns,1629006,Josh,Okogie,19120.0,20280.0,0,-1.0,0.167
0022200459,1610612756,Phoenix,Suns,1629013,Landry,Shamet,4170.0,11820.0,5,9.0,0.182
0022200459,1610612756,Phoenix,Suns,1629013,Landry,Shamet,18790.0,28800.0,8,6.0,0.184
0022200459,1610612756,Phoenix,Suns,1629028,Deandre,Ayton,0.0,5780.0,9,15.0,0.318
0022200459,1610612756,Phoenix,Suns,1629028,Deandre,Ayton,10540.0,20280.0,12,-4.0,0.225
0022200459,1610612756,Phoenix,Suns,1630688,Ish,Wainright,5780.0,10540.0,2,3.0,0.095
0022200459,1610612756,Phoenix,Suns,1630688,Ish,Wainright,20280.0,28800.0,6,12.0,0.125
0022200589,1610612756,Phoenix,Suns,101108,Chris,Paul,0.0,5700.0,5,-3.0,0.143
0022200589,1610612756,Phoenix,Suns,101108,Chris,Paul,9910.0,11420.0,0,-3.0,0.167
0022200589,1610612756,Phoenix,Suns,1627814,Damion,Lee,4260.0,10080.0,3,-2.0,0.05
0022200589,1610612756,Phoenix,Suns,1627814,Damion,Lee,14400.0,17200.0,0,-6.0,0.111
0022200589,1610612756,Phoenix,Suns,1627814,Damion,Lee,23000.0,28619.0,2,-1.0,0.095
0022200589,1610612756,Phoenix,Suns,1628470,Torrey,Craig,0.0,5700.0,6,-3.0,0.095
0022200589,1610612756,Phoenix,Suns,1628470,Torrey,Craig,10080.0,20390.0,11,-1.0,0.243
0022200589,1610612756,Phoenix,Suns,1628470,Torrey,Craig,23540.0,28800.0,0,2.0,0.05
0022200589,1610612756,Phoenix,Suns,1628969,Mikal,Bridges,0.0,6460.0,2,-5.0,0.208
0022200589,1610612756,Phoenix,Suns,1628969,Mikal,Bridges,10080.0,23000.0,8,-1.0,0.167
0022200589,1610612756,Phoenix,Suns,1628969,Mikal,Bridges,24550.0,28800.0,5,4.0,0.267
0022200589,1610612756,Phoenix,Suns,1629006,Josh,Okogie,6460.0,8960.0,0,-1.0,0.0
0022200589,1610612756,Phoenix,Suns,1629006,Josh,Okogie,20390.0,21295.0,1,4.0,0.333
0022200589,1610612756,Phoenix,Suns,1629013,Landry,Shamet,0.0,4260.0,0,-4.0,0.059
0022200589,1610612756,Phoenix,Suns,1629013,Landry,Shamet,8960.0,17200.0,4,-5.0,0.172
0022200589,1610612756,Phoenix,Suns,1629013,Landry,Shamet,21295.0,28800.0,7,-5.0,0.233
0022200589,1610612756,Phoenix,Suns,1629028,Deandre,Ayton,0.0,5700.0,6,-3.0,0.429
0022200589,1610612756,Phoenix,Suns,1629028,Deandre,Ayton,9910.0,20390.0,10,-2.0,0.289
0022200589,1610612756,Phoenix,Suns,1629028,Deandre,Ayton,23540.0,28800.0,7,2.0,0.25
0022200589,1610612756,Phoenix,Suns,1629111,Jock,Landale,5700.0,9910.0,4,-2.0,0.2
0022200589,1610612756,Phoenix,Suns,1629111,Jock,Landale,20390.0,23540.0,0,-3.0,0.077
0022200589,1610612756,Phoenix,Suns,1630613,Duane,Washington Jr.,5700.0,9910.0,4,-2.0,0.467
0022200589,1610612756,Phoenix,Suns,1630613,Duane,Washington Jr.,11420.0,14400.0,2,3.0,0.455
0022200589,1610612756,Phoenix,Suns,1630613,Duane,Washington Jr.,17200.0,24550.0,7,-1.0,0.29
0022200589,1610612756,Phoenix,Suns,1630613,Duane,Washington Jr.,28619.0,28800.0,0,0.0,1.0
0022200589,1610612756,Phoenix,Suns,1630688,Ish,Wainright,5700.0,10080.0,2,-3.0,0.188
0022200589,1610612756,Phoenix,Suns,1630688,Ish,Wainright,17200.0,23540.0,0,1.0,0.08
0022200202,1610612756,Phoenix,Suns,202687,Bismack,Biyombo,21600.0,24730.0,0,1.0,0.083
0022200202,1610612756,Phoenix,Suns,1626164,Devin,Booker,0.0,7200.0,7,-4.0,0.286
0022200202,1610612756,Phoenix,Suns,1626164,Devin,Booker,11060.0,28800.0,18,-3.0,0.222
0022200202,1610612756,Phoenix,Suns,1626166,Cameron,Payne,0.0,4960.0,0,-4.0,0.15
0022200202,1610612756,Phoenix,Suns,1626166,Cameron,Payne,10010.0,17950.0,7,1.0,0.276
0022200202,1610612756,Phoenix,Suns,1626166,Cameron,Payne,23280.0,28800.0,2,-10.0,0.259
0022200202,1610612756,Phoenix,Suns,1627814,Damion,Lee,3760.0,10550.0,6,6.0,0.148
0022200202,1610612756,Phoenix,Suns,1627814,Damion,Lee,13640.0,14400.0,0,1.0,0.333
0022200202,1610612756,Phoenix,Suns,1627814,Damion,Lee,19960.0,24730.0,8,0.0,0.238
0022200202,1610612756,Phoenix,Suns,1628470,Torrey,Craig,0.0,3760.0,5,-3.0,0.333
0022200202,1610612756,Phoenix,Suns,1628470,Torrey,Craig,10550.0,13640.0,0,-5.0,0.1
0022200202,1610612756,Phoenix,Suns,1628470,Torrey,Craig,14400.0,19960.0,1,9.0,0.1
0022200202,1610612756,Phoenix,Suns,1628470,Torrey,Craig,21600.0,28800.0,4,-8.0,0.125
0022200202,1610612756,Phoenix,Suns,1628969,Mikal,Bridges,0.0,5830.0,2,-5.0,0.174
0022200202,1610612756,Phoenix,Suns,1628969,Mikal,Bridges,6977.0,21600.0,13,13.0,0.158
0022200202,1610612756,Phoenix,Suns,1628969,Mikal,Bridges,24730.0,28800.0,0,-9.0,0.1
0022200202,1610612756,Phoenix,Suns,1629006,Josh,Okogie,5830.0,6977.0,0,-1.0,0.0
0022200202,1610612756,Phoenix,Suns,1629006,Josh,Okogie,7200.0,10010.0,0,6.0,0.0
0022200202,1610612756,Phoenix,Suns,1629028,Deandre,Ayton,0.0,5830.0,6,-5.0,0.13
0022200202,1610612756,Phoenix,Suns,1629028,Deandre,Ayton,9730.0,20450.0,10,6.0,0.195
0022200202,1610612756,Phoenix,Suns,1629028,Deandre,Ayton,24730.0,28800.0,0,-9.0,0.1
0022200202,1610612756,Phoenix,Suns,1629111,Jock,Landale,5830.0,9730.0,0,7.0,0.125
0022200202,1610612756,Phoenix,Suns,1629111,Jock,Landale,20450.0,21600.0,2,-1.0,0.167
0022200202,1610612756,Phoenix,Suns,1630613,Duane,Washington Jr.,4960.0,11060.0,16,6.0,0.333
0022200202,1610612756,Phoenix,Suns,1630613,Duane,Washington Jr.,17950.0,23280.0,5,6.0,0.318
0022200910,1610612756,Phoenix,Suns,101108,Chris,Paul,0.0,5010.0,3,-1.0,0.217
0022200910,1610612756,Phoenix,Suns,101108,Chris,Paul,8600.0,20270.0,11,6.0,0.275
0022200910,1610612756,Phoenix,Suns,101108,Chris,Paul,21600.0,28800.0,4,-2.0,0.233
0022200910,1610612756,Phoenix,Suns,203082,Terrence,Ross,3520.0,7490.0,0,-8.0,0.059
0022200910,1610612756,Phoenix,Suns,203082,Terrence,Ross,14237.0,14400.0,0,0.0,0.0
0022200910,1610612756,Phoenix,Suns,203082,Terrence,Ross,18210.0,24050.0,7,11.0,0.19
0022200910,1610612756,Phoenix,Suns,203082,Terrence,Ross,28402.0,28478.0,0,2.0,0.0
0022200910,1610612756,Phoenix,Suns,203082,Terrence,Ross,28552.0,28791.0,0,-1.0,0.0
0022200910,1610612756,Phoenix,Suns,1626164,Devin,Booker,0.0,6590.0,3,-2.0,0.345
0022200910,1610612756,Phoenix,Suns,1626164,Devin,Booker,9960.0,21600.0,14,5.0,0.25
0022200910,1610612756,Phoenix,Suns,1626164,Devin,Booker,24050.0,28800.0,7,-4.0,0.409
0022200910,1610612756,Phoenix,Suns,1626166,Cameron,Payne,5010.0,8600.0,2,-9.0,0.368
0022200910,1610612756,Phoenix,Suns,1626166,Cameron,Payne,20270.0,21251.0,0,1.0,0.25
0022200910,1610612756,Phoenix,Suns,1627814,Damion,Lee,5010.0,9960.0,0,-5.0,0.042
0022200910,1610612756,Phoenix,Suns,1627814,Damion,Lee,14237.0,14400.0,0,0.0,0.0
0022200910,1610612756,Phoenix,Suns,1627814,Damion,Lee,21600.0,23740.0,2,5.0,0.125
0022200910,1610612756,Phoenix,Suns,1627814,Damion,Lee,28402.0,28478.0,0,2.0,0.0
0022200910,1610612756,Phoenix,Suns,1627814,Damion,Lee,28552.0,28800.0,0,-1.0,0.0
0022200910,1610612756,Phoenix,Suns,1628470,Torrey,Craig,0.0,3520.0,3,-2.0,0.118
0022200910,1610612756,Phoenix,Suns,1628470,Torrey,Craig,7490.0,14237.0,0,3.0,0.167
0022200910,1610612756,Phoenix,Suns,1628470,Torrey,Craig,14400.0,18210.0,0,-3.0,0.083
0022200910,1610612756,Phoenix,Suns,1628470,Torrey,Craig,21251.0,21600.0,0,2.0,0.0
0022200910,1610612756,Phoenix,Suns,1628470,Torrey,Craig,26890.0,28402.0,0,-2.0,0.0
0022200910,1610612756,Phoenix,Suns,1628470,Torrey,Craig,28478.0,28552.0,0,-2.0,0.0
0022200910,1610612756,Phoenix,Suns,1629006,Josh,Okogie,0.0,5010.0,7,-1.0,0.174
0022200910,1610612756,Phoenix,Suns,1629006,Josh,Okogie,10560.0,14237.0,2,-1.0,0.143
0022200910,1610612756,Phoenix,Suns,1629006,Josh,Okogie,14400.0,20270.0,2,3.0,0.105
0022200910,1610612756,Phoenix,Suns,1629006,Josh,Okogie,21251.0,21600.0,0,2.0,0.0
0022200910,1610612756,Phoenix,Suns,1629006,Josh,Okogie,23740.0,28402.0,0,-6.0,0.053
0022200910,1610612756,Phoenix,Suns,1629006,Josh,Okogie,28478.0,28552.0,0,-2.0,0.0
0022200910,1610612756,Phoenix,Suns,1629006,Josh,Okogie,28791.0,28800.0,0,0.0,0.0
0022200910,1610612756,Phoenix,Suns,1629028,Deandre,Ayton,0.0,5010.0,4,-1.0,0.13
0022200910,1610612756,Phoenix,Suns,1629028,Deandre,Ayton,8780.0,20270.0,12,4.0,0.316
0022200910,1610612756,Phoenix,Suns,1629028,Deandre,Ayton,24050.0,28800.0,6,-4.0,0.318
0022200910,1610612756,Phoenix,Suns,1629111,Jock,Landale,5010.0,8780.0,4,-7.0,0.19
0022200910,1610612756,Phoenix,Suns,1629111,Jock,Landale,20270.0,21251.0,0,1.0,0.25
0022200910,1610612756,Phoenix,Suns,1629111,Jock,Landale,21600.0,24050.0,3,2.0,0.222
0022200910,1610612756,Phoenix,Suns,1630688,Ish,Wainright,6590.0,10560.0,5,-4.0,0.15
0022200910,1610612756,Phoenix,Suns,1630688,Ish,Wainright,20270.0,26890.0,0,4.0,0.0
0022201033,1610612756,Phoenix,Suns,101108,Chris,Paul,0.0,5310.0,5,-1.0,0.143
0022201033,1610612756,Phoenix,Suns,101108,Chris,Paul,8820.0,19040.0,2,1.0,0.125
0022201033,1610612756,Phoenix,Suns,101108,Chris,Paul,24510.0,28800.0,4,-11.0,0.222
0022201033,1610612756,Phoenix,Suns,202687,Bismack,Biyombo,4670.0,9060.0,0,-9.0,0.056
0022201033,1610612756,Phoenix,Suns,202687,Bismack,Biyombo,18470.0,19040.0,0,-1.0,0.0
0022201033,1610612756,Phoenix,Suns,203082,Terrence,Ross,5610.0,10120.0,0,-11.0,0.167
0022201033,1610612756,Phoenix,Suns,203082,Terrence,Ross,20860.0,23090.0,0,6.0,0.0
0022201033,1610612756,Phoenix,Suns,203933,T.J.,Warren,5310.0,8820.0,0,-9.0,0.214
0022201033,1610612756,Phoenix,Suns,1626164,Devin,Booker,0.0,7200.0,6,-5.0,0.321
0022201033,1610612756,Phoenix,Suns,1626164,Devin,Booker,10120.0,28800.0,24,-2.0,0.324
0022201033,1610612756,Phoenix,Suns,1626166,Cameron,Payne,5310.0,10120.0,2,-9.0,0.211
0022201033,1610612756,Phoenix,Suns,1626166,Cameron,Payne,19040.0,24510.0,11,8.0,0.286
0022201033,1610612756,Phoenix,Suns,1628470,Torrey,Craig,0.0,5310.0,3,-1.0,0.143
0022201033,1610612756,Phoenix,Suns,1628470,Torrey,Craig,10120.0,17690.0,3,1.0,0.1
0022201033,1610612756,Phoenix,Suns,1628470,Torrey,Craig,25400.0,25490.0,0,-2.0,0.0
0022201033,1610612756,Phoenix,Suns,1629006,Josh,Okogie,0.0,5610.0,4,1.0,0.136
0022201033,1610612756,Phoenix,Suns,1629006,Josh,Okogie,11160.0,20860.0,2,9.0,0.077
0022201033,1610612756,Phoenix,Suns,1629006,Josh,Okogie,23090.0,28800.0,2,-13.0,0.167
0022201033,1610612756,Phoenix,Suns,1629028,Deandre,Ayton,0.0,4670.0,6,-1.0,0.35
0022201033,1610612756,Phoenix,Suns,1629028,Deandre,Ayton,9060.0,11280.0,4,-4.0,0.333
0022201033,1610612756,Phoenix,Suns,1629028,Deandre,Ayton,14400.0,18470.0,6,1.0,0.313
0022201033,1610612756,Phoenix,Suns,1629028,Deandre,Ayton,24510.0,28800.0,0,-11.0,0.333
0022201033,1610612756,Phoenix,Suns,1629111,Jock,Landale,11280.0,14400.0,4,5.0,0.25
0022201033,1610612756,Phoenix,Suns,1629111,Jock,Landale,19040.0,24510.0,8,8.0,0.238
0022201033,1610612756,Phoenix,Suns,1630688,Ish,Wainright,7200.0,11160.0,5,-9.0,0.188
0022201033,1610612756,Phoenix,Suns,1630688,Ish,Wainright,17690.0,25400.0,0,5.0,0.069
0022201033,1610612756,Phoenix,Suns,1630688,Ish,Wainright,25490.0,28800.0,3,-6.0,0.067
0022200637,1610612756,Phoenix,Suns,202687,Bismack,Biyombo,21600.0,25450.0,0,5.0,0.133
0022200637,1610612756,Phoenix,Suns,203967,Dario,Saric,0.0,4830.0,2,-7.0,0.118
0022200637,1610612756,Phoenix,Suns,203967,Dario,Saric,11590.0,14339.0,0,-5.0,0.0
0022200637,1610612756,Phoenix,Suns,203967,Dario,Saric,14400.0,17660.0,3,-6.0,0.231
0022200637,1610612756,Phoenix,Suns,1627814,Damion,Lee,4830.0,9700.0,3,-4.0,0.25
0022200637,1610612756,Phoenix,Suns,1627814,Damion,Lee,12470.0,14339.0,2,1.0,0.286
0022200637,1610612756,Phoenix,Suns,1627814,Damion,Lee,16890.0,28800.0,26,15.0,0.313
0022200637,1610612756,Phoenix,Suns,1628470,Torrey,Craig,0.0,5670.0,0,-9.0,0.105
0022200637,1610612756,Phoenix,Suns,1628470,Torrey,Craig,10960.0,20260.0,8,-3.0,0.128
0022200637,1610612756,Phoenix,Suns,1628470,Torrey,Craig,24660.0,28800.0,1,5.0,0.167
0022200637,1610612756,Phoenix,Suns,1628969,Mikal,Bridges,0.0,6667.0,10,-11.0,0.217
0022200637,1610612756,Phoenix,Suns,1628969,Mikal,Bridges,9700.0,21600.0,9,-6.0,0.2
0022200637,1610612756,Phoenix,Suns,1628969,Mikal,Bridges,23220.0,28800.0,5,17.0,0.167
0022200637,1610612756,Phoenix,Suns,1629006,Josh,Okogie,4830.0,11590.0,5,-3.0,0.2
0022200637,1610612756,Phoenix,Suns,1629006,Josh,Okogie,14339.0,14400.0,0,0.0,0.0
0022200637,1610612756,Phoenix,Suns,1629006,Josh,Okogie,17660.0,22770.0,2,3.0,0.095
0022200637,1610612756,Phoenix,Suns,1629006,Josh,Okogie,28671.0,28800.0,0,1.0,0.0
0022200637,1610612756,Phoenix,Suns,1629028,Deandre,Ayton,0.0,5670.0,6,-9.0,0.316
0022200637,1610612756,Phoenix,Suns,1629028,Deandre,Ayton,9700.0,19350.0,5,-8.0,0.366
0022200637,1610612756,Phoenix,Suns,1629028,Deandre,Ayton,25450.0,28671.0,0,6.0,0.0
0022200637,1610612756,Phoenix,Suns,1629111,Jock,Landale,5670.0,9700.0,3,-2.0,0.167
0022200637,1610612756,Phoenix,Suns,1629111,Jock,Landale,19350.0,21600.0,0,2.0,0.111
0022200637,1610612756,Phoenix,Suns,1630240,Saben,Lee,11590.0,12470.0,0,-6.0,0.0
0022200637,1610612756,Phoenix,Suns,1630240,Saben,Lee,21600.0,28800.0,12,12.0,0.267
0022200637,1610612756,Phoenix,Suns,1630613,Duane,Washington Jr.,0.0,4830.0,4,-7.0,0.294
0022200637,1610612756,Phoenix,Suns,1630613,Duane,Washington Jr.,6667.0,11590.0,0,1.0,0.125
0022200637,1610612756,Phoenix,Suns,1630613,Duane,Washington Jr.,14400.0,16890.0,2,-5.0,0.364
0022200637,1610612756,Phoenix,Suns,1630613,Duane,Washington Jr.,22770.0,24660.0,2,8.0,0.143
0022200637,1610612756,Phoenix,Suns,1630688,Ish,Wainright,5670.0,10960.0,6,0.0,0.087
0022200637,1610612756,Phoenix,Suns,1630688,Ish,Wainright,14339.0,14400.0,0,0.0,0.0
0022200637,1610612756,Phoenix,Suns,1630688,Ish,Wainright,20260.0,23220.0,0,-10.0,0.083
0022200167,1610612756,Phoenix,Suns,202687,Bismack,Biyombo,22590.0,24410.0,0,-2.0,0.0
0022200167,1610612756,Phoenix,Suns,203967,Dario,Saric,3480.0,8420.0,5,13.0,0.158
0022200167,1610612756,Phoenix,Suns,203967,Dario,Saric,19330.0,22050.0,0,-7.0,0.067
0022200167,1610612756,Phoenix,Suns,1626164,Devin,Booker,0.0,7200.0,6,14.0,0.167
0022200167,1610612756,Phoenix,Suns,1626164,Devin,Booker,10290.0,21600.0,20,15.0,0.311
0022200167,1610612756,Phoenix,Suns,1626164,Devin,Booker,24410.0,28800.0,6,-3.0,0.353
0022200167,1610612756,Phoenix,Suns,1626166,Cameron,Payne,0.0,4320.0,3,-1.0,0.167
0022200167,1610612756,Phoenix,Suns,1626166,Cameron,Payne,8920.0,18860.0,14,15.0,0.244
0022200167,1610612756,Phoenix,Suns,1626166,Cameron,Payne,22050.0,28800.0,6,-4.0,0.185
0022200167,1610612756,Phoenix,Suns,1627814,Damion,Lee,5610.0,10290.0,0,-4.0,0.25
0022200167,1610612756,Phoenix,Suns,1627814,Damion,Lee,19780.0,24410.0,3,-10.0,0.045
0022200167,1610612756,Phoenix,Suns,1628470,Torrey,Craig,0.0,3480.0,0,-3.0,0.125
0022200167,1610612756,Phoenix,Suns,1628470,Torrey,Craig,8420.0,10290.0,3,-3.0,0.1
0022200167,1610612756,Phoenix,Suns,1628470,Torrey,Craig,14400.0,19330.0,3,5.0,0.118
0022200167,1610612756,Phoenix,Suns,1628470,Torrey,Craig,23450.0,28800.0,0,-5.0,0.095
0022200167,1610612756,Phoenix,Suns,1628969,Mikal,Bridges,0.0,5610.0,13,11.0,0.292
0022200167,1610612756,Phoenix,Suns,1628969,Mikal,Bridges,7200.0,19780.0,8,11.0,0.12
0022200167,1610612756,Phoenix,Suns,1628969,Mikal,Bridges,21600.0,28800.0,10,-10.0,0.367
0022200167,1610612756,Phoenix,Suns,1629006,Josh,Okogie,10290.0,12230.0,0,6.0,0.125
0022200167,1610612756,Phoenix,Suns,1629013,Landry,Shamet,4320.0,8920.0,11,11.0,0.316
0022200167,1610612756,Phoenix,Suns,1629013,Landry,Shamet,12230.0,14400.0,2,5.0,0.222
0022200167,1610612756,Phoenix,Suns,1629013,Landry,Shamet,18860.0,23450.0,3,-8.0,0.19
0022200167,1610612756,Phoenix,Suns,1629028,Deandre,Ayton,0.0,4980.0,3,7.0,0.238
0022200167,1610612756,Phoenix,Suns,1629028,Deandre,Ayton,8920.0,19330.0,6,12.0,0.167
0022200167,1610612756,Phoenix,Suns,1629028,Deandre,Ayton,24410.0,28800.0,0,-3.0,0.059
0022200167,1610612756,Phoenix,Suns,1629111,Jock,Landale,4980.0,8920.0,0,3.0,0.125
0022200167,1610612756,Phoenix,Suns,1629111,Jock,Landale,19330.0,22590.0,4,-5.0,0.25
0022201144,1610612756,Phoenix,Suns,101108,Chris,Paul,0.0,5350.0,2,5.0,0.118
0022201144,1610612756,Phoenix,Suns,101108,Chris,Paul,9320.0,19600.0,9,-1.0,0.159
0022201144,1610612756,Phoenix,Suns,101108,Chris,Paul,23640.0,28800.0,8,5.0,0.381
0022201144,1610612756,Phoenix,Suns,201142,Kevin,Durant,0.0,3730.0,0,-2.0,0.154
0022201144,1610612756,Phoenix,Suns,201142,Kevin,Durant,7200.0,11550.0,3,-1.0,0.304
0022201144,1610612756,Phoenix,Suns,201142,Kevin,Durant,14400.0,19000.0,7,4.0,0.412
0022201144,1610612756,Phoenix,Suns,201142,Kevin,Durant,21600.0,24240.0,6,-4.0,0.6
0022201144,1610612756,Phoenix,Suns,201142,Kevin,Durant,26790.0,28800.0,0,2.0,0.0
0022201144,1610612756,Phoenix,Suns,202687,Bismack,Biyombo,6140.0,11550.0,4,1.0,0.143
0022201144,1610612756,Phoenix,Suns,202687,Bismack,Biyombo,17460.0,23640.0,2,7.0,0.154
0022201144,1610612756,Phoenix,Suns,203082,Terrence,Ross,7019.0,11550.0,0,-1.0,0.125
0022201144,1610612756,Phoenix,Suns,203082,Terrence,Ross,21600.0,24780.0,0,-3.0,0.0
0022201144,1610612756,Phoenix,Suns,203933,T.J.,Warren,5350.0,7200.0,0,-4.0,0.286
0022201144,1610612756,Phoenix,Suns,203933,T.J.,Warren,11550.0,13440.0,2,-3.0,0.125
0022201144,1610612756,Phoenix,Suns,203933,T.J.,Warren,19000.0,21600.0,0,6.0,0.077
0022201144,1610612756,Phoenix,Suns,1626164,Devin,Booker,0.0,7200.0,9,1.0,0.375
0022201144,1610612756,Phoenix,Suns,1626164,Devin,Booker,11550.0,21600.0,15,7.0,0.326
0022201144,1610612756,Phoenix,Suns,1626164,Devin,Booker,24240.0,28800.0,5,4.0,0.211
0022201144,1610612756,Phoenix,Suns,1626166,Cameron,Payne,5350.0,9320.0,4,-5.0,0.235
0022201144,1610612756,Phoenix,Suns,1626166,Cameron,Payne,19600.0,23640.0,7,3.0,0.333
0022201144,1610612756,Phoenix,Suns,1628470,Torrey,Craig,3730.0,7019.0,2,3.0,0.083
0022201144,1610612756,Phoenix,Suns,1628470,Torrey,Craig,7200.0,9990.0,0,-2.0,0.077
0022201144,1610612756,Phoenix,Suns,1628470,Torrey,Craig,13440.0,14400.0,0,0.0,0.0
0022201144,1610612756,Phoenix,Suns,1628470,Torrey,Craig,18540.0,23030.0,0,1.0,0.0
0022201144,1610612756,Phoenix,Suns,1628470,Torrey,Craig,24780.0,26790.0,2,1.0,0.167
0022201144,1610612756,Phoenix,Suns,1629006,Josh,Okogie,0.0,5350.0,6,5.0,0.235
0022201144,1610612756,Phoenix,Suns,1629006,Josh,Okogie,9990.0,18540.0,3,0.0,0.111
0022201144,1610612756,Phoenix,Suns,1629006,Josh,Okogie,23030.0,28800.0,1,7.0,0.13
0022201144,1610612756,Phoenix,Suns,1629028,Deandre,Ayton,0.0,6140.0,4,-1.0,0.158
0022201144,1610612756,Phoenix,Suns,1629028,Deandre,Ayton,11550.0,17460.0,2,-5.0,0.167
0022201144,1610612756,Phoenix,Suns,1629028,Deandre,Ayton,23640.0,28800.0,4,5.0,0.143
0022200106,1610612756,Phoenix,Suns,101108,Chris,Paul,0.0,4600.0,2,5.0,0.188
0022200106,1610612756,Phoenix,Suns,101108,Chris,Paul,9610.0,20180.0,5,6.0,0.195
0022200106,1610612756,Phoenix,Suns,101108,Chris,Paul,23650.0,28800.0,8,7.0,0.263
0022200106,1610612756,Phoenix,Suns,202687,Bismack,Biyombo,0.0,3720.0,0,1.0,0.0
0022200106,1610612756,Phoenix,Suns,202687,Bismack,Biyombo,10790.0,20180.0,4,0.0,0.111
0022200106,1610612756,Phoenix,Suns,202687,Bismack,Biyombo,23650.0,28439.0,4,10.0,0.118
0022200106,1610612756,Phoenix,Suns,203967,Dario,Saric,8160.0,10790.0,3,6.0,0.083
0022200106,1610612756,Phoenix,Suns,203967,Dario,Saric,23270.0,23650.0,0,-6.0,0.0
0022200106,1610612756,Phoenix,Suns,1626164,Devin,Booker,0.0,6530.0,8,10.0,0.375
0022200106,1610612756,Phoenix,Suns,1626164,Devin,Booker,10790.0,21600.0,8,-1.0,0.286
0022200106,1610612756,Phoenix,Suns,1626164,Devin,Booker,23650.0,24330.0,0,2.0,0.0
0022200106,1610612756,Phoenix,Suns,1626164,Devin,Booker,28559.0,28800.0,2,0.0,0.5
0022200106,1610612756,Phoenix,Suns,1626166,Cameron,Payne,4600.0,9610.0,8,1.0,0.304
0022200106,1610612756,Phoenix,Suns,1626166,Cameron,Payne,20180.0,23650.0,0,-10.0,0.2
0022200106,1610612756,Phoenix,Suns,1627814,Damion,Lee,6530.0,10790.0,0,2.0,0.158
0022200106,1610612756,Phoenix,Suns,1627814,Damion,Lee,21600.0,23270.0,0,-3.0,0.0
0022200106,1610612756,Phoenix,Suns,1627814,Damion,Lee,28559.0,28800.0,0,0.0,0.0
0022200106,1610612756,Phoenix,Suns,1628470,Torrey,Craig,4600.0,8160.0,1,1.0,0.067
0022200106,1610612756,Phoenix,Suns,1628470,Torrey,Craig,20320.0,23650.0,3,-10.0,0.154
0022200106,1610612756,Phoenix,Suns,1628470,Torrey,Craig,21600.0,28559.0,0,-12.0,0.111
0022200106,1610612756,Phoenix,Suns,1628969,Mikal,Bridges,0.0,21600.0,13,13.0,0.132
0022200106,1610612756,Phoenix,Suns,1628969,Mikal,Bridges,9610.0,28800.0,19,12.0,0.182
0022200106,1610612756,Phoenix,Suns,1629013,Landry,Shamet,5780.0,23650.0,5,-11.0,0.259
0022200106,1610612756,Phoenix,Suns,1629013,Landry,Shamet,21600.0,28559.0,6,-4.0,0.261
0022200106,1610612756,Phoenix,Suns,1629111,Jock,Landale,3720.0,23650.0,4,-4.0,0.14
0022200106,1610612756,Phoenix,Suns,1629661,Cameron,Johnson,0.0,20320.0,23,10.0,0.268
0022200106,1610612756,Phoenix,Suns,1629661,Cameron,Johnson,10120.0,28800.0,21,12.0,0.203
0022200817,1610612756,Phoenix,Suns,101108,Chris,Paul,0.0,4900.0,0,3.0,0.056
0022200817,1610612756,Phoenix,Suns,101108,Chris,Paul,9440.0,20110.0,7,4.0,0.178
0022200817,1610612756,Phoenix,Suns,101108,Chris,Paul,24180.0,28800.0,2,-3.0,0.19
0022200817,1610612756,Phoenix,Suns,203967,Dario,Saric,10380.0,12590.0,0,-2.0,0.25
0022200817,1610612756,Phoenix,Suns,1626164,Devin,Booker,0.0,3050.0,8,-2.0,0.5
0022200817,1610612756,Phoenix,Suns,1626164,Devin,Booker,7200.0,10380.0,3,3.0,0.273
0022200817,1610612756,Phoenix,Suns,1626164,Devin,Booker,14349.0,19210.0,2,-6.0,0.217
0022200817,1610612756,Phoenix,Suns,1626164,Devin,Booker,21359.0,21600.0,0,3.0,0.0
0022200817,1610612756,Phoenix,Suns,1626164,Devin,Booker,24780.0,28800.0,6,-1.0,0.316
0022200817,1610612756,Phoenix,Suns,1627814,Damion,Lee,4260.0,10380.0,0,0.0,0.0
0022200817,1610612756,Phoenix,Suns,1627814,Damion,Lee,11530.0,13190.0,0,-5.0,0.0
0022200817,1610612756,Phoenix,Suns,1627814,Damion,Lee,18360.0,21324.0,2,3.0,0.133
0022200817,1610612756,Phoenix,Suns,1627814,Damion,Lee,21359.0,21544.0,0,3.0,0.0
0022200817,1610612756,Phoenix,Suns,1627814,Damion,Lee,21600.0,23800.0,3,4.0,0.111
0022200817,1610612756,Phoenix,Suns,1627814,Damion,Lee,28687.0,28705.0,0,0.0,0.0
0022200817,1610612756,Phoenix,Suns,1628470,Torrey,Craig,3050.0,7200.0,0,1.0,0.158
0022200817,1610612756,Phoenix,Suns,1628470,Torrey,Craig,12590.0,14349.0,0,6.0,0.0
0022200817,1610612756,Phoenix,Suns,1628470,Torrey,Craig,19210.0,21359.0,2,3.0,0.222
0022200817,1610612756,Phoenix,Suns,1628470,Torrey,Craig,21544.0,28080.0,0,0.0,0.04
0022200817,1610612756,Phoenix,Suns,1628470,Torrey,Craig,28254.0,28687.0,1,-5.0,1.0
0022200817,1610612756,Phoenix,Suns,1628470,Torrey,Craig,28705.0,28723.0,0,-2.0,0.0
0022200817,1610612756,Phoenix,Suns,1628470,Torrey,Craig,28733.0,28759.0,0,-1.0,0.0
0022200817,1610612756,Phoenix,Suns,1628969,Mikal,Bridges,0.0,6470.0,2,2.0,0.154
0022200817,1610612756,Phoenix,Suns,1628969,Mikal,Bridges,10380.0,20940.0,14,3.0,0.261
0022200817,1610612756,Phoenix,Suns,1628969,Mikal,Bridges,21324.0,21600.0,3,1.0,1.0
0022200817,1610612756,Phoenix,Suns,1628969,Mikal,Bridges,23800.0,28800.0,2,-6.0,0.13
0022200817,1610612756,Phoenix,Suns,1629028,Deandre,Ayton,0.0,5190.0,6,3.0,0.2
0022200817,1610612756,Phoenix,Suns,1629028,Deandre,Ayton,9090.0,20110.0,20,7.0,0.298
0022200817,1610612756,Phoenix,Suns,1629028,Deandre,Ayton,23800.0,28254.0,7,-2.0,0.167
0022200817,1610612756,Phoenix,Suns,1629028,Deandre,Ayton,28723.0,28733.0,0,2.0,0.0
0022200817,1610612756,Phoenix,Suns,1629028,Deandre,Ayton,28759.0,28800.0,2,2.0,1.0
0022200817,1610612756,Phoenix,Suns,1629111,Jock,Landale,5190.0,9090.0,5,-5.0,0.235
0022200817,1610612756,Phoenix,Suns,1629111,Jock,Landale,20110.0,21544.0,0,1.0,0.0
0022200817,1610612756,Phoenix,Suns,1629111,Jock,Landale,21600.0,23800.0,2,4.0,0.333
0022200817,1610612756,Phoenix,Suns,1629111,Jock,Landale,28759.0,28765.0,0,2.0,0.0
0022200817,1610612756,Phoenix,Suns,1629661,Cameron,Johnson,0.0,4260.0,5,2.0,0.188
0022200817,1610612756,Phoenix,Suns,1629661,Cameron,Johnson,7200.0,11530.0,3,3.0,0.133
0022200817,1610612756,Phoenix,Suns,1629661,Cameron,Johnson,13190.0,18360.0,2,5.0,0.136
0022200817,1610612756,Phoenix,Suns,1629661,Cameron,Johnson,21600.0,24780.0,4,-1.0,0.385
0022200817,1610612756,Phoenix,Suns,1629661,Cameron,Johnson,28080.0,28759.0,0,-4.0,0.0
0022200817,1610612756,Phoenix,Suns,1629661,Cameron,Johnson,28765.0,28800.0,0,0.0,0.0
0022200817,1610612756,Phoenix,Suns,1630240,Saben,Lee,4900.0,7200.0,0,-4.0,0.25
0022200817,1610612756,Phoenix,Suns,1630240,Saben,Lee,20110.0,21359.0,0,-2.0,0.0
0022200817,1610612756,Phoenix,Suns,1630240,Saben,Lee,21544.0,24180.0,0,1.0,0.273
0022200817,1610612756,Phoenix,Suns,1630688,Ish,Wainright,6470.0,9440.0,3,-1.0,0.417
0022200817,1610612756,Phoenix,Suns,1630688,Ish,Wainright,20940.0,21600.0,0,1.0,0.0
0022200681,1610612756,Phoenix,Suns,202687,Bismack,Biyombo,5160.0,9470.0,1,7.0,0.056
0022200681,1610612756,Phoenix,Suns,202687,Bismack,Biyombo,18610.0,24000.0,0,-2.0,0.0
0022200681,1610612756,Phoenix,Suns,203967,Dario,Saric,0.0,2640.0,5,1.0,0.182
0022200681,1610612756,Phoenix,Suns,203967,Dario,Saric,14400.0,16700.0,2,5.0,0.3
0022200681,1610612756,Phoenix,Suns,203967,Dario,Saric,28691.0,28710.0,0,1.0,0.0
0022200681,1610612756,Phoenix,Suns,203967,Dario,Saric,28734.0,28765.0,0,2.0,0.0
0022200681,1610612756,Phoenix,Suns,1627814,Damion,Lee,0.0,3380.0,3,-1.0,0.214
0022200681,1610612756,Phoenix,Suns,1627814,Damion,Lee,4920.0,11590.0,0,9.0,0.077
0022200681,1610612756,Phoenix,Suns,1627814,Damion,Lee,14400.0,18120.0,2,7.0,0.056
0022200681,1610612756,Phoenix,Suns,1627814,Damion,Lee,20010.0,28800.0,11,-12.0,0.194
0022200681,1610612756,Phoenix,Suns,1628470,Torrey,Craig,0.0,3750.0,0,-1.0,0.2
0022200681,1610612756,Phoenix,Suns,1628470,Torrey,Craig,8820.0,14233.0,0,7.0,0.05
0022200681,1610612756,Phoenix,Suns,1628470,Torrey,Craig,14345.0,18610.0,2,1.0,0.143
0022200681,1610612756,Phoenix,Suns,1628470,Torrey,Craig,25070.0,26580.0,0,-6.0,0.0
0022200681,1610612756,Phoenix,Suns,1628470,Torrey,Craig,28629.0,28691.0,0,-3.0,0.0
0022200681,1610612756,Phoenix,Suns,1628470,Torrey,Craig,28710.0,28800.0,0,1.0,0.0
0022200681,1610612756,Phoenix,Suns,1628969,Mikal,Bridges,0.0,4920.0,4,5.0,0.2
0022200681,1610612756,Phoenix,Suns,1628969,Mikal,Bridges,7200.0,20010.0,19,11.0,0.264
0022200681,1610612756,Phoenix,Suns,1628969,Mikal,Bridges,21600.0,28800.0,5,-15.0,0.286
0022200681,1610612756,Phoenix,Suns,1629028,Deandre,Ayton,0.0,5160.0,10,4.0,0.286
0022200681,1610612756,Phoenix,Suns,1629028,Deandre,Ayton,9470.0,18610.0,9,4.0,0.333
0022200681,1610612756,Phoenix,Suns,1629028,Deandre,Ayton,24000.0,28629.0,5,-7.0,0.333
0022200681,1610612756,Phoenix,Suns,1629028,Deandre,Ayton,28734.0,28734.0,0,0.0,0.0
0022200681,1610612756,Phoenix,Suns,1629661,Cameron,Johnson,3750.0,7200.0,10,7.0,0.294
0022200681,1610612756,Phoenix,Suns,1629661,Cameron,Johnson,11590.0,14400.0,3,0.0,0.333
0022200681,1610612756,Phoenix,Suns,1629661,Cameron,Johnson,18610.0,21600.0,2,5.0,0.143
0022200681,1610612756,Phoenix,Suns,1629661,Cameron,Johnson,23440.0,25070.0,0,-2.0,0.333
0022200681,1610612756,Phoenix,Suns,1629661,Cameron,Johnson,26580.0,28734.0,2,-4.0,0.2
0022200681,1610612756,Phoenix,Suns,1629661,Cameron,Johnson,28734.0,28800.0,2,2.0,0.5
0022200681,1610612756,Phoenix,Suns,1630240,Saben,Lee,7200.0,14345.0,9,8.0,0.24
0022200681,1610612756,Phoenix,Suns,1630240,Saben,Lee,18120.0,28629.0,6,-15.0,0.171
0022200681,1610612756,Phoenix,Suns,1630240,Saben,Lee,28691.0,28710.0,0,1.0,0.0
0022200681,1610612756,Phoenix,Suns,1630613,Duane,Washington Jr.,3380.0,7200.0,0,7.0,0.278
0022200681,1610612756,Phoenix,Suns,1630688,Ish,Wainright,2640.0,8820.0,3,6.0,0.077
0022200681,1610612756,Phoenix,Suns,1630688,Ish,Wainright,14233.0,14400.0,0,0.0,0.0
0022200681,1610612756,Phoenix,Suns,1630688,Ish,Wainright,16700.0,23440.0,2,-4.0,0.133
0022200681,1610612756,Phoenix,Suns,1630688,Ish,Wainright,28629.0,28691.0,0,-3.0,0.0
0022200681,1610612756,Phoenix,Suns,1630688,Ish,Wainright,28710.0,28734.0,0,-1.0,0.0
0022200681,1610612756,Phoenix,Suns,1630688,Ish,Wainright,28765.0,28800.0,0,0.0,0.0
0022200240,1610612756,Phoenix,Suns,202687,Bismack,Biyombo,5660.0,10190.0,2,5.0,0.167
0022200240,1610612756,Phoenix,Suns,202687,Bismack,Biyombo,20610.0,28800.0,3,10.0,0.189
0022200240,1610612756,Phoenix,Suns,1626164,Devin,Booker,0.0,7200.0,7,6.0,0.233
0022200240,1610612756,Phoenix,Suns,1626164,Devin,Booker,11090.0,21600.0,13,7.0,0.238
0022200240,1610612756,Phoenix,Suns,1626166,Cameron,Payne,0.0,4630.0,10,4.0,0.333
0022200240,1610612756,Phoenix,Suns,1626166,Cameron,Payne,8730.0,19150.0,2,3.0,0.154
0022200240,1610612756,Phoenix,Suns,1626166,Cameron,Payne,23550.0,27750.0,9,8.0,0.375
0022200240,1610612756,Phoenix,Suns,1627814,Damion,Lee,5660.0,11090.0,6,4.0,0.148
0022200240,1610612756,Phoenix,Suns,1627814,Damion,Lee,20460.0,28800.0,9,10.0,0.135
0022200240,1610612756,Phoenix,Suns,1628470,Torrey,Craig,0.0,6130.0,0,1.0,0.125
0022200240,1610612756,Phoenix,Suns,1628470,Torrey,Craig,10190.0,19150.0,14,-1.0,0.242
0022200240,1610612756,Phoenix,Suns,1628969,Mikal,Bridges,0.0,5660.0,4,4.0,0.227
0022200240,1610612756,Phoenix,Suns,1628969,Mikal,Bridges,8730.0,20460.0,9,6.0,0.152
0022200240,1610612756,Phoenix,Suns,1628969,Mikal,Bridges,23550.0,25740.0,0,6.0,0.0
0022200240,1610612756,Phoenix,Suns,1629006,Josh,Okogie,7200.0,10190.0,7,3.0,0.25
0022200240,1610612756,Phoenix,Suns,1629006,Josh,Okogie,21600.0,23550.0,0,0.0,0.111
0022200240,1610612756,Phoenix,Suns,1629006,Josh,Okogie,25740.0,28800.0,0,0.0,0.429
0022200240,1610612756,Phoenix,Suns,1629028,Deandre,Ayton,0.0,5660.0,2,4.0,0.091
0022200240,1610612756,Phoenix,Suns,1629028,Deandre,Ayton,10190.0,20610.0,11,2.0,0.22
0022200240,1610612756,Phoenix,Suns,1630613,Duane,Washington Jr.,4630.0,8730.0,0,1.0,0.238
0022200240,1610612756,Phoenix,Suns,1630613,Duane,Washington Jr.,19150.0,23550.0,3,7.0,0.19
0022200240,1610612756,Phoenix,Suns,1630613,Duane,Washington Jr.,27750.0,28800.0,2,-2.0,0.286
0022200240,1610612756,Phoenix,Suns,1630688,Ish,Wainright,6130.0,8730.0,0,4.0,0.2
0022200240,1610612756,Phoenix,Suns,1630688,Ish,Wainright,19150.0,28800.0,3,13.0,0.159
0022200550,1610612756,Phoenix,Suns,101108,Chris,Paul,0.0,5230.0,0,-10.0,0.111
0022200550,1610612756,Phoenix,Suns,101108,Chris,Paul,8060.0,11720.0,0,-21.0,0.143
0022200550,1610612756,Phoenix,Suns,101108,Chris,Paul,14400.0,18960.0,6,-3.0,0.2
0022200550,1610612756,Phoenix,Suns,101108,Chris,Paul,21600.0,26270.0,5,-4.0,0.294
0022200550,1610612756,Phoenix,Suns,203967,Dario,Saric,5230.0,10490.0,0,-12.0,0.111
0022200550,1610612756,Phoenix,Suns,1626166,Cameron,Payne,5230.0,8060.0,0,-1.0,0.25
0022200550,1610612756,Phoenix,Suns,1626166,Cameron,Payne,11720.0,14400.0,2,9.0,0.3
0022200550,1610612756,Phoenix,Suns,1626166,Cameron,Payne,18960.0,21600.0,4,5.0,0.222
0022200550,1610612756,Phoenix,Suns,1626166,Cameron,Payne,26270.0,28800.0,2,6.0,0.222
0022200550,1610612756,Phoenix,Suns,1627814,Damion,Lee,5230.0,10490.0,5,-12.0,0.167
0022200550,1610612756,Phoenix,Suns,1627814,Damion,Lee,18000.0,24450.0,5,4.0,0.125
0022200550,1610612756,Phoenix,Suns,1628470,Torrey,Craig,0.0,5230.0,0,-10.0,0.167
0022200550,1610612756,Phoenix,Suns,1628470,Torrey,Craig,10490.0,18960.0,4,-4.0,0.138
0022200550,1610612756,Phoenix,Suns,1628969,Mikal,Bridges,0.0,7200.0,5,-12.0,0.174
0022200550,1610612756,Phoenix,Suns,1628969,Mikal,Bridges,9720.0,21600.0,5,-2.0,0.146
0022200550,1610612756,Phoenix,Suns,1628969,Mikal,Bridges,24450.0,26270.0,0,-4.0,0.167
0022200550,1610612756,Phoenix,Suns,1629006,Josh,Okogie,7200.0,9720.0,2,-7.0,0.25
0022200550,1610612756,Phoenix,Suns,1629013,Landry,Shamet,0.0,5230.0,0,-10.0,0.278
0022200550,1610612756,Phoenix,Suns,1629013,Landry,Shamet,10490.0,18000.0,0,-3.0,0.16
0022200550,1610612756,Phoenix,Suns,1629013,Landry,Shamet,26270.0,28800.0,6,6.0,0.333
0022200550,1610612756,Phoenix,Suns,1629028,Deandre,Ayton,0.0,5230.0,6,-10.0,0.333
0022200550,1610612756,Phoenix,Suns,1629028,Deandre,Ayton,9290.0,20380.0,6,-12.0,0.256
0022200550,1610612756,Phoenix,Suns,1629028,Deandre,Ayton,24950.0,26270.0,0,-2.0,0.0
0022200550,1610612756,Phoenix,Suns,1629111,Jock,Landale,5230.0,9290.0,2,-4.0,0.231
0022200550,1610612756,Phoenix,Suns,1629111,Jock,Landale,20380.0,24950.0,0,3.0,0.0
0022200550,1610612756,Phoenix,Suns,1629111,Jock,Landale,26270.0,28800.0,0,6.0,0.111
0022200550,1610612756,Phoenix,Suns,1630613,Duane,Washington Jr.,21600.0,28800.0,10,2.0,0.346
0022200550,1610612756,Phoenix,Suns,1630688,Ish,Wainright,18960.0,28800.0,8,7.0,0.229
0022200177,1610612756,Phoenix,Suns,202687,Bismack,Biyombo,19650.0,23820.0,4,-8.0,0.188
0022200177,1610612756,Phoenix,Suns,202687,Bismack,Biyombo,26360.0,28800.0,3,4.0,0.333
0022200177,1610612756,Phoenix,Suns,203967,Dario,Saric,5740.0,9170.0,0,4.0,0.25
0022200177,1610612756,Phoenix,Suns,203967,Dario,Saric,26360.0,28800.0,0,4.0,0.111
0022200177,1610612756,Phoenix,Suns,1626164,Devin,Booker,0.0,7200.0,5,-7.0,0.226
0022200177,1610612756,Phoenix,Suns,1626164,Devin,Booker,10660.0,21600.0,10,-14.0,0.275
0022200177,1610612756,Phoenix,Suns,1626164,Devin,Booker,23820.0,26360.0,2,-6.0,0.444
0022200177,1610612756,Phoenix,Suns,1626166,Cameron,Payne,0.0,4690.0,4,-9.0,0.174
0022200177,1610612756,Phoenix,Suns,1626166,Cameron,Payne,7200.0,18750.0,10,0.0,0.238
0022200177,1610612756,Phoenix,Suns,1626166,Cameron,Payne,21600.0,26360.0,8,-8.0,0.294
0022200177,1610612756,Phoenix,Suns,1627814,Damion,Lee,4690.0,10660.0,6,10.0,0.182
0022200177,1610612756,Phoenix,Suns,1627814,Damion,Lee,18750.0,23820.0,2,-8.0,0.158
0022200177,1610612756,Phoenix,Suns,1627814,Damion,Lee,26360.0,28800.0,0,4.0,0.0
0022200177,1610612756,Phoenix,Suns,1628470,Torrey,Craig,0.0,5740.0,4,-7.0,0.231
0022200177,1610612756,Phoenix,Suns,1628470,Torrey,Craig,9170.0,19650.0,5,-4.0,0.051
0022200177,1610612756,Phoenix,Suns,1628470,Torrey,Craig,21600.0,26360.0,0,-8.0,0.118
0022200177,1610612756,Phoenix,Suns,1628969,Mikal,Bridges,0.0,4950.0,0,-7.0,0.167
0022200177,1610612756,Phoenix,Suns,1628969,Mikal,Bridges,7200.0,19650.0,5,0.0,0.196
0022200177,1610612756,Phoenix,Suns,1628969,Mikal,Bridges,21178.0,26360.0,3,-9.0,0.053
0022200177,1610612756,Phoenix,Suns,1629006,Josh,Okogie,4950.0,7200.0,0,0.0,0.286
0022200177,1610612756,Phoenix,Suns,1629006,Josh,Okogie,26360.0,28800.0,0,4.0,0.111
0022200177,1610612756,Phoenix,Suns,1629028,Deandre,Ayton,0.0,4690.0,8,-9.0,0.217
0022200177,1610612756,Phoenix,Suns,1629028,Deandre,Ayton,10150.0,18750.0,6,-8.0,0.188
0022200177,1610612756,Phoenix,Suns,1629028,Deandre,Ayton,23820.0,26360.0,0,-6.0,0.222
0022200177,1610612756,Phoenix,Suns,1629111,Jock,Landale,4690.0,10150.0,4,10.0,0.167
0022200177,1610612756,Phoenix,Suns,1629111,Jock,Landale,18750.0,21178.0,3,-5.0,0.222
0022200177,1610612756,Phoenix,Suns,1630613,Duane,Washington Jr.,19650.0,21600.0,0,-6.0,0.25
0022200177,1610612756,Phoenix,Suns,1630613,Duane,Washington Jr.,26360.0,28800.0,5,4.0,0.444
0022201046,1610612756,Phoenix,Suns,101108,Chris,Paul,0.0,5060.0,4,-4.0,0.182
0022201046,1610612756,Phoenix,Suns,101108,Chris,Paul,10300.0,19340.0,8,5.0,0.206
0022201046,1610612756,Phoenix,Suns,101108,Chris,Paul,24360.0,28800.0,4,-2.0,0.167
0022201046,1610612756,Phoenix,Suns,203082,Terrence,Ross,4120.0,8910.0,5,6.0,0.25
0022201046,1610612756,Phoenix,Suns,203082,Terrence,Ross,19340.0,21371.0,0,2.0,0.0
0022201046,1610612756,Phoenix,Suns,203082,Terrence,Ross,21600.0,24360.0,0,-4.0,0.0
0022201046,1610612756,Phoenix,Suns,203082,Terrence,Ross,28712.0,28739.0,2,2.0,1.0
0022201046,1610612756,Phoenix,Suns,1626164,Devin,Booker,0.0,7200.0,3,-1.0,0.188
0022201046,1610612756,Phoenix,Suns,1626164,Devin,Booker,11450.0,21600.0,12,9.0,0.27
0022201046,1610612756,Phoenix,Suns,1626164,Devin,Booker,24360.0,28800.0,4,-2.0,0.333
0022201046,1610612756,Phoenix,Suns,1626166,Cameron,Payne,5060.0,11450.0,11,4.0,0.2
0022201046,1610612756,Phoenix,Suns,1626166,Cameron,Payne,19340.0,25300.0,7,-7.0,0.381
0022201046,1610612756,Phoenix,Suns,1627814,Damion,Lee,7200.0,10300.0,2,3.0,0.182
0022201046,1610612756,Phoenix,Suns,1627814,Damion,Lee,21600.0,24360.0,3,-4.0,0.2
0022201046,1610612756,Phoenix,Suns,1627814,Damion,Lee,28712.0,28739.0,0,2.0,0.0
0022201046,1610612756,Phoenix,Suns,1628470,Torrey,Craig,0.0,4120.0,3,-6.0,0.158
0022201046,1610612756,Phoenix,Suns,1628470,Torrey,Craig,11450.0,18900.0,6,6.0,0.103
0022201046,1610612756,Phoenix,Suns,1628470,Torrey,Craig,21371.0,21600.0,0,0.0,0.0
0022201046,1610612756,Phoenix,Suns,1628470,Torrey,Craig,25300.0,28712.0,0,1.0,0.0
0022201046,1610612756,Phoenix,Suns,1628470,Torrey,Craig,28739.0,28800.0,0,0.0,0.0
0022201046,1610612756,Phoenix,Suns,1629006,Josh,Okogie,0.0,4120.0,0,-6.0,0.263
0022201046,1610612756,Phoenix,Suns,1629006,Josh,Okogie,8910.0,19340.0,12,7.0,0.263
0022201046,1610612756,Phoenix,Suns,1629006,Josh,Okogie,21371.0,21600.0,0,0.0,0.0
0022201046,1610612756,Phoenix,Suns,1629006,Josh,Okogie,25300.0,28712.0,3,1.0,0.231
0022201046,1610612756,Phoenix,Suns,1629006,Josh,Okogie,28739.0,28800.0,0,0.0,0.0
0022201046,1610612756,Phoenix,Suns,1629028,Deandre,Ayton,0.0,5060.0,8,-4.0,0.273
0022201046,1610612756,Phoenix,Suns,1629028,Deandre,Ayton,9910.0,20670.0,4,9.0,0.154
0022201046,1610612756,Phoenix,Suns,1629028,Deandre,Ayton,23640.0,28739.0,4,-4.0,0.158
0022201046,1610612756,Phoenix,Suns,1629111,Jock,Landale,5060.0,9910.0,6,4.0,0.3
0022201046,1610612756,Phoenix,Suns,1629111,Jock,Landale,20670.0,21371.0,0,0.0,0.0
0022201046,1610612756,Phoenix,Suns,1629111,Jock,Landale,21600.0,23640.0,2,-2.0,0.375
0022201046,1610612756,Phoenix,Suns,1629111,Jock,Landale,28712.0,28712.0,0,0.0,0.0
0022201046,1610612756,Phoenix,Suns,1630688,Ish,Wainright,4120.0,11450.0,3,6.0,0.071
0022201046,1610612756,Phoenix,Suns,1630688,Ish,Wainright,18900.0,25300.0,0,-6.0,0.091
0022201046,1610612756,Phoenix,Suns,1630688,Ish,Wainright,28739.0,28800.0,0,0.0,0.0
0022200836,1610612756,Phoenix,Suns,101108,Chris,Paul,0.0,5250.0,2,12.0,0.167
0022200836,1610612756,Phoenix,Suns,101108,Chris,Paul,9980.0,19990.0,17,13.0,0.4
0022200836,1610612756,Phoenix,Suns,101108,Chris,Paul,25900.0,28592.0,0,-3.0,0.231
0022200836,1610612756,Phoenix,Suns,202687,Bismack,Biyombo,8390.0,9980.0,2,-3.0,0.333
0022200836,1610612756,Phoenix,Suns,202687,Bismack,Biyombo,24950.0,26140.0,0,-7.0,0.0
0022200836,1610612756,Phoenix,Suns,202687,Bismack,Biyombo,28592.0,28800.0,0,0.0,0.0
0022200836,1610612756,Phoenix,Suns,1626164,Devin,Booker,0.0,3590.0,5,8.0,0.353
0022200836,1610612756,Phoenix,Suns,1626164,Devin,Booker,6689.0,9980.0,6,0.0,0.462
0022200836,1610612756,Phoenix,Suns,1626164,Devin,Booker,13827.0,17810.0,4,0.0,0.267
0022200836,1610612756,Phoenix,Suns,1626164,Devin,Booker,21600.0,23780.0,4,6.0,0.273
0022200836,1610612756,Phoenix,Suns,1626164,Devin,Booker,25900.0,28592.0,2,-3.0,0.308
0022200836,1610612756,Phoenix,Suns,1627814,Damion,Lee,3590.0,7200.0,0,-2.0,0.167
0022200836,1610612756,Phoenix,Suns,1627814,Damion,Lee,10920.0,14064.0,4,7.0,0.154
0022200836,1610612756,Phoenix,Suns,1627814,Damion,Lee,17810.0,21398.0,0,5.0,0.125
0022200836,1610612756,Phoenix,Suns,1627814,Damion,Lee,23780.0,25900.0,0,-8.0,0.125
0022200836,1610612756,Phoenix,Suns,1627814,Damion,Lee,28592.0,28800.0,0,0.0,0.0
0022200836,1610612756,Phoenix,Suns,1628470,Torrey,Craig,0.0,4980.0,7,13.0,0.174
0022200836,1610612756,Phoenix,Suns,1628470,Torrey,Craig,5970.0,10920.0,0,-2.0,0.048
0022200836,1610612756,Phoenix,Suns,1628470,Torrey,Craig,11530.0,19420.0,0,8.0,0.031
0022200836,1610612756,Phoenix,Suns,1628470,Torrey,Craig,21398.0,24950.0,4,4.0,0.176
0022200836,1610612756,Phoenix,Suns,1628470,Torrey,Craig,28592.0,28800.0,0,0.0,0.0
0022200836,1610612756,Phoenix,Suns,1629006,Josh,Okogie,0.0,5970.0,6,8.0,0.192
0022200836,1610612756,Phoenix,Suns,1629006,Josh,Okogie,9980.0,13827.0,0,7.0,0.067
0022200836,1610612756,Phoenix,Suns,1629006,Josh,Okogie,14064.0,21600.0,9,5.0,0.161
0022200836,1610612756,Phoenix,Suns,1629006,Josh,Okogie,24950.0,28800.0,2,-9.0,0.125
0022200836,1610612756,Phoenix,Suns,1629028,Deandre,Ayton,0.0,5250.0,6,12.0,0.167
0022200836,1610612756,Phoenix,Suns,1629028,Deandre,Ayton,9980.0,19990.0,12,13.0,0.225
0022200836,1610612756,Phoenix,Suns,1629028,Deandre,Ayton,26140.0,28592.0,4,-2.0,0.333
0022200836,1610612756,Phoenix,Suns,1629111,Jock,Landale,5250.0,8390.0,0,-3.0,0.0
0022200836,1610612756,Phoenix,Suns,1629111,Jock,Landale,19990.0,24950.0,6,3.0,0.261
0022200836,1610612756,Phoenix,Suns,1630240,Saben,Lee,5250.0,6689.0,0,-6.0,0.286
0022200836,1610612756,Phoenix,Suns,1630240,Saben,Lee,7200.0,9980.0,0,0.0,0.0
0022200836,1610612756,Phoenix,Suns,1630240,Saben,Lee,19990.0,25900.0,2,-3.0,0.231
0022200836,1610612756,Phoenix,Suns,1630240,Saben,Lee,28592.0,28800.0,0,0.0,0.0
0022200836,1610612756,Phoenix,Suns,1630688,Ish,Wainright,4980.0,11530.0,10,-7.0,0.269
0022200836,1610612756,Phoenix,Suns,1630688,Ish,Wainright,19420.0,28592.0,3,-1.0,0.071
0022200697,1610612756,Phoenix,Suns,202687,Bismack,Biyombo,0.0,4890.0,6,1.0,0.222
0022200697,1610612756,Phoenix,Suns,202687,Bismack,Biyombo,7200.0,12510.0,6,-1.0,0.2
0022200697,1610612756,Phoenix,Suns,202687,Bismack,Biyombo,14400.0,18810.0,0,-3.0,0.2
0022200697,1610612756,Phoenix,Suns,202687,Bismack,Biyombo,23840.0,27590.0,0,-2.0,0.133
0022200697,1610612756,Phoenix,Suns,203967,Dario,Saric,0.0,1710.0,0,-4.0,0.143
0022200697,1610612756,Phoenix,Suns,203967,Dario,Saric,8570.0,11760.0,1,-3.0,0.071
0022200697,1610612756,Phoenix,Suns,1627814,Damion,Lee,0.0,4160.0,5,-1.0,0.267
0022200697,1610612756,Phoenix,Suns,1627814,Damion,Lee,9080.0,12510.0,2,-5.0,0.231
0022200697,1610612756,Phoenix,Suns,1627814,Damion,Lee,14017.0,14370.0,2,4.0,0.5
0022200697,1610612756,Phoenix,Suns,1627814,Damion,Lee,14400.0,17590.0,3,-4.0,0.214
0022200697,1610612756,Phoenix,Suns,1627814,Damion,Lee,21509.0,26290.0,4,1.0,0.182
0022200697,1610612756,Phoenix,Suns,1627814,Damion,Lee,27640.0,27780.0,0,0.0,1.0
0022200697,1610612756,Phoenix,Suns,1628470,Torrey,Craig,0.0,3510.0,0,-1.0,0.077
0022200697,1610612756,Phoenix,Suns,1628470,Torrey,Craig,7170.0,11760.0,0,3.0,0.056
0022200697,1610612756,Phoenix,Suns,1628470,Torrey,Craig,14370.0,18240.0,0,-6.0,0.05
0022200697,1610612756,Phoenix,Suns,1628470,Torrey,Craig,28746.0,28800.0,0,2.0,0.0
0022200697,1610612756,Phoenix,Suns,1628969,Mikal,Bridges,0.0,6090.0,7,1.0,0.273
0022200697,1610612756,Phoenix,Suns,1628969,Mikal,Bridges,10180.0,21600.0,15,0.0,0.259
0022200697,1610612756,Phoenix,Suns,1628969,Mikal,Bridges,23840.0,28800.0,0,-3.0,0.143
0022200697,1610612756,Phoenix,Suns,1629006,Josh,Okogie,1710.0,7200.0,6,6.0,0.19
0022200697,1610612756,Phoenix,Suns,1629006,Josh,Okogie,11760.0,19150.0,7,-6.0,0.212
0022200697,1610612756,Phoenix,Suns,1629006,Josh,Okogie,21111.0,21509.0,0,2.0,0.5
0022200697,1610612756,Phoenix,Suns,1629006,Josh,Okogie,21600.0,28800.0,11,1.0,0.219
0022200697,1610612756,Phoenix,Suns,1629111,Jock,Landale,4890.0,7170.0,2,1.0,0.2
0022200697,1610612756,Phoenix,Suns,1629111,Jock,Landale,12510.0,14400.0,2,1.0,0.2
0022200697,1610612756,Phoenix,Suns,1629111,Jock,Landale,18810.0,21509.0,2,5.0,0.133
0022200697,1610612756,Phoenix,Suns,1629111,Jock,Landale,21600.0,23840.0,2,4.0,0.273
0022200697,1610612756,Phoenix,Suns,1629111,Jock,Landale,27590.0,28746.0,2,-3.0,0.2
0022200697,1610612756,Phoenix,Suns,1630240,Saben,Lee,3510.0,9080.0,0,7.0,0.143
0022200697,1610612756,Phoenix,Suns,1630240,Saben,Lee,11760.0,14017.0,0,-7.0,0.25
0022200697,1610612756,Phoenix,Suns,1630240,Saben,Lee,19150.0,28800.0,12,6.0,0.196
0022200697,1610612756,Phoenix,Suns,1630613,Duane,Washington Jr.,6090.0,10180.0,6,3.0,0.235
0022200697,1610612756,Phoenix,Suns,1630613,Duane,Washington Jr.,12510.0,12510.0,0,0.0,0.0
0022200697,1610612756,Phoenix,Suns,1630613,Duane,Washington Jr.,14017.0,14370.0,0,4.0,0.0
0022200697,1610612756,Phoenix,Suns,1630613,Duane,Washington Jr.,17590.0,21111.0,3,4.0,0.278
0022200697,1610612756,Phoenix,Suns,1630613,Duane,Washington Jr.,21509.0,23840.0,0,4.0,0.417
0022200697,1610612756,Phoenix,Suns,1630688,Ish,Wainright,4160.0,8570.0,3,9.0,0.176
0022200697,1610612756,Phoenix,Suns,1630688,Ish,Wainright,12510.0,14017.0,0,-3.0,0.167
0022200697,1610612756,Phoenix,Suns,1630688,Ish,Wainright,14370.0,14400.0,0,0.0,0.0
0022200697,1610612756,Phoenix,Suns,1630688,Ish,Wainright,18240.0,21600.0,0,8.0,0.111
0022200697,1610612756,Phoenix,Suns,1630688,Ish,Wainright,26290.0,27640.0,0,-2.0,0.0
0022200697,1610612756,Phoenix,Suns,1630688,Ish,Wainright,27780.0,28800.0,3,2.0,0.2
0022200148,1610612756,Phoenix,Suns,101108,Chris,Paul,0.0,4750.0,0,-7.0,0.063
0022200148,1610612756,Phoenix,Suns,101108,Chris,Paul,7200.0,10700.0,2,-3.0,0.167
0022200148,1610612756,Phoenix,Suns,202687,Bismack,Biyombo,10470.0,14400.0,0,7.0,0.0
0022200148,1610612756,Phoenix,Suns,202687,Bismack,Biyombo,21600.0,24030.0,0,-3.0,0.0
0022200148,1610612756,Phoenix,Suns,203967,Dario,Saric,5310.0,7200.0,0,1.0,0.0
0022200148,1610612756,Phoenix,Suns,1626164,Devin,Booker,0.0,7200.0,7,-13.0,0.333
0022200148,1610612756,Phoenix,Suns,1626164,Devin,Booker,9960.0,28800.0,21,4.0,0.302
0022200148,1610612756,Phoenix,Suns,1626166,Cameron,Payne,4750.0,7200.0,0,-6.0,0.273
0022200148,1610612756,Phoenix,Suns,1626166,Cameron,Payne,10700.0,17680.0,9,2.0,0.296
0022200148,1610612756,Phoenix,Suns,1626166,Cameron,Payne,21600.0,28800.0,5,-7.0,0.318
0022200148,1610612756,Phoenix,Suns,1627814,Damion,Lee,4750.0,9500.0,0,-8.0,0.158
0022200148,1610612756,Phoenix,Suns,1627814,Damion,Lee,18250.0,28800.0,10,1.0,0.147
0022200148,1610612756,Phoenix,Suns,1628470,Torrey,Craig,0.0,4750.0,3,-7.0,0.125
0022200148,1610612756,Phoenix,Suns,1628470,Torrey,Craig,9500.0,18250.0,0,2.0,0.156
0022200148,1610612756,Phoenix,Suns,1628969,Mikal,Bridges,0.0,5310.0,2,-14.0,0.167
0022200148,1610612756,Phoenix,Suns,1628969,Mikal,Bridges,7200.0,20750.0,7,7.0,0.128
0022200148,1610612756,Phoenix,Suns,1628969,Mikal,Bridges,21546.0,28800.0,6,-7.0,0.174
0022200148,1610612756,Phoenix,Suns,1629006,Josh,Okogie,20750.0,21546.0,0,1.0,0.333
0022200148,1610612756,Phoenix,Suns,1629013,Landry,Shamet,7200.0,9960.0,0,-3.0,0.2
0022200148,1610612756,Phoenix,Suns,1629013,Landry,Shamet,17680.0,21600.0,0,9.0,0.154
0022200148,1610612756,Phoenix,Suns,1629028,Deandre,Ayton,0.0,4750.0,6,-7.0,0.25
0022200148,1610612756,Phoenix,Suns,1629028,Deandre,Ayton,7200.0,10470.0,2,-3.0,0.091
0022200148,1610612756,Phoenix,Suns,1629028,Deandre,Ayton,14400.0,19970.0,4,1.0,0.111
0022200148,1610612756,Phoenix,Suns,1629028,Deandre,Ayton,24030.0,28800.0,2,-4.0,0.357
0022200148,1610612756,Phoenix,Suns,1629111,Jock,Landale,4750.0,7200.0,2,-6.0,0.182
0022200148,1610612756,Phoenix,Suns,1629111,Jock,Landale,19970.0,21600.0,0,3.0,0.0
0022201110,1610612756,Phoenix,Suns,101108,Chris,Paul,0.0,5390.0,3,-2.0,0.136
0022201110,1610612756,Phoenix,Suns,101108,Chris,Paul,9940.0,19980.0,10,0.0,0.167
0022201110,1610612756,Phoenix,Suns,202687,Bismack,Biyombo,0.0,4630.0,3,-1.0,0.2
0022201110,1610612756,Phoenix,Suns,202687,Bismack,Biyombo,9940.0,19980.0,10,0.0,0.167
0022201110,1610612756,Phoenix,Suns,202687,Bismack,Biyombo,25120.0,27850.0,4,3.0,0.231
0022201110,1610612756,Phoenix,Suns,203082,Terrence,Ross,4940.0,11510.0,8,-3.0,0.292
0022201110,1610612756,Phoenix,Suns,203082,Terrence,Ross,21600.0,28800.0,7,14.0,0.179
0022201110,1610612756,Phoenix,Suns,203933,T.J.,Warren,3740.0,9940.0,7,8.0,0.174
0022201110,1610612756,Phoenix,Suns,203933,T.J.,Warren,18920.0,28800.0,9,17.0,0.195
0022201110,1610612756,Phoenix,Suns,1626164,Devin,Booker,0.0,7200.0,13,2.0,0.345
0022201110,1610612756,Phoenix,Suns,1626164,Devin,Booker,11510.0,21600.0,16,8.0,0.389
0022201110,1610612756,Phoenix,Suns,1626164,Devin,Booker,25120.0,26820.0,0,-2.0,0.286
0022201110,1610612756,Phoenix,Suns,1626166,Cameron,Payne,5390.0,9940.0,2,6.0,0.125
0022201110,1610612756,Phoenix,Suns,1626166,Cameron,Payne,19980.0,21551.0,0,2.0,0.0
0022201110,1610612756,Phoenix,Suns,1626166,Cameron,Payne,21600.0,28800.0,12,14.0,0.25
0022201110,1610612756,Phoenix,Suns,1628470,Torrey,Craig,0.0,3740.0,0,-4.0,0.133
0022201110,1610612756,Phoenix,Suns,1628470,Torrey,Craig,11510.0,18920.0,6,5.0,0.125
0022201110,1610612756,Phoenix,Suns,1628470,Torrey,Craig,21551.0,21600.0,0,0.0,0.0
0022201110,1610612756,Phoenix,Suns,1629006,Josh,Okogie,0.0,3110.0,0,-2.0,0.154
0022201110,1610612756,Phoenix,Suns,1629006,Josh,Okogie,7200.0,11510.0,0,-4.0,0.25
0022201110,1610612756,Phoenix,Suns,1629006,Josh,Okogie,14375.0,18280.0,3,-2.0,0.143
0022201110,1610612756,Phoenix,Suns,1629006,Josh,Okogie,21551.0,25120.0,4,12.0,0.154
0022201110,1610612756,Phoenix,Suns,1629013,Landry,Shamet,3110.0,4940.0,0,3.0,0.375
0022201110,1610612756,Phoenix,Suns,1629013,Landry,Shamet,11510.0,14375.0,0,7.0,0.0
0022201110,1610612756,Phoenix,Suns,1629013,Landry,Shamet,18280.0,21600.0,0,3.0,0.067
0022201110,1610612756,Phoenix,Suns,1629111,Jock,Landale,4630.0,7850.0,0,2.0,0.0
0022201110,1610612756,Phoenix,Suns,1629111,Jock,Landale,19980.0,21551.0,2,2.0,0.286
0022201110,1610612756,Phoenix,Suns,1629111,Jock,Landale,21600.0,25120.0,0,12.0,0.077
0022201110,1610612756,Phoenix,Suns,1629647,Darius,Bazley,27850.0,28800.0,0,-1.0,0.333
0022201110,1610612756,Phoenix,Suns,1630688,Ish,Wainright,7850.0,11510.0,4,-3.0,0.214
0022201110,1610612756,Phoenix,Suns,1630688,Ish,Wainright,26820.0,28800.0,2,4.0,0.125
0022200516,1610612756,Phoenix,Suns,101108,Chris,Paul,0.0,4980.0,2,-11.0,0.176
0022200516,1610612756,Phoenix,Suns,101108,Chris,Paul,8450.0,12430.0,2,0.0,0.267
0022200516,1610612756,Phoenix,Suns,101108,Chris,Paul,14400.0,20680.0,12,3.0,0.35
0022200516,1610612756,Phoenix,Suns,101108,Chris,Paul,21203.0,21600.0,0,0.0,0.667
0022200516,1610612756,Phoenix,Suns,101108,Chris,Paul,23800.0,27150.0,4,-6.0,0.267
0022200516,1610612756,Phoenix,Suns,202687,Bismack,Biyombo,6080.0,9290.0,0,-2.0,0.0
0022200516,1610612756,Phoenix,Suns,202687,Bismack,Biyombo,27150.0,28800.0,0,-6.0,0.4
0022200516,1610612756,Phoenix,Suns,203967,Dario,Saric,27150.0,28800.0,0,-6.0,0.2
0022200516,1610612756,Phoenix,Suns,1627814,Damion,Lee,3830.0,7200.0,3,-4.0,0.273
0022200516,1610612756,Phoenix,Suns,1627814,Damion,Lee,9290.0,12430.0,0,3.0,0.0
0022200516,1610612756,Phoenix,Suns,1627814,Damion,Lee,14311.0,14400.0,0,2.0,0.0
0022200516,1610612756,Phoenix,Suns,1627814,Damion,Lee,18490.0,27150.0,5,-11.0,0.158
0022200516,1610612756,Phoenix,Suns,1628470,Torrey,Craig,0.0,4980.0,0,-11.0,0.118
0022200516,1610612756,Phoenix,Suns,1628470,Torrey,Craig,12430.0,19490.0,3,7.0,0.091
0022200516,1610612756,Phoenix,Suns,1628470,Torrey,Craig,21600.0,27150.0,2,-10.0,0.16
0022200516,1610612756,Phoenix,Suns,1628969,Mikal,Bridges,0.0,6080.0,7,-13.0,0.25
0022200516,1610612756,Phoenix,Suns,1628969,Mikal,Bridges,7200.0,20790.0,10,11.0,0.167
0022200516,1610612756,Phoenix,Suns,1628969,Mikal,Bridges,22590.0,27150.0,0,-4.0,0.143
0022200516,1610612756,Phoenix,Suns,1629006,Josh,Okogie,6080.0,9560.0,3,-4.0,0.2
0022200516,1610612756,Phoenix,Suns,1629006,Josh,Okogie,12940.0,14311.0,0,1.0,0.0
0022200516,1610612756,Phoenix,Suns,1629006,Josh,Okogie,14400.0,18490.0,0,1.0,0.154
0022200516,1610612756,Phoenix,Suns,1629006,Josh,Okogie,20790.0,22590.0,0,-11.0,0.0
0022200516,1610612756,Phoenix,Suns,1629006,Josh,Okogie,27150.0,28800.0,0,-6.0,0.0
0022200516,1610612756,Phoenix,Suns,1629028,Deandre,Ayton,0.0,6080.0,4,-13.0,0.35
0022200516,1610612756,Phoenix,Suns,1629028,Deandre,Ayton,9290.0,20150.0,20,14.0,0.324
0022200516,1610612756,Phoenix,Suns,1629028,Deandre,Ayton,22370.0,27150.0,7,-6.0,0.273
0022200516,1610612756,Phoenix,Suns,1629111,Jock,Landale,0.0,3830.0,0,-11.0,0.071
0022200516,1610612756,Phoenix,Suns,1629111,Jock,Landale,9560.0,12940.0,3,5.0,0.077
0022200516,1610612756,Phoenix,Suns,1629111,Jock,Landale,20150.0,22370.0,2,-12.0,0.2
0022200516,1610612756,Phoenix,Suns,1630613,Duane,Washington Jr.,4980.0,6080.0,0,-2.0,0.0
0022200516,1610612756,Phoenix,Suns,1630613,Duane,Washington Jr.,6080.0,8450.0,4,-2.0,0.5
0022200516,1610612756,Phoenix,Suns,1630613,Duane,Washington Jr.,12430.0,14400.0,3,3.0,0.429
0022200516,1610612756,Phoenix,Suns,1630613,Duane,Washington Jr.,20680.0,23800.0,2,-7.0,0.188
0022200516,1610612756,Phoenix,Suns,1630613,Duane,Washington Jr.,27150.0,28800.0,1,-6.0,0.4
0022200516,1610612756,Phoenix,Suns,1630688,Ish,Wainright,4980.0,9290.0,3,-4.0,0.125
0022200516,1610612756,Phoenix,Suns,1630688,Ish,Wainright,19490.0,21203.0,0,-4.0,0.143
0022200516,1610612756,Phoenix,Suns,1630688,Ish,Wainright,27150.0,28800.0,0,-6.0,0.0
0022200718,1610612756,Phoenix,Suns,101108,Chris,Paul,0.0,4830.0,2,15.0,0.105
0022200718,1610612756,Phoenix,Suns,101108,Chris,Paul,10190.0,21600.0,12,-9.0,0.159
0022200718,1610612756,Phoenix,Suns,202687,Bismack,Biyombo,0.0,4830.0,4,15.0,0.211
0022200718,1610612756,Phoenix,Suns,202687,Bismack,Biyombo,9920.0,13821.0,2,-17.0,0.143
0022200718,1610612756,Phoenix,Suns,202687,Bismack,Biyombo,14400.0,18940.0,0,9.0,0.063
0022200718,1610612756,Phoenix,Suns,202687,Bismack,Biyombo,19720.0,25310.0,0,6.0,0.08
0022200718,1610612756,Phoenix,Suns,203967,Dario,Saric,5450.0,11490.0,5,10.0,0.174
0022200718,1610612756,Phoenix,Suns,203967,Dario,Saric,13821.0,14400.0,0,1.0,0.0
0022200718,1610612756,Phoenix,Suns,203967,Dario,Saric,17920.0,25950.0,14,9.0,0.294
0022200718,1610612756,Phoenix,Suns,1627814,Damion,Lee,6410.0,9920.0,3,10.0,0.118
0022200718,1610612756,Phoenix,Suns,1627814,Damion,Lee,18940.0,25310.0,8,4.0,0.179
0022200718,1610612756,Phoenix,Suns,1628470,Torrey,Craig,0.0,5450.0,0,17.0,0.174
0022200718,1610612756,Phoenix,Suns,1628470,Torrey,Craig,11490.0,18940.0,0,-7.0,0.207
0022200718,1610612756,Phoenix,Suns,1628969,Mikal,Bridges,0.0,6410.0,7,17.0,0.231
0022200718,1610612756,Phoenix,Suns,1628969,Mikal,Bridges,9920.0,21600.0,11,-6.0,0.267
0022200718,1610612756,Phoenix,Suns,1629006,Josh,Okogie,4190.0,11490.0,3,15.0,0.069
0022200718,1610612756,Phoenix,Suns,1629006,Josh,Okogie,21600.0,28800.0,6,10.0,0.219
0022200718,1610612756,Phoenix,Suns,1629111,Jock,Landale,4830.0,9920.0,10,12.0,0.522
0022200718,1610612756,Phoenix,Suns,1629111,Jock,Landale,18940.0,19720.0,3,-2.0,0.333
0022200718,1610612756,Phoenix,Suns,1629111,Jock,Landale,25950.0,28800.0,2,5.0,0.308
0022200718,1610612756,Phoenix,Suns,1629661,Cameron,Johnson,0.0,4190.0,16,12.0,0.333
0022200718,1610612756,Phoenix,Suns,1629661,Cameron,Johnson,11490.0,17920.0,8,-10.0,0.192
0022200718,1610612756,Phoenix,Suns,1630240,Saben,Lee,4830.0,10190.0,0,15.0,0.083
0022200718,1610612756,Phoenix,Suns,1630240,Saben,Lee,21600.0,28800.0,2,10.0,0.156
0022200718,1610612756,Phoenix,Suns,1630613,Duane,Washington Jr.,25310.0,28800.0,8,7.0,0.235
0022200718,1610612756,Phoenix,Suns,1630688,Ish,Wainright,25310.0,28800.0,2,7.0,0.059
0022200283,1610612756,Phoenix,Suns,202687,Bismack,Biyombo,5780.0,11450.0,1,-6.0,0.077
0022200283,1610612756,Phoenix,Suns,202687,Bismack,Biyombo,19530.0,24680.0,4,-1.0,0.25
0022200283,1610612756,Phoenix,Suns,1626164,Devin,Booker,0.0,7200.0,4,1.0,0.214
0022200283,1610612756,Phoenix,Suns,1626164,Devin,Booker,10450.0,21600.0,16,6.0,0.316
0022200283,1610612756,Phoenix,Suns,1626164,Devin,Booker,25730.0,28800.0,1,3.0,0.25
0022200283,1610612756,Phoenix,Suns,1626166,Cameron,Payne,0.0,5140.0,6,1.0,0.263
0022200283,1610612756,Phoenix,Suns,1626166,Cameron,Payne,9540.0,14292.0,6,-1.0,0.235
0022200283,1610612756,Phoenix,Suns,1626166,Cameron,Payne,14400.0,19530.0,1,9.0,0.063
0022200283,1610612756,Phoenix,Suns,1626166,Cameron,Payne,24680.0,28560.0,3,-1.0,0.333
0022200283,1610612756,Phoenix,Suns,1627814,Damion,Lee,3690.0,9540.0,0,4.0,0.172
0022200283,1610612756,Phoenix,Suns,1627814,Damion,Lee,11450.0,14400.0,5,4.0,0.182
0022200283,1610612756,Phoenix,Suns,1627814,Damion,Lee,19530.0,25730.0,4,-5.0,0.208
0022200283,1610612756,Phoenix,Suns,1627814,Damion,Lee,28560.0,28800.0,0,0.0,0.0
0022200283,1610612756,Phoenix,Suns,1628470,Torrey,Craig,0.0,3690.0,0,-3.0,0.077
0022200283,1610612756,Phoenix,Suns,1628470,Torrey,Craig,5780.0,9540.0,0,0.0,0.15
0022200283,1610612756,Phoenix,Suns,1628470,Torrey,Craig,14292.0,19530.0,2,8.0,0.059
0022200283,1610612756,Phoenix,Suns,1628470,Torrey,Craig,21600.0,28800.0,0,1.0,0.094
0022200283,1610612756,Phoenix,Suns,1628969,Mikal,Bridges,0.0,5780.0,0,1.0,0.227
0022200283,1610612756,Phoenix,Suns,1628969,Mikal,Bridges,9540.0,20440.0,13,3.0,0.27
0022200283,1610612756,Phoenix,Suns,1628969,Mikal,Bridges,24680.0,28800.0,2,-1.0,0.15
0022200283,1610612756,Phoenix,Suns,1629006,Josh,Okogie,7200.0,11450.0,7,-6.0,0.3
0022200283,1610612756,Phoenix,Suns,1629006,Josh,Okogie,20440.0,24680.0,0,3.0,0.0
0022200283,1610612756,Phoenix,Suns,1629028,Deandre,Ayton,0.0,5780.0,10,1.0,0.273
0022200283,1610612756,Phoenix,Suns,1629028,Deandre,Ayton,11450.0,19530.0,10,13.0,0.222
0022200283,1610612756,Phoenix,Suns,1629028,Deandre,Ayton,24680.0,28800.0,8,-1.0,0.2
0022200283,1610612756,Phoenix,Suns,1630613,Duane,Washington Jr.,5140.0,10450.0,3,-2.0,0.115
0022200283,1610612756,Phoenix,Suns,1630613,Duane,Washington Jr.,19530.0,24680.0,2,-1.0,0.2
0022200510,1610612756,Phoenix,Suns,101108,Chris,Paul,0.0,4440.0,0,2.0,0.111
0022200510,1610612756,Phoenix,Suns,101108,Chris,Paul,6724.0,11810.0,5,9.0,0.286
0022200510,1610612756,Phoenix,Suns,101108,Chris,Paul,14400.0,19020.0,9,-7.0,0.278
0022200510,1610612756,Phoenix,Suns,202687,Bismack,Biyombo,5540.0,9050.0,0,-7.0,0.083
0022200510,1610612756,Phoenix,Suns,202687,Bismack,Biyombo,21570.0,26500.0,4,6.0,0.077
0022200510,1610612756,Phoenix,Suns,203967,Dario,Saric,26900.0,28800.0,3,-4.0,0.111
0022200510,1610612756,Phoenix,Suns,1627814,Damion,Lee,4140.0,10700.0,5,6.0,0.231
0022200510,1610612756,Phoenix,Suns,1627814,Damion,Lee,17670.0,26900.0,7,10.0,0.114
0022200510,1610612756,Phoenix,Suns,1628470,Torrey,Craig,0.0,4140.0,2,-1.0,0.235
0022200510,1610612756,Phoenix,Suns,1628470,Torrey,Craig,9050.0,17670.0,8,13.0,0.083
0022200510,1610612756,Phoenix,Suns,1628969,Mikal,Bridges,0.0,5880.0,7,7.0,0.217
0022200510,1610612756,Phoenix,Suns,1628969,Mikal,Bridges,10700.0,19690.0,3,5.0,0.206
0022200510,1610612756,Phoenix,Suns,1629006,Josh,Okogie,5880.0,12050.0,4,5.0,0.13
0022200510,1610612756,Phoenix,Suns,1629006,Josh,Okogie,14320.0,14400.0,0,0.0,0.0
0022200510,1610612756,Phoenix,Suns,1629006,Josh,Okogie,19690.0,28800.0,8,7.0,0.239
0022200510,1610612756,Phoenix,Suns,1629028,Deandre,Ayton,0.0,5540.0,4,5.0,0.19
0022200510,1610612756,Phoenix,Suns,1629028,Deandre,Ayton,10700.0,21570.0,11,12.0,0.233
0022200510,1610612756,Phoenix,Suns,1629111,Jock,Landale,0.0,3390.0,5,-1.0,0.214
0022200510,1610612756,Phoenix,Suns,1629111,Jock,Landale,7770.0,10700.0,5,4.0,0.231
0022200510,1610612756,Phoenix,Suns,1629111,Jock,Landale,12050.0,17670.0,2,-1.0,0.043
0022200510,1610612756,Phoenix,Suns,1629111,Jock,Landale,26500.0,28800.0,4,-6.0,0.182
0022200510,1610612756,Phoenix,Suns,1630613,Duane,Washington Jr.,4440.0,6724.0,3,1.0,0.429
0022200510,1610612756,Phoenix,Suns,1630613,Duane,Washington Jr.,11810.0,14320.0,10,4.0,0.556
0022200510,1610612756,Phoenix,Suns,1630613,Duane,Washington Jr.,19020.0,28800.0,13,8.0,0.327
0022200510,1610612756,Phoenix,Suns,1630688,Ish,Wainright,3390.0,7770.0,2,2.0,0.133
0022200510,1610612756,Phoenix,Suns,1630688,Ish,Wainright,17670.0,28800.0,1,6.0,0.132
0022201105,1610612756,Phoenix,Suns,101108,Chris,Paul,0.0,5140.0,4,4.0,0.2
0022201105,1610612756,Phoenix,Suns,101108,Chris,Paul,7200.0,11790.0,2,6.0,0.118
0022201105,1610612756,Phoenix,Suns,101108,Chris,Paul,14400.0,18810.0,7,-21.0,0.353
0022201105,1610612756,Phoenix,Suns,101108,Chris,Paul,23750.0,28800.0,2,2.0,0.167
0022201105,1610612756,Phoenix,Suns,202687,Bismack,Biyombo,0.0,4490.0,6,-2.0,0.333
0022201105,1610612756,Phoenix,Suns,202687,Bismack,Biyombo,10470.0,13000.0,0,2.0,0.0
0022201105,1610612756,Phoenix,Suns,202687,Bismack,Biyombo,14400.0,17240.0,0,-7.0,0.182
0022201105,1610612756,Phoenix,Suns,202687,Bismack,Biyombo,19700.0,19930.0,0,1.0,0.0
0022201105,1610612756,Phoenix,Suns,203082,Terrence,Ross,7200.0,14400.0,12,5.0,0.207
0022201105,1610612756,Phoenix,Suns,203082,Terrence,Ross,19440.0,21544.0,3,1.0,0.333
0022201105,1610612756,Phoenix,Suns,203082,Terrence,Ross,21600.0,27640.0,15,4.0,0.381
0022201105,1610612756,Phoenix,Suns,203082,Terrence,Ross,28080.0,28800.0,0,-2.0,0.0
0022201105,1610612756,Phoenix,Suns,203933,T.J.,Warren,4490.0,11790.0,8,14.0,0.281
0022201105,1610612756,Phoenix,Suns,203933,T.J.,Warren,18110.0,24140.0,7,-8.0,0.154
0022201105,1610612756,Phoenix,Suns,203933,T.J.,Warren,24870.0,28800.0,0,1.0,0.067
0022201105,1610612756,Phoenix,Suns,1626164,Devin,Booker,0.0,7200.0,10,6.0,0.233
0022201105,1610612756,Phoenix,Suns,1626164,Devin,Booker,11790.0,19440.0,8,-21.0,0.281
0022201105,1610612756,Phoenix,Suns,1626164,Devin,Booker,23750.0,28800.0,14,2.0,0.389
0022201105,1610612756,Phoenix,Suns,1626166,Cameron,Payne,5140.0,7200.0,0,2.0,0.1
0022201105,1610612756,Phoenix,Suns,1626166,Cameron,Payne,11790.0,14400.0,0,-1.0,0.25
0022201105,1610612756,Phoenix,Suns,1626166,Cameron,Payne,18810.0,21305.0,0,2.0,0.154
0022201105,1610612756,Phoenix,Suns,1626166,Cameron,Payne,21600.0,23750.0,1,-2.0,0.333
0022201105,1610612756,Phoenix,Suns,1628470,Torrey,Craig,0.0,4490.0,2,-2.0,0.133
0022201105,1610612756,Phoenix,Suns,1628470,Torrey,Craig,11790.0,18110.0,0,-14.0,0.154
0022201105,1610612756,Phoenix,Suns,1628470,Torrey,Craig,21544.0,21600.0,0,0.0,0.0
0022201105,1610612756,Phoenix,Suns,1628470,Torrey,Craig,24140.0,28800.0,0,2.0,0.056
0022201105,1610612756,Phoenix,Suns,1629006,Josh,Okogie,0.0,3420.0,4,-2.0,0.25
0022201105,1610612756,Phoenix,Suns,1629006,Josh,Okogie,8630.0,11790.0,0,7.0,0.0
0022201105,1610612756,Phoenix,Suns,1629006,Josh,Okogie,14400.0,17240.0,0,-7.0,0.0
0022201105,1610612756,Phoenix,Suns,1629006,Josh,Okogie,21305.0,23750.0,0,-2.0,0.1
0022201105,1610612756,Phoenix,Suns,1629006,Josh,Okogie,27640.0,28080.0,0,-2.0,0.0
0022201105,1610612756,Phoenix,Suns,1629013,Landry,Shamet,3420.0,8630.0,0,7.0,0.083
0022201105,1610612756,Phoenix,Suns,1629013,Landry,Shamet,17240.0,21600.0,5,-12.0,0.158
0022201105,1610612756,Phoenix,Suns,1629111,Jock,Landale,4490.0,10470.0,12,12.0,0.259
0022201105,1610612756,Phoenix,Suns,1629111,Jock,Landale,13000.0,14400.0,2,-1.0,0.125
0022201105,1610612756,Phoenix,Suns,1629111,Jock,Landale,17240.0,19700.0,3,-14.0,0.273
0022201105,1610612756,Phoenix,Suns,1629111,Jock,Landale,19930.0,24870.0,0,0.0,0.0
0022200748,1610612756,Phoenix,Suns,101108,Chris,Paul,0.0,4980.0,6,8.0,0.158
0022200748,1610612756,Phoenix,Suns,101108,Chris,Paul,9520.0,21600.0,14,1.0,0.286
0022200748,1610612756,Phoenix,Suns,101108,Chris,Paul,25320.0,31800.0,11,5.0,0.304
0022200748,1610612756,Phoenix,Suns,202687,Bismack,Biyombo,4850.0,9520.0,8,4.0,0.227
0022200748,1610612756,Phoenix,Suns,202687,Bismack,Biyombo,19750.0,24690.0,0,4.0,0.0
0022200748,1610612756,Phoenix,Suns,203967,Dario,Saric,4850.0,11180.0,0,5.0,0.167
0022200748,1610612756,Phoenix,Suns,203967,Dario,Saric,18000.0,25500.0,2,-3.0,0.138
0022200748,1610612756,Phoenix,Suns,1627814,Damion,Lee,4180.0,11640.0,5,1.0,0.242
0022200748,1610612756,Phoenix,Suns,1627814,Damion,Lee,19140.0,24090.0,2,6.0,0.211
0022200748,1610612756,Phoenix,Suns,1628470,Torrey,Craig,0.0,4180.0,0,8.0,0.067
0022200748,1610612756,Phoenix,Suns,1628470,Torrey,Craig,11180.0,19140.0,3,-6.0,0.094
0022200748,1610612756,Phoenix,Suns,1628470,Torrey,Craig,25500.0,31800.0,5,2.0,0.136
0022200748,1610612756,Phoenix,Suns,1628969,Mikal,Bridges,0.0,6882.0,7,5.0,0.222
0022200748,1610612756,Phoenix,Suns,1628969,Mikal,Bridges,11640.0,21600.0,4,2.0,0.179
0022200748,1610612756,Phoenix,Suns,1628969,Mikal,Bridges,24090.0,31800.0,14,-1.0,0.241
0022200748,1610612756,Phoenix,Suns,1629006,Josh,Okogie,6882.0,11180.0,0,6.0,0.15
0022200748,1610612756,Phoenix,Suns,1629006,Josh,Okogie,21600.0,24090.0,2,0.0,0.3
0022200748,1610612756,Phoenix,Suns,1629006,Josh,Okogie,31536.0,31800.0,0,0.0,0.0
0022200748,1610612756,Phoenix,Suns,1629028,Deandre,Ayton,0.0,4850.0,6,6.0,0.294
0022200748,1610612756,Phoenix,Suns,1629028,Deandre,Ayton,9520.0,19750.0,15,-6.0,0.333
0022200748,1610612756,Phoenix,Suns,1629028,Deandre,Ayton,24690.0,31536.0,2,2.0,0.167
0022200748,1610612756,Phoenix,Suns,1629661,Cameron,Johnson,0.0,4850.0,5,6.0,0.235
0022200748,1610612756,Phoenix,Suns,1629661,Cameron,Johnson,11180.0,18000.0,7,0.0,0.172
0022200748,1610612756,Phoenix,Suns,1629661,Cameron,Johnson,24090.0,31800.0,3,-1.0,0.172
0022200748,1610612756,Phoenix,Suns,1630240,Saben,Lee,4980.0,9520.0,5,2.0,0.15
0022200748,1610612756,Phoenix,Suns,1630240,Saben,Lee,21600.0,25320.0,2,-6.0,0.063
0022200663,1610612756,Phoenix,Suns,202687,Bismack,Biyombo,21514.0,28800.0,8,-11.0,0.194
0022200663,1610612756,Phoenix,Suns,203967,Dario,Saric,0.0,4210.0,5,0.0,0.214
0022200663,1610612756,Phoenix,Suns,203967,Dario,Saric,7950.0,9460.0,0,-2.0,0.286
0022200663,1610612756,Phoenix,Suns,203967,Dario,Saric,14400.0,17750.0,5,-12.0,0.417
0022200663,1610612756,Phoenix,Suns,203967,Dario,Saric,23830.0,28800.0,2,-3.0,0.13
0022200663,1610612756,Phoenix,Suns,1627814,Damion,Lee,3880.0,9950.0,5,8.0,0.172
0022200663,1610612756,Phoenix,Suns,1627814,Damion,Lee,11970.0,14261.0,3,1.0,0.143
0022200663,1610612756,Phoenix,Suns,1627814,Damion,Lee,21600.0,28800.0,0,-11.0,0.233
0022200663,1610612756,Phoenix,Suns,1628470,Torrey,Craig,0.0,3880.0,2,-5.0,0.083
0022200663,1610612756,Phoenix,Suns,1628470,Torrey,Craig,9460.0,14261.0,2,-2.0,0.235
0022200663,1610612756,Phoenix,Suns,1628470,Torrey,Craig,14400.0,18560.0,0,-15.0,0.067
0022200663,1610612756,Phoenix,Suns,1628470,Torrey,Craig,21514.0,23830.0,0,-8.0,0.125
0022200663,1610612756,Phoenix,Suns,1628969,Mikal,Bridges,0.0,6320.0,9,8.0,0.261
0022200663,1610612756,Phoenix,Suns,1628969,Mikal,Bridges,9950.0,21600.0,12,-22.0,0.302
0022200663,1610612756,Phoenix,Suns,1629006,Josh,Okogie,6320.0,11970.0,9,-10.0,0.269
0022200663,1610612756,Phoenix,Suns,1629013,Landry,Shamet,0.0,3660.0,2,-2.0,0.182
0022200663,1610612756,Phoenix,Suns,1629013,Landry,Shamet,7950.0,11970.0,4,-5.0,0.278
0022200663,1610612756,Phoenix,Suns,1629013,Landry,Shamet,13560.0,17750.0,0,-9.0,0.133
0022200663,1610612756,Phoenix,Suns,1629013,Landry,Shamet,21600.0,25270.0,3,-12.0,0.214
0022200663,1610612756,Phoenix,Suns,1629028,Deandre,Ayton,0.0,6090.0,6,6.0,0.286
0022200663,1610612756,Phoenix,Suns,1629028,Deandre,Ayton,9460.0,21514.0,12,-20.0,0.174
0022200663,1610612756,Phoenix,Suns,1629111,Jock,Landale,4210.0,9460.0,5,1.0,0.125
0022200663,1610612756,Phoenix,Suns,1629111,Jock,Landale,18560.0,21514.0,0,-1.0,0.0
0022200663,1610612756,Phoenix,Suns,1630240,Saben,Lee,3660.0,7950.0,4,5.0,0.2
0022200663,1610612756,Phoenix,Suns,1630240,Saben,Lee,11970.0,13560.0,0,-4.0,0.2
0022200663,1610612756,Phoenix,Suns,1630240,Saben,Lee,14261.0,14400.0,0,-2.0,0.0
0022200663,1610612756,Phoenix,Suns,1630240,Saben,Lee,17750.0,28800.0,6,-15.0,0.152
0022200663,1610612756,Phoenix,Suns,1630688,Ish,Wainright,6090.0,7950.0,0,-3.0,0.0
0022200663,1610612756,Phoenix,Suns,1630688,Ish,Wainright,14261.0,14400.0,0,-2.0,0.0
0022200663,1610612756,Phoenix,Suns,1630688,Ish,Wainright,17750.0,21600.0,0,-4.0,0.063
0022200663,1610612756,Phoenix,Suns,1630688,Ish,Wainright,25270.0,28800.0,2,1.0,0.25
0022201064,1610612756,Phoenix,Suns,101108,Chris,Paul,0.0,4620.0,2,7.0,0.19
0022201064,1610612756,Phoenix,Suns,101108,Chris,Paul,9780.0,19260.0,9,-1.0,0.216
0022201064,1610612756,Phoenix,Suns,101108,Chris,Paul,22970.0,28800.0,3,-12.0,0.19
0022201064,1610612756,Phoenix,Suns,202687,Bismack,Biyombo,0.0,4140.0,5,5.0,0.222
0022201064,1610612756,Phoenix,Suns,202687,Bismack,Biyombo,11100.0,14136.0,2,1.0,0.273
0022201064,1610612756,Phoenix,Suns,202687,Bismack,Biyombo,14400.0,18510.0,0,-1.0,0.0
0022201064,1610612756,Phoenix,Suns,202687,Bismack,Biyombo,21596.0,21600.0,0,0.0,0.0
0022201064,1610612756,Phoenix,Suns,202687,Bismack,Biyombo,25350.0,26100.0,0,-3.0,0.0
0022201064,1610612756,Phoenix,Suns,203082,Terrence,Ross,6250.0,6994.0,0,-7.0,0.0
0022201064,1610612756,Phoenix,Suns,203082,Terrence,Ross,7200.0,11100.0,10,5.0,0.385
0022201064,1610612756,Phoenix,Suns,203082,Terrence,Ross,14136.0,14400.0,0,0.0,0.0
0022201064,1610612756,Phoenix,Suns,203082,Terrence,Ross,20190.0,21596.0,0,-2.0,0.167
0022201064,1610612756,Phoenix,Suns,203082,Terrence,Ross,21600.0,24680.0,2,-4.0,0.4
0022201064,1610612756,Phoenix,Suns,203082,Terrence,Ross,28591.0,28800.0,0,1.0,0.0
0022201064,1610612756,Phoenix,Suns,1626164,Devin,Booker,0.0,7200.0,12,6.0,0.242
0022201064,1610612756,Phoenix,Suns,1626164,Devin,Booker,11100.0,21600.0,21,-5.0,0.395
0022201064,1610612756,Phoenix,Suns,1626164,Devin,Booker,24680.0,28800.0,13,-6.0,0.529
0022201064,1610612756,Phoenix,Suns,1626166,Cameron,Payne,4620.0,6994.0,0,-1.0,0.182
0022201064,1610612756,Phoenix,Suns,1626166,Cameron,Payne,7200.0,9780.0,0,2.0,0.25
0022201064,1610612756,Phoenix,Suns,1626166,Cameron,Payne,19260.0,22970.0,2,1.0,0.118
0022201064,1610612756,Phoenix,Suns,1627814,Damion,Lee,8940.0,13590.0,6,7.0,0.167
0022201064,1610612756,Phoenix,Suns,1627814,Damion,Lee,14136.0,14400.0,0,0.0,1.0
0022201064,1610612756,Phoenix,Suns,1627814,Damion,Lee,21600.0,24680.0,0,-4.0,0.2
0022201064,1610612756,Phoenix,Suns,1628470,Torrey,Craig,0.0,3220.0,0,4.0,0.214
0022201064,1610612756,Phoenix,Suns,1628470,Torrey,Craig,6994.0,10000.0,0,4.0,0.0
0022201064,1610612756,Phoenix,Suns,1628470,Torrey,Craig,13590.0,14136.0,3,0.0,0.5
0022201064,1610612756,Phoenix,Suns,1628470,Torrey,Craig,14400.0,19260.0,0,-5.0,0.1
0022201064,1610612756,Phoenix,Suns,1628470,Torrey,Craig,21600.0,28591.0,4,-11.0,0.208
0022201064,1610612756,Phoenix,Suns,1629006,Josh,Okogie,0.0,5050.0,8,6.0,0.182
0022201064,1610612756,Phoenix,Suns,1629006,Josh,Okogie,6994.0,7200.0,0,0.0,0.0
0022201064,1610612756,Phoenix,Suns,1629006,Josh,Okogie,10000.0,14136.0,0,2.0,0.067
0022201064,1610612756,Phoenix,Suns,1629006,Josh,Okogie,14400.0,15740.0,0,0.0,0.0
0022201064,1610612756,Phoenix,Suns,1629006,Josh,Okogie,24680.0,26330.0,0,-11.0,0.0
0022201064,1610612756,Phoenix,Suns,1629013,Landry,Shamet,5050.0,8940.0,7,-1.0,0.235
0022201064,1610612756,Phoenix,Suns,1629013,Landry,Shamet,15740.0,21600.0,3,-6.0,0.107
0022201064,1610612756,Phoenix,Suns,1629013,Landry,Shamet,26330.0,28800.0,0,5.0,0.0
0022201064,1610612756,Phoenix,Suns,1629111,Jock,Landale,4140.0,6994.0,3,1.0,0.143
0022201064,1610612756,Phoenix,Suns,1629111,Jock,Landale,7200.0,8520.0,0,4.0,0.0
0022201064,1610612756,Phoenix,Suns,1629111,Jock,Landale,14136.0,14400.0,0,0.0,0.0
0022201064,1610612756,Phoenix,Suns,1629111,Jock,Landale,18510.0,22970.0,2,-3.0,0.182
0022201064,1610612756,Phoenix,Suns,1629647,Darius,Bazley,8520.0,11100.0,3,1.0,0.222
0022201064,1610612756,Phoenix,Suns,1629647,Darius,Bazley,22970.0,24680.0,0,-6.0,0.0
0022201064,1610612756,Phoenix,Suns,1630688,Ish,Wainright,3220.0,6250.0,0,9.0,0.214
0022201064,1610612756,Phoenix,Suns,1630688,Ish,Wainright,6994.0,7200.0,0,0.0,0.0
0022201064,1610612756,Phoenix,Suns,1630688,Ish,Wainright,19260.0,20190.0,0,1.0,0.0
0022201064,1610612756,Phoenix,Suns,1630688,Ish,Wainright,24680.0,25350.0,0,-8.0,0.0
0022201064,1610612756,Phoenix,Suns,1630688,Ish,Wainright,26100.0,28800.0,0,5.0,0.083
0022200130,1610612756,Phoenix,Suns,101108,Chris,Paul,0.0,5410.0,3,6.0,0.05
0022200130,1610612756,Phoenix,Suns,101108,Chris,Paul,9360.0,19090.0,2,-8.0,0.057
0022200130,1610612756,Phoenix,Suns,101108,Chris,Paul,23650.0,28790.0,2,6.0,0.167
0022200130,1610612756,Phoenix,Suns,202687,Bismack,Biyombo,8700.0,10640.0,2,-6.0,0.375
0022200130,1610612756,Phoenix,Suns,202687,Bismack,Biyombo,26740.0,27020.0,0,0.0,0.0
0022200130,1610612756,Phoenix,Suns,202687,Bismack,Biyombo,27040.0,27040.0,0,0.0,0.0
0022200130,1610612756,Phoenix,Suns,202687,Bismack,Biyombo,28790.0,28800.0,0,-2.0,0.0
0022200130,1610612756,Phoenix,Suns,203967,Dario,Saric,7200.0,10640.0,0,-8.0,0.235
0022200130,1610612756,Phoenix,Suns,203967,Dario,Saric,21600.0,23650.0,0,0.0,0.143
0022200130,1610612756,Phoenix,Suns,1626164,Devin,Booker,0.0,6320.0,7,6.0,0.273
0022200130,1610612756,Phoenix,Suns,1626164,Devin,Booker,6320.0,7200.0,4,-3.0,1.0
0022200130,1610612756,Phoenix,Suns,1626164,Devin,Booker,10640.0,23650.0,9,-1.0,0.313
0022200130,1610612756,Phoenix,Suns,1626164,Devin,Booker,25990.0,28800.0,5,1.0,0.333
0022200130,1610612756,Phoenix,Suns,1627814,Damion,Lee,6320.0,11240.0,2,-14.0,0.13
0022200130,1610612756,Phoenix,Suns,1627814,Damion,Lee,21168.0,28494.0,11,8.0,0.269
0022200130,1610612756,Phoenix,Suns,1628470,Torrey,Craig,3140.0,6320.0,5,-2.0,0.167
0022200130,1610612756,Phoenix,Suns,1628470,Torrey,Craig,11240.0,21600.0,3,2.0,0.154
0022200130,1610612756,Phoenix,Suns,1628470,Torrey,Craig,28494.0,28800.0,0,-4.0,0.0
0022200130,1610612756,Phoenix,Suns,1628969,Mikal,Bridges,0.0,6320.0,0,6.0,0.091
0022200130,1610612756,Phoenix,Suns,1628969,Mikal,Bridges,10060.0,21168.0,12,-1.0,0.19
0022200130,1610612756,Phoenix,Suns,1628969,Mikal,Bridges,21542.0,21600.0,0,-2.0,0.0
0022200130,1610612756,Phoenix,Suns,1628969,Mikal,Bridges,23650.0,28800.0,0,4.0,0.056
0022200130,1610612756,Phoenix,Suns,1629006,Josh,Okogie,6320.0,9360.0,0,-7.0,0.067
0022200130,1610612756,Phoenix,Suns,1629013,Landry,Shamet,5410.0,10060.0,0,-11.0,0.2
0022200130,1610612756,Phoenix,Suns,1629013,Landry,Shamet,19090.0,25990.0,6,6.0,0.214
0022200130,1610612756,Phoenix,Suns,1629028,Deandre,Ayton,0.0,5410.0,9,6.0,0.45
0022200130,1610612756,Phoenix,Suns,1629028,Deandre,Ayton,10640.0,19090.0,11,-4.0,0.241
0022200130,1610612756,Phoenix,Suns,1629028,Deandre,Ayton,24680.0,26740.0,2,3.0,0.286
0022200130,1610612756,Phoenix,Suns,1629028,Deandre,Ayton,27020.0,27040.0,0,0.0,0.0
0022200130,1610612756,Phoenix,Suns,1629028,Deandre,Ayton,27040.0,28800.0,2,-2.0,0.143
0022200130,1610612756,Phoenix,Suns,1629111,Jock,Landale,5410.0,8700.0,2,-5.0,0.143
0022200130,1610612756,Phoenix,Suns,1629111,Jock,Landale,19090.0,21542.0,5,5.0,0.167
0022200130,1610612756,Phoenix,Suns,1629111,Jock,Landale,21600.0,24680.0,2,3.0,0.182
0022200130,1610612756,Phoenix,Suns,1629661,Cameron,Johnson,0.0,3140.0,0,8.0,0.2
0022200870,1610612756,Phoenix,Suns,101108,Chris,Paul,0.0,5320.0,2,0.0,0.15
0022200870,1610612756,Phoenix,Suns,101108,Chris,Paul,9580.0,19840.0,10,7.0,0.308
0022200870,1610612756,Phoenix,Suns,101108,Chris,Paul,21600.0,28323.0,5,7.0,0.217
0022200870,1610612756,Phoenix,Suns,203933,T.J.,Warren,5320.0,7760.0,3,-3.0,0.222
0022200870,1610612756,Phoenix,Suns,203933,T.J.,Warren,19840.0,21600.0,2,0.0,0.125
0022200870,1610612756,Phoenix,Suns,1626164,Devin,Booker,0.0,4120.0,9,1.0,0.375
0022200870,1610612756,Phoenix,Suns,1626164,Devin,Booker,7105.0,11620.0,5,6.0,0.278
0022200870,1610612756,Phoenix,Suns,1626164,Devin,Booker,13818.0,18400.0,8,9.0,0.35
0022200870,1610612756,Phoenix,Suns,1626164,Devin,Booker,21329.0,21488.0,2,2.0,1.0
0022200870,1610612756,Phoenix,Suns,1626164,Devin,Booker,21555.0,24190.0,6,0.0,0.4
0022200870,1610612756,Phoenix,Suns,1626164,Devin,Booker,26790.0,28323.0,2,4.0,0.167
0022200870,1610612756,Phoenix,Suns,1627814,Damion,Lee,4120.0,9580.0,2,-4.0,0.136
0022200870,1610612756,Phoenix,Suns,1627814,Damion,Lee,11620.0,13818.0,3,-2.0,0.333
0022200870,1610612756,Phoenix,Suns,1627814,Damion,Lee,18400.0,21339.0,0,-3.0,0.154
0022200870,1610612756,Phoenix,Suns,1627814,Damion,Lee,24190.0,26790.0,0,1.0,0.111
0022200870,1610612756,Phoenix,Suns,1627814,Damion,Lee,28323.0,28800.0,0,0.0,0.0
0022200870,1610612756,Phoenix,Suns,1628470,Torrey,Craig,0.0,5320.0,0,0.0,0.1
0022200870,1610612756,Phoenix,Suns,1628470,Torrey,Craig,9580.0,19100.0,6,9.0,0.083
0022200870,1610612756,Phoenix,Suns,1628470,Torrey,Craig,21488.0,21600.0,0,-4.0,1.0
0022200870,1610612756,Phoenix,Suns,1628470,Torrey,Craig,25730.0,28800.0,0,2.0,0.25
0022200870,1610612756,Phoenix,Suns,1629006,Josh,Okogie,0.0,4120.0,0,1.0,0.063
0022200870,1610612756,Phoenix,Suns,1629006,Josh,Okogie,7760.0,19840.0,12,7.0,0.208
0022200870,1610612756,Phoenix,Suns,1629006,Josh,Okogie,21339.0,28800.0,7,3.0,0.154
0022200870,1610612756,Phoenix,Suns,1629028,Deandre,Ayton,0.0,5460.0,8,3.0,0.333
0022200870,1610612756,Phoenix,Suns,1629028,Deandre,Ayton,9000.0,20940.0,11,13.0,0.167
0022200870,1610612756,Phoenix,Suns,1629028,Deandre,Ayton,24190.0,28800.0,10,5.0,0.294
0022200870,1610612756,Phoenix,Suns,1629111,Jock,Landale,5460.0,9000.0,0,-8.0,0.077
0022200870,1610612756,Phoenix,Suns,1629111,Jock,Landale,20940.0,24190.0,0,-2.0,0.0
0022200870,1610612756,Phoenix,Suns,1630240,Saben,Lee,5320.0,7105.0,5,-2.0,0.429
0022200870,1610612756,Phoenix,Suns,1630240,Saben,Lee,19840.0,21339.0,2,4.0,0.143
0022200870,1610612756,Phoenix,Suns,1630240,Saben,Lee,28323.0,28800.0,0,0.0,0.0
0022200870,1610612756,Phoenix,Suns,1630688,Ish,Wainright,4120.0,9580.0,0,-4.0,0.0
0022200870,1610612756,Phoenix,Suns,1630688,Ish,Wainright,19100.0,21329.0,0,0.0,0.2
0022200870,1610612756,Phoenix,Suns,1630688,Ish,Wainright,21339.0,21555.0,0,-2.0,0.0
0022200870,1610612756,Phoenix,Suns,1630688,Ish,Wainright,21600.0,25730.0,0,5.0,0.077
0022200232,1610612756,Phoenix,Suns,203967,Dario,Saric,6070.0,10490.0,4,0.0,0.25
0022200232,1610612756,Phoenix,Suns,203967,Dario,Saric,20160.0,23280.0,0,-1.0,0.0
0022200232,1610612756,Phoenix,Suns,1626164,Devin,Booker,0.0,7200.0,14,-7.0,0.379
0022200232,1610612756,Phoenix,Suns,1626164,Devin,Booker,10490.0,23280.0,31,2.0,0.451
0022200232,1610612756,Phoenix,Suns,1626164,Devin,Booker,24020.0,28800.0,4,1.0,0.227
0022200232,1610612756,Phoenix,Suns,1626166,Cameron,Payne,0.0,4460.0,2,-13.0,0.111
0022200232,1610612756,Phoenix,Suns,1626166,Cameron,Payne,7200.0,10240.0,3,1.0,0.286
0022200232,1610612756,Phoenix,Suns,1626166,Cameron,Payne,11750.0,18890.0,4,9.0,0.103
0022200232,1610612756,Phoenix,Suns,1626166,Cameron,Payne,23280.0,28800.0,8,6.0,0.36
0022200232,1610612756,Phoenix,Suns,1627814,Damion,Lee,2020.0,10240.0,3,6.0,0.086
0022200232,1610612756,Phoenix,Suns,1627814,Damion,Lee,13925.0,14400.0,0,0.0,0.0
0022200232,1610612756,Phoenix,Suns,1627814,Damion,Lee,18890.0,26110.0,3,0.0,0.094
0022200232,1610612756,Phoenix,Suns,1627814,Damion,Lee,28421.0,28475.0,0,0.0,0.0
0022200232,1610612756,Phoenix,Suns,1627814,Damion,Lee,28752.0,28800.0,0,2.0,0.5
0022200232,1610612756,Phoenix,Suns,1628470,Torrey,Craig,0.0,2020.0,3,-12.0,0.5
0022200232,1610612756,Phoenix,Suns,1628470,Torrey,Craig,9000.0,20160.0,13,-1.0,0.119
0022200232,1610612756,Phoenix,Suns,1628470,Torrey,Craig,23280.0,24020.0,0,5.0,0.0
0022200232,1610612756,Phoenix,Suns,1628470,Torrey,Craig,26110.0,28421.0,0,0.0,0.182
0022200232,1610612756,Phoenix,Suns,1628470,Torrey,Craig,28475.0,28752.0,0,0.0,0.0
0022200232,1610612756,Phoenix,Suns,1628969,Mikal,Bridges,0.0,6070.0,6,-9.0,0.167
0022200232,1610612756,Phoenix,Suns,1628969,Mikal,Bridges,10240.0,13925.0,4,-2.0,0.267
0022200232,1610612756,Phoenix,Suns,1628969,Mikal,Bridges,14400.0,19990.0,3,5.0,0.25
0022200232,1610612756,Phoenix,Suns,1628969,Mikal,Bridges,23280.0,28800.0,0,6.0,0.08
0022200232,1610612756,Phoenix,Suns,1629006,Josh,Okogie,7200.0,9000.0,0,2.0,0.1
0022200232,1610612756,Phoenix,Suns,1629028,Deandre,Ayton,0.0,6070.0,2,-9.0,0.125
0022200232,1610612756,Phoenix,Suns,1629028,Deandre,Ayton,9600.0,19990.0,10,3.0,0.2
0022200232,1610612756,Phoenix,Suns,1629028,Deandre,Ayton,23280.0,28800.0,5,6.0,0.16
0022200232,1610612756,Phoenix,Suns,1629111,Jock,Landale,6070.0,9600.0,7,3.0,0.294
0022200232,1610612756,Phoenix,Suns,1629111,Jock,Landale,19990.0,23280.0,0,-4.0,0.0
0022200232,1610612756,Phoenix,Suns,1630613,Duane,Washington Jr.,4460.0,7200.0,0,6.0,0.091
0022200232,1610612756,Phoenix,Suns,1630613,Duane,Washington Jr.,10240.0,11750.0,0,-6.0,0.0
0022200232,1610612756,Phoenix,Suns,1630613,Duane,Washington Jr.,19990.0,23280.0,4,-4.0,0.214
0022200464,1610612756,Phoenix,Suns,101108,Chris,Paul,0.0,5670.0,0,0.0,0.174
0022200464,1610612756,Phoenix,Suns,101108,Chris,Paul,9250.0,20440.0,11,0.0,0.244
0022200464,1610612756,Phoenix,Suns,101108,Chris,Paul,24280.0,28800.0,1,-10.0,0.15
0022200464,1610612756,Phoenix,Suns,202687,Bismack,Biyombo,5670.0,10140.0,5,1.0,0.235
0022200464,1610612756,Phoenix,Suns,202687,Bismack,Biyombo,19550.0,24570.0,2,11.0,0.111
0022200464,1610612756,Phoenix,Suns,1627814,Damion,Lee,0.0,5670.0,2,0.0,0.087
0022200464,1610612756,Phoenix,Suns,1627814,Damion,Lee,10490.0,12720.0,0,-3.0,0.111
0022200464,1610612756,Phoenix,Suns,1627814,Damion,Lee,14400.0,16300.0,0,-7.0,0.0
0022200464,1610612756,Phoenix,Suns,1627814,Damion,Lee,19240.0,19900.0,0,3.0,0.0
0022200464,1610612756,Phoenix,Suns,1627814,Damion,Lee,28635.0,28762.0,0,2.0,0.0
0022200464,1610612756,Phoenix,Suns,1628470,Torrey,Craig,0.0,600.0,0,0.0,0.0
0022200464,1610612756,Phoenix,Suns,1628470,Torrey,Craig,1880.0,5670.0,4,6.0,0.133
0022200464,1610612756,Phoenix,Suns,1628470,Torrey,Craig,6140.0,10490.0,0,-4.0,0.059
0022200464,1610612756,Phoenix,Suns,1628470,Torrey,Craig,12720.0,17310.0,0,-13.0,0.111
0022200464,1610612756,Phoenix,Suns,1628470,Torrey,Craig,22240.0,23590.0,2,5.0,0.25
0022200464,1610612756,Phoenix,Suns,1628470,Torrey,Craig,25310.0,28635.0,0,-14.0,0.091
0022200464,1610612756,Phoenix,Suns,1628470,Torrey,Craig,28762.0,28800.0,0,1.0,0.0
0022200464,1610612756,Phoenix,Suns,1628969,Mikal,Bridges,0.0,6140.0,5,3.0,0.167
0022200464,1610612756,Phoenix,Suns,1628969,Mikal,Bridges,9250.0,19240.0,1,-5.0,0.189
0022200464,1610612756,Phoenix,Suns,1628969,Mikal,Bridges,19900.0,22240.0,2,7.0,0.222
0022200464,1610612756,Phoenix,Suns,1628969,Mikal,Bridges,23590.0,28800.0,2,-11.0,0.13
0022200464,1610612756,Phoenix,Suns,1629013,Landry,Shamet,5670.0,14400.0,14,-5.0,0.25
0022200464,1610612756,Phoenix,Suns,1629013,Landry,Shamet,16300.0,28800.0,17,9.0,0.306
0022200464,1610612756,Phoenix,Suns,1629028,Deandre,Ayton,0.0,5670.0,12,0.0,0.478
0022200464,1610612756,Phoenix,Suns,1629028,Deandre,Ayton,10140.0,19550.0,12,-6.0,0.314
0022200464,1610612756,Phoenix,Suns,1629028,Deandre,Ayton,24570.0,28762.0,6,-10.0,0.278
0022200464,1610612756,Phoenix,Suns,1630613,Duane,Washington Jr.,5670.0,9250.0,5,-2.0,0.429
0022200464,1610612756,Phoenix,Suns,1630613,Duane,Washington Jr.,20440.0,24280.0,5,9.0,0.143
0022200464,1610612756,Phoenix,Suns,1630688,Ish,Wainright,600.0,1880.0,0,-6.0,0.0
0022200464,1610612756,Phoenix,Suns,1630688,Ish,Wainright,5670.0,9250.0,0,-2.0,0.071
0022200464,1610612756,Phoenix,Suns,1630688,Ish,Wainright,17310.0,25310.0,2,25.0,0.133
0022200464,1610612756,Phoenix,Suns,1630688,Ish,Wainright,28762.0,28800.0,0,1.0,0.0
0022200899,1610612756,Phoenix,Suns,101108,Chris,Paul,0.0,4460.0,4,3.0,0.111
0022200899,1610612756,Phoenix,Suns,101108,Chris,Paul,7200.0,10770.0,5,7.0,0.133
0022200899,1610612756,Phoenix,Suns,101108,Chris,Paul,13120.0,19440.0,6,3.0,0.227
0022200899,1610612756,Phoenix,Suns,101108,Chris,Paul,23980.0,28800.0,1,-5.0,0.167
0022200899,1610612756,Phoenix,Suns,203082,Terrence,Ross,3890.0,10770.0,3,5.0,0.097
0022200899,1610612756,Phoenix,Suns,203082,Terrence,Ross,18610.0,25490.0,6,6.0,0.148
0022200899,1610612756,Phoenix,Suns,1626164,Devin,Booker,0.0,6390.0,9,-1.0,0.417
0022200899,1610612756,Phoenix,Suns,1626164,Devin,Booker,10190.0,21600.0,9,-2.0,0.262
0022200899,1610612756,Phoenix,Suns,1626164,Devin,Booker,25000.0,28800.0,7,-3.0,0.333
0022200899,1610612756,Phoenix,Suns,1626166,Cameron,Payne,4460.0,7200.0,6,-4.0,0.462
0022200899,1610612756,Phoenix,Suns,1626166,Cameron,Payne,10770.0,13120.0,0,-3.0,0.0
0022200899,1610612756,Phoenix,Suns,1626166,Cameron,Payne,19440.0,23980.0,8,8.0,0.421
0022200899,1610612756,Phoenix,Suns,1627814,Damion,Lee,5740.0,10190.0,2,5.0,0.13
0022200899,1610612756,Phoenix,Suns,1627814,Damion,Lee,19440.0,25000.0,7,6.0,0.227
0022200899,1610612756,Phoenix,Suns,1628470,Torrey,Craig,0.0,3890.0,2,1.0,0.133
0022200899,1610612756,Phoenix,Suns,1628470,Torrey,Craig,10770.0,18610.0,5,-2.0,0.103
0022200899,1610612756,Phoenix,Suns,1628470,Torrey,Craig,26510.0,28800.0,0,1.0,0.0
0022200899,1610612756,Phoenix,Suns,1629006,Josh,Okogie,0.0,5740.0,6,4.0,0.238
0022200899,1610612756,Phoenix,Suns,1629006,Josh,Okogie,9300.0,19440.0,9,4.0,0.184
0022200899,1610612756,Phoenix,Suns,1629006,Josh,Okogie,25490.0,28800.0,0,-1.0,0.286
0022200899,1610612756,Phoenix,Suns,1629028,Deandre,Ayton,0.0,5740.0,2,4.0,0.095
0022200899,1610612756,Phoenix,Suns,1629028,Deandre,Ayton,10190.0,19440.0,12,-3.0,0.294
0022200899,1610612756,Phoenix,Suns,1629028,Deandre,Ayton,25000.0,28524.0,0,-3.0,0.071
0022200899,1610612756,Phoenix,Suns,1629111,Jock,Landale,5740.0,10190.0,3,5.0,0.174
0022200899,1610612756,Phoenix,Suns,1629111,Jock,Landale,19440.0,25000.0,2,6.0,0.091
0022200899,1610612756,Phoenix,Suns,1630688,Ish,Wainright,6390.0,9300.0,2,3.0,0.167
0022200899,1610612756,Phoenix,Suns,1630688,Ish,Wainright,21600.0,26510.0,8,1.0,0.2
0022200899,1610612756,Phoenix,Suns,1630688,Ish,Wainright,28524.0,28800.0,0,0.0,0.0
0022201013,1610612756,Phoenix,Suns,101108,Chris,Paul,0.0,4970.0,2,5.0,0.158
0022201013,1610612756,Phoenix,Suns,101108,Chris,Paul,7200.0,11820.0,2,-5.0,0.167
0022201013,1610612756,Phoenix,Suns,101108,Chris,Paul,13100.0,19550.0,8,10.0,0.167
0022201013,1610612756,Phoenix,Suns,101108,Chris,Paul,21600.0,26610.0,4,1.0,0.238
0022201013,1610612756,Phoenix,Suns,101108,Chris,Paul,26610.0,28800.0,0,-8.0,0.182
0022201013,1610612756,Phoenix,Suns,202687,Bismack,Biyombo,21600.0,24890.0,2,-2.0,0.077
0022201013,1610612756,Phoenix,Suns,203082,Terrence,Ross,3070.0,6240.0,3,-9.0,0.083
0022201013,1610612756,Phoenix,Suns,203082,Terrence,Ross,7200.0,9260.0,4,-5.0,0.714
0022201013,1610612756,Phoenix,Suns,203082,Terrence,Ross,11820.0,13100.0,0,-4.0,0.2
0022201013,1610612756,Phoenix,Suns,203082,Terrence,Ross,18270.0,21497.0,8,0.0,0.308
0022201013,1610612756,Phoenix,Suns,203082,Terrence,Ross,21600.0,24340.0,3,1.0,0.25
0022201013,1610612756,Phoenix,Suns,203082,Terrence,Ross,26610.0,26610.0,0,0.0,0.0
0022201013,1610612756,Phoenix,Suns,203082,Terrence,Ross,26840.0,27980.0,0,-1.0,0.2
0022201013,1610612756,Phoenix,Suns,203933,T.J.,Warren,7200.0,9410.0,0,-2.0,0.0
0022201013,1610612756,Phoenix,Suns,1626164,Devin,Booker,0.0,7200.0,10,1.0,0.321
0022201013,1610612756,Phoenix,Suns,1626164,Devin,Booker,10160.0,21600.0,11,3.0,0.196
0022201013,1610612756,Phoenix,Suns,1626164,Devin,Booker,24340.0,28800.0,7,-9.0,0.3
0022201013,1610612756,Phoenix,Suns,1626166,Cameron,Payne,4970.0,7200.0,5,-4.0,0.3
0022201013,1610612756,Phoenix,Suns,1626166,Cameron,Payne,19550.0,21497.0,0,-3.0,0.125
0022201013,1610612756,Phoenix,Suns,1627814,Damion,Lee,9260.0,11590.0,2,-1.0,0.1
0022201013,1610612756,Phoenix,Suns,1628470,Torrey,Craig,0.0,4970.0,0,5.0,0.053
0022201013,1610612756,Phoenix,Suns,1628470,Torrey,Craig,9410.0,18270.0,2,0.0,0.118
0022201013,1610612756,Phoenix,Suns,1628470,Torrey,Craig,21497.0,21600.0,0,0.0,0.0
0022201013,1610612756,Phoenix,Suns,1628470,Torrey,Craig,24890.0,26840.0,1,3.0,0.25
0022201013,1610612756,Phoenix,Suns,1628470,Torrey,Craig,27980.0,28800.0,1,-8.0,0.2
0022201013,1610612756,Phoenix,Suns,1629006,Josh,Okogie,0.0,3070.0,3,11.0,0.167
0022201013,1610612756,Phoenix,Suns,1629006,Josh,Okogie,6240.0,10160.0,5,-6.0,0.143
0022201013,1610612756,Phoenix,Suns,1629006,Josh,Okogie,11590.0,18270.0,7,4.0,0.2
0022201013,1610612756,Phoenix,Suns,1629006,Josh,Okogie,21497.0,28800.0,0,-8.0,0.125
0022201013,1610612756,Phoenix,Suns,1629028,Deandre,Ayton,0.0,6010.0,5,3.0,0.217
0022201013,1610612756,Phoenix,Suns,1629028,Deandre,Ayton,9260.0,21600.0,14,3.0,0.224
0022201013,1610612756,Phoenix,Suns,1629028,Deandre,Ayton,24890.0,28800.0,3,-6.0,0.111
0022201013,1610612756,Phoenix,Suns,1629111,Jock,Landale,6010.0,9260.0,4,-7.0,0.25
0022201013,1610612756,Phoenix,Suns,1630688,Ish,Wainright,4970.0,7200.0,0,-4.0,0.2
0022201013,1610612756,Phoenix,Suns,1630688,Ish,Wainright,18270.0,24890.0,3,-2.0,0.222
0022200289,1610612756,Phoenix,Suns,202687,Bismack,Biyombo,5940.0,9440.0,0,-1.0,0.0
0022200289,1610612756,Phoenix,Suns,202687,Bismack,Biyombo,20020.0,21600.0,0,-1.0,0.286
0022200289,1610612756,Phoenix,Suns,1626164,Devin,Booker,0.0,7200.0,6,-10.0,0.393
0022200289,1610612756,Phoenix,Suns,1626164,Devin,Booker,10490.0,14136.0,2,2.0,0.308
0022200289,1610612756,Phoenix,Suns,1626164,Devin,Booker,14400.0,24840.0,17,7.0,0.341
0022200289,1610612756,Phoenix,Suns,1626164,Devin,Booker,26480.0,28800.0,2,-3.0,0.333
0022200289,1610612756,Phoenix,Suns,1626166,Cameron,Payne,0.0,4750.0,3,-3.0,0.25
0022200289,1610612756,Phoenix,Suns,1626166,Cameron,Payne,7200.0,10490.0,2,7.0,0.182
0022200289,1610612756,Phoenix,Suns,1626166,Cameron,Payne,11410.0,17450.0,3,-2.0,0.167
0022200289,1610612756,Phoenix,Suns,1626166,Cameron,Payne,24840.0,28800.0,3,-3.0,0.222
0022200289,1610612756,Phoenix,Suns,1627814,Damion,Lee,5940.0,10490.0,5,3.0,0.267
0022200289,1610612756,Phoenix,Suns,1627814,Damion,Lee,20020.0,26480.0,3,6.0,0.043
0022200289,1610612756,Phoenix,Suns,1628470,Torrey,Craig,0.0,4750.0,2,-3.0,0.1
0022200289,1610612756,Phoenix,Suns,1628470,Torrey,Craig,7200.0,10800.0,4,7.0,0.333
0022200289,1610612756,Phoenix,Suns,1628470,Torrey,Craig,14136.0,18490.0,2,1.0,0.136
0022200289,1610612756,Phoenix,Suns,1628470,Torrey,Craig,25390.0,28800.0,2,-3.0,0.067
0022200289,1610612756,Phoenix,Suns,1628969,Mikal,Bridges,0.0,5940.0,6,-6.0,0.12
0022200289,1610612756,Phoenix,Suns,1628969,Mikal,Bridges,7200.0,11410.0,4,9.0,0.154
0022200289,1610612756,Phoenix,Suns,1628969,Mikal,Bridges,12840.0,20020.0,0,-4.0,0.063
0022200289,1610612756,Phoenix,Suns,1628969,Mikal,Bridges,21600.0,28800.0,6,4.0,0.143
0022200289,1610612756,Phoenix,Suns,1629013,Landry,Shamet,4750.0,7200.0,0,-7.0,0.0
0022200289,1610612756,Phoenix,Suns,1629013,Landry,Shamet,10490.0,12840.0,0,5.0,0.0
0022200289,1610612756,Phoenix,Suns,1629013,Landry,Shamet,17450.0,21600.0,2,0.0,0.15
0022200289,1610612756,Phoenix,Suns,1629028,Deandre,Ayton,0.0,5940.0,5,-6.0,0.16
0022200289,1610612756,Phoenix,Suns,1629028,Deandre,Ayton,9440.0,20020.0,15,5.0,0.326
0022200289,1610612756,Phoenix,Suns,1629028,Deandre,Ayton,24840.0,28800.0,9,-3.0,0.389
0022200289,1610612756,Phoenix,Suns,1629111,Jock,Landale,21600.0,24840.0,4,7.0,0.182
0022200289,1610612756,Phoenix,Suns,1630613,Duane,Washington Jr.,4750.0,7200.0,0,-7.0,0.25
0022200289,1610612756,Phoenix,Suns,1630688,Ish,Wainright,10800.0,14400.0,3,0.0,0.083
0022200289,1610612756,Phoenix,Suns,1630688,Ish,Wainright,18490.0,25390.0,3,4.0,0.074
0022201172,1610612756,Phoenix,Suns,101108,Chris,Paul,0.0,4520.0,0,-1.0,0.125
0022201172,1610612756,Phoenix,Suns,101108,Chris,Paul,7200.0,10900.0,6,9.0,0.25
0022201172,1610612756,Phoenix,Suns,101108,Chris,Paul,13050.0,16950.0,2,-4.0,0.176
0022201172,1610612756,Phoenix,Suns,101108,Chris,Paul,21600.0,28800.0,8,1.0,0.25
0022201172,1610612756,Phoenix,Suns,201142,Kevin,Durant,0.0,4520.0,4,-1.0,0.188
0022201172,1610612756,Phoenix,Suns,201142,Kevin,Durant,7200.0,11580.0,9,9.0,0.5
0022201172,1610612756,Phoenix,Suns,201142,Kevin,Durant,14238.0,19020.0,9,-4.0,0.368
0022201172,1610612756,Phoenix,Suns,201142,Kevin,Durant,21600.0,28800.0,13,1.0,0.333
0022201172,1610612756,Phoenix,Suns,202687,Bismack,Biyombo,5170.0,10900.0,3,10.0,0.05
0022201172,1610612756,Phoenix,Suns,202687,Bismack,Biyombo,19740.0,23130.0,0,-1.0,0.0
0022201172,1610612756,Phoenix,Suns,203082,Terrence,Ross,7200.0,10590.0,0,9.0,0.0
0022201172,1610612756,Phoenix,Suns,203082,Terrence,Ross,14238.0,14400.0,0,0.0,0.0
0022201172,1610612756,Phoenix,Suns,203082,Terrence,Ross,21600.0,24840.0,0,-4.0,0.182
0022201172,1610612756,Phoenix,Suns,203933,T.J.,Warren,5170.0,7200.0,3,1.0,0.25
0022201172,1610612756,Phoenix,Suns,203933,T.J.,Warren,11580.0,13640.0,3,3.0,0.125
0022201172,1610612756,Phoenix,Suns,203933,T.J.,Warren,19020.0,21600.0,0,-1.0,0.182
0022201172,1610612756,Phoenix,Suns,1626164,Devin,Booker,0.0,7200.0,6,0.0,0.192
0022201172,1610612756,Phoenix,Suns,1626164,Devin,Booker,10590.0,21600.0,16,0.0,0.326
0022201172,1610612756,Phoenix,Suns,1626164,Devin,Booker,24840.0,28800.0,0,5.0,0.077
0022201172,1610612756,Phoenix,Suns,1626166,Cameron,Payne,4520.0,7200.0,5,1.0,0.3
0022201172,1610612756,Phoenix,Suns,1626166,Cameron,Payne,10900.0,13050.0,0,3.0,0.125
0022201172,1610612756,Phoenix,Suns,1626166,Cameron,Payne,16950.0,17410.0,0,1.0,0.5
0022201172,1610612756,Phoenix,Suns,1628470,Torrey,Craig,4520.0,9950.0,8,7.0,0.263
0022201172,1610612756,Phoenix,Suns,1628470,Torrey,Craig,13640.0,14238.0,0,2.0,0.0
0022201172,1610612756,Phoenix,Suns,1628470,Torrey,Craig,18390.0,19740.0,0,-3.0,0.0
0022201172,1610612756,Phoenix,Suns,1629006,Josh,Okogie,0.0,5170.0,2,-1.0,0.167
0022201172,1610612756,Phoenix,Suns,1629006,Josh,Okogie,9950.0,14238.0,0,8.0,0.0
0022201172,1610612756,Phoenix,Suns,1629006,Josh,Okogie,14400.0,18390.0,2,-4.0,0.063
0022201172,1610612756,Phoenix,Suns,1629006,Josh,Okogie,26080.0,28499.0,0,-1.0,0.125
0022201172,1610612756,Phoenix,Suns,1629013,Landry,Shamet,17410.0,21600.0,4,0.0,0.176
0022201172,1610612756,Phoenix,Suns,1629013,Landry,Shamet,23130.0,26080.0,0,2.0,0.2
0022201172,1610612756,Phoenix,Suns,1629013,Landry,Shamet,28499.0,28800.0,3,3.0,1.0
0022201172,1610612756,Phoenix,Suns,1629028,Deandre,Ayton,0.0,5170.0,4,-1.0,0.278
0022201172,1610612756,Phoenix,Suns,1629028,Deandre,Ayton,10900.0,19740.0,9,-2.0,0.2
0022201172,1610612756,Phoenix,Suns,1629028,Deandre,Ayton,24410.0,28800.0,6,4.0,0.214
0022201172,1610612756,Phoenix,Suns,1630688,Ish,Wainright,19740.0,24410.0,3,-1.0,0.059
0022200307,1610612756,Phoenix,Suns,202687,Bismack,Biyombo,6240.0,9750.0,4,0.0,0.2
0022200307,1610612756,Phoenix,Suns,202687,Bismack,Biyombo,19790.0,21600.0,0,0.0,0.222
0022200307,1610612756,Phoenix,Suns,1626164,Devin,Booker,0.0,7200.0,10,5.0,0.31
0022200307,1610612756,Phoenix,Suns,1626164,Devin,Booker,10500.0,23540.0,28,5.0,0.446
0022200307,1610612756,Phoenix,Suns,1626164,Devin,Booker,24650.0,28800.0,6,4.0,0.267
0022200307,1610612756,Phoenix,Suns,1626166,Cameron,Payne,0.0,4970.0,5,-2.0,0.238
0022200307,1610612756,Phoenix,Suns,1626166,Cameron,Payne,9420.0,12820.0,0,0.0,0.333
0022200307,1610612756,Phoenix,Suns,1626166,Cameron,Payne,14400.0,18620.0,0,2.0,0.063
0022200307,1610612756,Phoenix,Suns,1626166,Cameron,Payne,23540.0,25060.0,0,-10.0,0.167
0022200307,1610612756,Phoenix,Suns,1627814,Damion,Lee,4970.0,10500.0,2,4.0,0.087
0022200307,1610612756,Phoenix,Suns,1627814,Damion,Lee,12820.0,14400.0,0,-1.0,0.111
0022200307,1610612756,Phoenix,Suns,1627814,Damion,Lee,20390.0,24650.0,5,-2.0,0.278
0022200307,1610612756,Phoenix,Suns,1627814,Damion,Lee,25060.0,28800.0,8,8.0,0.385
0022200307,1610612756,Phoenix,Suns,1628470,Torrey,Craig,0.0,4970.0,4,-2.0,0.19
0022200307,1610612756,Phoenix,Suns,1628470,Torrey,Craig,9300.0,18620.0,7,1.0,0.122
0022200307,1610612756,Phoenix,Suns,1628470,Torrey,Craig,24170.0,28800.0,0,0.0,0.059
0022200307,1610612756,Phoenix,Suns,1628969,Mikal,Bridges,0.0,4580.0,0,-2.0,0.211
0022200307,1610612756,Phoenix,Suns,1628969,Mikal,Bridges,7200.0,17960.0,8,0.0,0.152
0022200307,1610612756,Phoenix,Suns,1628969,Mikal,Bridges,19850.0,28800.0,5,-1.0,0.143
0022200307,1610612756,Phoenix,Suns,1629013,Landry,Shamet,4580.0,9300.0,3,2.0,0.222
0022200307,1610612756,Phoenix,Suns,1629013,Landry,Shamet,17960.0,24170.0,3,0.0,0.077
0022200307,1610612756,Phoenix,Suns,1629028,Deandre,Ayton,0.0,6240.0,4,0.0,0.08
0022200307,1610612756,Phoenix,Suns,1629028,Deandre,Ayton,9750.0,19790.0,11,7.0,0.182
0022200307,1610612756,Phoenix,Suns,1629028,Deandre,Ayton,24170.0,28732.0,2,0.0,0.118
0022200307,1610612756,Phoenix,Suns,1629111,Jock,Landale,21600.0,24170.0,2,-2.0,0.111
0022200307,1610612756,Phoenix,Suns,1630613,Duane,Washington Jr.,4970.0,9420.0,5,2.0,0.222
0022200307,1610612756,Phoenix,Suns,1630613,Duane,Washington Jr.,18620.0,19850.0,0,5.0,0.0
0022200307,1610612756,Phoenix,Suns,1630688,Ish,Wainright,18620.0,20390.0,0,2.0,0.0
0022200307,1610612756,Phoenix,Suns,1630688,Ish,Wainright,28732.0,28800.0,0,0.0,0.0
0022201188,1610612756,Phoenix,Suns,101108,Chris,Paul,0.0,4780.0,9,13.0,0.15
0022201188,1610612756,Phoenix,Suns,101108,Chris,Paul,7200.0,11230.0,9,13.0,0.375
0022201188,1610612756,Phoenix,Suns,101108,Chris,Paul,14400.0,19680.0,0,0.0,0.05
0022201188,1610612756,Phoenix,Suns,101108,Chris,Paul,21600.0,27040.0,4,-2.0,0.261
0022201188,1610612756,Phoenix,Suns,201142,Kevin,Durant,0.0,4780.0,8,13.0,0.3
0022201188,1610612756,Phoenix,Suns,201142,Kevin,Durant,7200.0,11860.0,2,12.0,0.222
0022201188,1610612756,Phoenix,Suns,201142,Kevin,Durant,14400.0,19680.0,5,0.0,0.25
0022201188,1610612756,Phoenix,Suns,201142,Kevin,Durant,21600.0,27040.0,3,-2.0,0.217
0022201188,1610612756,Phoenix,Suns,202687,Bismack,Biyombo,5480.0,10550.0,8,15.0,0.227
0022201188,1610612756,Phoenix,Suns,202687,Bismack,Biyombo,20130.0,24900.0,2,2.0,0.091
0022201188,1610612756,Phoenix,Suns,203082,Terrence,Ross,7200.0,10990.0,0,14.0,0.125
0022201188,1610612756,Phoenix,Suns,203082,Terrence,Ross,21600.0,25120.0,0,0.0,0.067
0022201188,1610612756,Phoenix,Suns,203933,T.J.,Warren,4780.0,7200.0,0,4.0,0.0
0022201188,1610612756,Phoenix,Suns,203933,T.J.,Warren,11860.0,14400.0,0,-11.0,0.083
0022201188,1610612756,Phoenix,Suns,203933,T.J.,Warren,27040.0,28800.0,0,2.0,0.0
0022201188,1610612756,Phoenix,Suns,1626164,Devin,Booker,0.0,7200.0,14,17.0,0.387
0022201188,1610612756,Phoenix,Suns,1626164,Devin,Booker,10990.0,21600.0,13,-10.0,0.279
0022201188,1610612756,Phoenix,Suns,1626164,Devin,Booker,25120.0,27040.0,0,-2.0,0.375
0022201188,1610612756,Phoenix,Suns,1627814,Damion,Lee,27040.0,28800.0,3,2.0,0.429
0022201188,1610612756,Phoenix,Suns,1628470,Torrey,Craig,4780.0,10990.0,5,18.0,0.071
0022201188,1610612756,Phoenix,Suns,1628470,Torrey,Craig,17580.0,26270.0,10,10.0,0.25
0022201188,1610612756,Phoenix,Suns,1629006,Josh,Okogie,0.0,4780.0,0,13.0,0.0
0022201188,1610612756,Phoenix,Suns,1629006,Josh,Okogie,10990.0,17580.0,1,-22.0,0.107
0022201188,1610612756,Phoenix,Suns,1629006,Josh,Okogie,26270.0,27040.0,0,0.0,0.0
0022201188,1610612756,Phoenix,Suns,1629013,Landry,Shamet,4780.0,7200.0,0,4.0,0.167
0022201188,1610612756,Phoenix,Suns,1629013,Landry,Shamet,11230.0,14400.0,0,-12.0,0.214
0022201188,1610612756,Phoenix,Suns,1629013,Landry,Shamet,19680.0,21600.0,0,3.0,0.0
0022201188,1610612756,Phoenix,Suns,1629028,Deandre,Ayton,0.0,5480.0,6,14.0,0.182
0022201188,1610612756,Phoenix,Suns,1629028,Deandre,Ayton,10550.0,20130.0,13,-11.0,0.282
0022201188,1610612756,Phoenix,Suns,1629028,Deandre,Ayton,24900.0,27040.0,0,-1.0,0.0
0022201188,1610612756,Phoenix,Suns,1629111,Jock,Landale,27040.0,28800.0,0,2.0,0.0
0022201188,1610612756,Phoenix,Suns,1630240,Saben,Lee,27040.0,28800.0,0,2.0,0.143
0022201188,1610612756,Phoenix,Suns,1630688,Ish,Wainright,19680.0,21600.0,0,3.0,0.125
0022201188,1610612756,Phoenix,Suns,1630688,Ish,Wainright,27040.0,28800.0,0,2.0,0.143
0022200703,1610612756,Phoenix,Suns,101108,Chris,Paul,0.0,5380.0,12,12.0,0.348
0022200703,1610612756,Phoenix,Suns,101108,Chris,Paul,6835.0,7200.0,3,1.0,0.5
0022200703,1610612756,Phoenix,Suns,101108,Chris,Paul,10160.0,19960.0,2,6.0,0.176
0022200703,1610612756,Phoenix,Suns,101108,Chris,Paul,21325.0,28672.0,5,-14.0,0.321
0022200703,1610612756,Phoenix,Suns,101108,Chris,Paul,28724.0,28800.0,0,0.0,0.0
0022200703,1610612756,Phoenix,Suns,202687,Bismack,Biyombo,0.0,5200.0,2,10.0,0.143
0022200703,1610612756,Phoenix,Suns,202687,Bismack,Biyombo,10820.0,14790.0,2,6.0,0.2
0022200703,1610612756,Phoenix,Suns,202687,Bismack,Biyombo,27070.0,27390.0,0,-3.0,0.0
0022200703,1610612756,Phoenix,Suns,203967,Dario,Saric,3750.0,10820.0,7,15.0,0.188
0022200703,1610612756,Phoenix,Suns,203967,Dario,Saric,17550.0,21600.0,5,-11.0,0.176
0022200703,1610612756,Phoenix,Suns,203967,Dario,Saric,27390.0,28672.0,2,-2.0,0.25
0022200703,1610612756,Phoenix,Suns,203967,Dario,Saric,28724.0,28800.0,0,0.0,0.0
0022200703,1610612756,Phoenix,Suns,1627814,Damion,Lee,5820.0,10160.0,2,6.0,0.182
0022200703,1610612756,Phoenix,Suns,1627814,Damion,Lee,19290.0,23020.0,0,-7.0,0.059
0022200703,1610612756,Phoenix,Suns,1627814,Damion,Lee,28724.0,28800.0,0,0.0,0.0
0022200703,1610612756,Phoenix,Suns,1628470,Torrey,Craig,0.0,5200.0,3,10.0,0.095
0022200703,1610612756,Phoenix,Suns,1628470,Torrey,Craig,10820.0,19290.0,17,5.0,0.267
0022200703,1610612756,Phoenix,Suns,1628470,Torrey,Craig,23020.0,28724.0,0,-15.0,0.053
0022200703,1610612756,Phoenix,Suns,1628969,Mikal,Bridges,0.0,5820.0,6,12.0,0.24
0022200703,1610612756,Phoenix,Suns,1628969,Mikal,Bridges,10160.0,28800.0,18,-16.0,0.243
0022200703,1610612756,Phoenix,Suns,1629006,Josh,Okogie,5200.0,9120.0,0,6.0,0.238
0022200703,1610612756,Phoenix,Suns,1629006,Josh,Okogie,17550.0,21600.0,4,-11.0,0.294
0022200703,1610612756,Phoenix,Suns,1629006,Josh,Okogie,28672.0,28724.0,0,-2.0,0.0
0022200703,1610612756,Phoenix,Suns,1629111,Jock,Landale,5200.0,10820.0,8,9.0,0.185
0022200703,1610612756,Phoenix,Suns,1629111,Jock,Landale,14790.0,17550.0,0,1.0,0.0
0022200703,1610612756,Phoenix,Suns,1629111,Jock,Landale,21600.0,27070.0,4,-6.0,0.25
0022200703,1610612756,Phoenix,Suns,1629661,Cameron,Johnson,0.0,3750.0,0,4.0,0.188
0022200703,1610612756,Phoenix,Suns,1629661,Cameron,Johnson,10820.0,17550.0,3,7.0,0.125
0022200703,1610612756,Phoenix,Suns,1629661,Cameron,Johnson,21600.0,28800.0,5,-13.0,0.148
0022200703,1610612756,Phoenix,Suns,1630240,Saben,Lee,5380.0,6835.0,0,1.0,0.0
0022200703,1610612756,Phoenix,Suns,1630240,Saben,Lee,7200.0,10160.0,2,4.0,0.2
0022200703,1610612756,Phoenix,Suns,1630240,Saben,Lee,19960.0,21325.0,0,-6.0,0.0
0022200703,1610612756,Phoenix,Suns,1630688,Ish,Wainright,9120.0,10820.0,0,3.0,0.0
0022200703,1610612756,Phoenix,Suns,1630688,Ish,Wainright,28672.0,28724.0,0,-2.0,0.0
0022200345,1610612756,Phoenix,Suns,202687,Bismack,Biyombo,25040.0,28800.0,2,6.0,0.267
0022200345,1610612756,Phoenix,Suns,203967,Dario,Saric,0.0,3840.0,3,0.0,0.067
0022200345,1610612756,Phoenix,Suns,203967,Dario,Saric,14400.0,18300.0,6,8.0,0.2
0022200345,1610612756,Phoenix,Suns,203967,Dario,Saric,23660.0,28800.0,8,8.0,0.25
0022200345,1610612756,Phoenix,Suns,1626164,Devin,Booker,0.0,7200.0,11,5.0,0.345
0022200345,1610612756,Phoenix,Suns,1626164,Devin,Booker,10790.0,20270.0,9,21.0,0.278
0022200345,1610612756,Phoenix,Suns,1626166,Cameron,Payne,0.0,4870.0,2,1.0,0.105
0022200345,1610612756,Phoenix,Suns,1626166,Cameron,Payne,9340.0,19400.0,3,20.0,0.175
0022200345,1610612756,Phoenix,Suns,1627814,Damion,Lee,5580.0,10790.0,0,6.0,0.087
0022200345,1610612756,Phoenix,Suns,1627814,Damion,Lee,19740.0,28800.0,5,2.0,0.083
0022200345,1610612756,Phoenix,Suns,1628969,Mikal,Bridges,0.0,5580.0,5,5.0,0.182
0022200345,1610612756,Phoenix,Suns,1628969,Mikal,Bridges,10000.0,19740.0,15,25.0,0.179
0022200345,1610612756,Phoenix,Suns,1629006,Josh,Okogie,7200.0,14400.0,2,25.0,0.097
0022200345,1610612756,Phoenix,Suns,1629006,Josh,Okogie,20270.0,28800.0,7,6.0,0.324
0022200345,1610612756,Phoenix,Suns,1629013,Landry,Shamet,4870.0,9340.0,7,12.0,0.263
0022200345,1610612756,Phoenix,Suns,1629013,Landry,Shamet,19400.0,23140.0,3,-3.0,0.4
0022200345,1610612756,Phoenix,Suns,1629028,Deandre,Ayton,0.0,5300.0,6,7.0,0.286
0022200345,1610612756,Phoenix,Suns,1629028,Deandre,Ayton,9340.0,19210.0,19,23.0,0.3
0022200345,1610612756,Phoenix,Suns,1629111,Jock,Landale,5300.0,9340.0,9,6.0,0.353
0022200345,1610612756,Phoenix,Suns,1629111,Jock,Landale,19210.0,23660.0,3,-6.0,0.118
0022200345,1610612756,Phoenix,Suns,1630613,Duane,Washington Jr.,23140.0,25040.0,0,2.0,0.125
0022200345,1610612756,Phoenix,Suns,1630688,Ish,Wainright,3840.0,10000.0,0,11.0,0.0
0022200345,1610612756,Phoenix,Suns,1630688,Ish,Wainright,18300.0,28800.0,8,0.0,0.075
0022200990,1610612756,Phoenix,Suns,101108,Chris,Paul,0.0,5420.0,6,13.0,0.2
0022200990,1610612756,Phoenix,Suns,101108,Chris,Paul,10540.0,19570.0,12,14.0,0.147
0022200990,1610612756,Phoenix,Suns,202687,Bismack,Biyombo,25060.0,28800.0,0,-4.0,0.0
0022200990,1610612756,Phoenix,Suns,203082,Terrence,Ross,3880.0,10540.0,5,-8.0,0.172
0022200990,1610612756,Phoenix,Suns,203082,Terrence,Ross,15650.0,23020.0,19,17.0,0.273
0022200990,1610612756,Phoenix,Suns,203933,T.J.,Warren,24340.0,28800.0,0,-2.0,0.0
0022200990,1610612756,Phoenix,Suns,1626164,Devin,Booker,0.0,6624.0,17,10.0,0.4
0022200990,1610612756,Phoenix,Suns,1626164,Devin,Booker,10540.0,15650.0,18,8.0,0.611
0022200990,1610612756,Phoenix,Suns,1626164,Devin,Booker,19570.0,24340.0,9,15.0,0.273
0022200990,1610612756,Phoenix,Suns,1626166,Cameron,Payne,5420.0,10540.0,2,-9.0,0.227
0022200990,1610612756,Phoenix,Suns,1626166,Cameron,Payne,19570.0,25060.0,6,17.0,0.348
0022200990,1610612756,Phoenix,Suns,1627814,Damion,Lee,6624.0,10540.0,5,-6.0,0.176
0022200990,1610612756,Phoenix,Suns,1627814,Damion,Lee,23020.0,28800.0,4,2.0,0.208
0022200990,1610612756,Phoenix,Suns,1628470,Torrey,Craig,0.0,3880.0,0,12.0,0.083
0022200990,1610612756,Phoenix,Suns,1628470,Torrey,Craig,10540.0,19570.0,3,14.0,0.088
0022200990,1610612756,Phoenix,Suns,1629006,Josh,Okogie,0.0,3880.0,2,12.0,0.167
0022200990,1610612756,Phoenix,Suns,1629006,Josh,Okogie,10900.0,19570.0,3,14.0,0.156
0022200990,1610612756,Phoenix,Suns,1629028,Deandre,Ayton,0.0,5420.0,4,13.0,0.2
0022200990,1610612756,Phoenix,Suns,1629028,Deandre,Ayton,10540.0,14390.0,0,6.0,0.0
0022200990,1610612756,Phoenix,Suns,1629028,Deandre,Ayton,14400.0,19570.0,8,10.0,0.286
0022200990,1610612756,Phoenix,Suns,1629111,Jock,Landale,5420.0,10540.0,2,-9.0,0.182
0022200990,1610612756,Phoenix,Suns,1629111,Jock,Landale,19570.0,25060.0,2,17.0,0.087
0022200990,1610612756,Phoenix,Suns,1629647,Darius,Bazley,7970.0,10900.0,0,-11.0,0.077
0022200990,1610612756,Phoenix,Suns,1629647,Darius,Bazley,25630.0,28800.0,3,-2.0,0.333
0022200990,1610612756,Phoenix,Suns,1630240,Saben,Lee,25060.0,28800.0,2,-4.0,0.278
0022200990,1610612756,Phoenix,Suns,1630688,Ish,Wainright,3880.0,7970.0,0,3.0,0.056
0022200990,1610612756,Phoenix,Suns,1630688,Ish,Wainright,14390.0,14400.0,0,-2.0,0.0
0022200990,1610612756,Phoenix,Suns,1630688,Ish,Wainright,19570.0,25630.0,0,15.0,0.115
0022200794,1610612756,Phoenix,Suns,101108,Chris,Paul,0.0,5290.0,0,3.0,0.111
0022200794,1610612756,Phoenix,Suns,101108,Chris,Paul,9570.0,20530.0,2,14.0,0.171
0022200794,1610612756,Phoenix,Suns,101108,Chris,Paul,24920.0,28200.0,0,7.0,0.25
0022200794,1610612756,Phoenix,Suns,203967,Dario,Saric,3770.0,7055.0,0,-2.0,0.091
0022200794,1610612756,Phoenix,Suns,203967,Dario,Saric,7200.0,10400.0,4,1.0,0.273
0022200794,1610612756,Phoenix,Suns,203967,Dario,Saric,18250.0,21435.0,0,2.0,0.214
0022200794,1610612756,Phoenix,Suns,203967,Dario,Saric,21600.0,24920.0,2,-1.0,0.167
0022200794,1610612756,Phoenix,Suns,203967,Dario,Saric,28200.0,28800.0,0,-2.0,0.0
0022200794,1610612756,Phoenix,Suns,1627814,Damion,Lee,5290.0,10400.0,3,1.0,0.105
0022200794,1610612756,Phoenix,Suns,1627814,Damion,Lee,12410.0,14400.0,0,2.0,0.125
0022200794,1610612756,Phoenix,Suns,1627814,Damion,Lee,20600.0,23880.0,0,0.0,0.118
0022200794,1610612756,Phoenix,Suns,1627814,Damion,Lee,28200.0,28800.0,0,-2.0,0.0
0022200794,1610612756,Phoenix,Suns,1628470,Torrey,Craig,0.0,5290.0,8,3.0,0.222
0022200794,1610612756,Phoenix,Suns,1628470,Torrey,Craig,7055.0,7200.0,0,-2.0,0.0
0022200794,1610612756,Phoenix,Suns,1628470,Torrey,Craig,11370.0,20530.0,6,8.0,0.147
0022200794,1610612756,Phoenix,Suns,1628470,Torrey,Craig,21435.0,21600.0,0,0.0,0.0
0022200794,1610612756,Phoenix,Suns,1628470,Torrey,Craig,26430.0,28200.0,0,0.0,0.0
0022200794,1610612756,Phoenix,Suns,1628969,Mikal,Bridges,0.0,6360.0,8,6.0,0.304
0022200794,1610612756,Phoenix,Suns,1628969,Mikal,Bridges,10400.0,20600.0,10,10.0,0.27
0022200794,1610612756,Phoenix,Suns,1628969,Mikal,Bridges,23880.0,28200.0,6,4.0,0.25
0022200794,1610612756,Phoenix,Suns,1629028,Deandre,Ayton,0.0,5290.0,8,3.0,0.333
0022200794,1610612756,Phoenix,Suns,1629028,Deandre,Ayton,10400.0,20530.0,19,10.0,0.27
0022200794,1610612756,Phoenix,Suns,1629028,Deandre,Ayton,24920.0,28200.0,4,7.0,0.167
0022200794,1610612756,Phoenix,Suns,1629111,Jock,Landale,5290.0,8680.0,1,-3.0,0.154
0022200794,1610612756,Phoenix,Suns,1629111,Jock,Landale,20530.0,24920.0,6,-3.0,0.333
0022200794,1610612756,Phoenix,Suns,1629111,Jock,Landale,28200.0,28800.0,0,-2.0,0.0
0022200794,1610612756,Phoenix,Suns,1629661,Cameron,Johnson,0.0,3770.0,0,7.0,0.0
0022200794,1610612756,Phoenix,Suns,1629661,Cameron,Johnson,8680.0,12410.0,7,7.0,0.308
0022200794,1610612756,Phoenix,Suns,1629661,Cameron,Johnson,14400.0,18250.0,8,1.0,0.2
0022200794,1610612756,Phoenix,Suns,1629661,Cameron,Johnson,24920.0,27070.0,5,10.0,0.333
0022200794,1610612756,Phoenix,Suns,1630240,Saben,Lee,5290.0,9570.0,3,-3.0,0.188
0022200794,1610612756,Phoenix,Suns,1630240,Saben,Lee,20530.0,24920.0,0,-3.0,0.095
0022200794,1610612756,Phoenix,Suns,1630240,Saben,Lee,28200.0,28800.0,1,-2.0,0.333
0022200794,1610612756,Phoenix,Suns,1630688,Ish,Wainright,6360.0,11370.0,0,0.0,0.111
0022200794,1610612756,Phoenix,Suns,1630688,Ish,Wainright,20530.0,26430.0,5,4.0,0.143
0022200794,1610612756,Phoenix,Suns,1630688,Ish,Wainright,27070.0,28800.0,0,-5.0,0.0
0022200027,1610612756,Phoenix,Suns,101108,Chris,Paul,0.0,4440.0,0,6.0,0.059
0022200027,1610612756,Phoenix,Suns,101108,Chris,Paul,7200.0,10570.0,2,5.0,0.2
0022200027,1610612756,Phoenix,Suns,101108,Chris,Paul,13280.0,18930.0,4,-9.0,0.2
0022200027,1610612756,Phoenix,Suns,101108,Chris,Paul,23560.0,31788.0,4,-2.0,0.121
0022200027,1610612756,Phoenix,Suns,202687,Bismack,Biyombo,31788.0,31800.0,0,0.0,0.0
0022200027,1610612756,Phoenix,Suns,1626164,Devin,Booker,0.0,6860.0,7,1.0,0.269
0022200027,1610612756,Phoenix,Suns,1626164,Devin,Booker,9750.0,21000.0,16,-1.0,0.25
0022200027,1610612756,Phoenix,Suns,1626164,Devin,Booker,23560.0,31800.0,10,-2.0,0.343
0022200027,1610612756,Phoenix,Suns,1626166,Cameron,Payne,4440.0,7200.0,5,-3.0,0.182
0022200027,1610612756,Phoenix,Suns,1626166,Cameron,Payne,10570.0,13280.0,0,4.0,0.111
0022200027,1610612756,Phoenix,Suns,1626166,Cameron,Payne,18930.0,23560.0,0,-3.0,0.176
0022200027,1610612756,Phoenix,Suns,1627814,Damion,Lee,5800.0,12470.0,3,11.0,0.148
0022200027,1610612756,Phoenix,Suns,1627814,Damion,Lee,19960.0,31788.0,5,-8.0,0.065
0022200027,1610612756,Phoenix,Suns,1628470,Torrey,Craig,4440.0,7200.0,0,-3.0,0.091
0022200027,1610612756,Phoenix,Suns,1628470,Torrey,Craig,14400.0,17940.0,3,0.0,0.25
0022200027,1610612756,Phoenix,Suns,1628969,Mikal,Bridges,0.0,5800.0,4,1.0,0.182
0022200027,1610612756,Phoenix,Suns,1628969,Mikal,Bridges,7153.0,7200.0,0,0.0,0.0
0022200027,1610612756,Phoenix,Suns,1628969,Mikal,Bridges,10570.0,12470.0,0,4.0,0.143
0022200027,1610612756,Phoenix,Suns,1628969,Mikal,Bridges,14356.0,19960.0,6,2.0,0.25
0022200027,1610612756,Phoenix,Suns,1628969,Mikal,Bridges,22530.0,31800.0,3,-1.0,0.105
0022200027,1610612756,Phoenix,Suns,1629006,Josh,Okogie,6860.0,10570.0,0,7.0,0.063
0022200027,1610612756,Phoenix,Suns,1629006,Josh,Okogie,12470.0,14356.0,0,-8.0,0.0
0022200027,1610612756,Phoenix,Suns,1629006,Josh,Okogie,21000.0,23560.0,2,-4.0,0.1
0022200027,1610612756,Phoenix,Suns,1629028,Deandre,Ayton,0.0,5070.0,7,3.0,0.35
0022200027,1610612756,Phoenix,Suns,1629028,Deandre,Ayton,9530.0,18930.0,10,-2.0,0.242
0022200027,1610612756,Phoenix,Suns,1629028,Deandre,Ayton,23180.0,31800.0,9,0.0,0.333
0022200027,1610612756,Phoenix,Suns,1629111,Jock,Landale,5070.0,7153.0,0,0.0,0.0
0022200027,1610612756,Phoenix,Suns,1629111,Jock,Landale,7200.0,9530.0,2,2.0,0.364
0022200027,1610612756,Phoenix,Suns,1629111,Jock,Landale,18930.0,23180.0,4,-5.0,0.125
0022200027,1610612756,Phoenix,Suns,1629111,Jock,Landale,31788.0,31800.0,0,0.0,0.333
0022200027,1610612756,Phoenix,Suns,1629661,Cameron,Johnson,0.0,4440.0,5,6.0,0.176
0022200027,1610612756,Phoenix,Suns,1629661,Cameron,Johnson,7200.0,9750.0,0,2.0,0.25
0022200027,1610612756,Phoenix,Suns,1629661,Cameron,Johnson,12470.0,14400.0,0,-6.0,0.286
0022200027,1610612756,Phoenix,Suns,1629661,Cameron,Johnson,17940.0,22530.0,0,-7.0,0.176
0022201125,1610612756,Phoenix,Suns,101108,Chris,Paul,0.0,5040.0,3,7.0,0.158
0022201125,1610612756,Phoenix,Suns,101108,Chris,Paul,10290.0,19390.0,4,-11.0,0.167
0022201125,1610612756,Phoenix,Suns,101108,Chris,Paul,25820.0,27820.0,2,3.0,0.273
0022201125,1610612756,Phoenix,Suns,202687,Bismack,Biyombo,5040.0,9470.0,5,6.0,0.143
0022201125,1610612756,Phoenix,Suns,202687,Bismack,Biyombo,20550.0,25820.0,6,12.0,0.19
0022201125,1610612756,Phoenix,Suns,202687,Bismack,Biyombo,27820.0,28800.0,0,-1.0,0.0
0022201125,1610612756,Phoenix,Suns,203082,Terrence,Ross,7200.0,11980.0,3,-7.0,0.381
0022201125,1610612756,Phoenix,Suns,203082,Terrence,Ross,14165.0,14400.0,3,3.0,1.0
0022201125,1610612756,Phoenix,Suns,203082,Terrence,Ross,21600.0,25820.0,7,9.0,0.333
0022201125,1610612756,Phoenix,Suns,203933,T.J.,Warren,3880.0,6480.0,0,7.0,0.25
0022201125,1610612756,Phoenix,Suns,203933,T.J.,Warren,18750.0,28800.0,9,17.0,0.143
0022201125,1610612756,Phoenix,Suns,1626164,Devin,Booker,0.0,7200.0,18,11.0,0.452
0022201125,1610612756,Phoenix,Suns,1626164,Devin,Booker,10690.0,21600.0,4,-4.0,0.268
0022201125,1610612756,Phoenix,Suns,1626164,Devin,Booker,25820.0,27820.0,2,3.0,0.182
0022201125,1610612756,Phoenix,Suns,1626166,Cameron,Payne,5040.0,10290.0,5,2.0,0.16
0022201125,1610612756,Phoenix,Suns,1626166,Cameron,Payne,19390.0,25820.0,7,14.0,0.24
0022201125,1610612756,Phoenix,Suns,1626166,Cameron,Payne,27820.0,28800.0,0,-1.0,0.0
0022201125,1610612756,Phoenix,Suns,1627814,Damion,Lee,12230.0,14400.0,3,3.0,0.125
0022201125,1610612756,Phoenix,Suns,1628470,Torrey,Craig,0.0,3880.0,2,3.0,0.133
0022201125,1610612756,Phoenix,Suns,1628470,Torrey,Craig,10290.0,12230.0,0,-7.0,0.2
0022201125,1610612756,Phoenix,Suns,1628470,Torrey,Craig,14400.0,18750.0,2,-8.0,0.125
0022201125,1610612756,Phoenix,Suns,1629006,Josh,Okogie,0.0,3880.0,3,3.0,0.133
0022201125,1610612756,Phoenix,Suns,1629006,Josh,Okogie,9470.0,10690.0,0,-6.0,0.0
0022201125,1610612756,Phoenix,Suns,1629006,Josh,Okogie,11980.0,14165.0,1,-2.0,0.25
0022201125,1610612756,Phoenix,Suns,1629006,Josh,Okogie,14400.0,18960.0,5,-6.0,0.188
0022201125,1610612756,Phoenix,Suns,1629006,Josh,Okogie,27820.0,28800.0,0,-1.0,0.333
0022201125,1610612756,Phoenix,Suns,1629013,Landry,Shamet,3880.0,9470.0,0,10.0,0.083
0022201125,1610612756,Phoenix,Suns,1629013,Landry,Shamet,18960.0,21600.0,0,4.0,0.0
0022201125,1610612756,Phoenix,Suns,1629028,Deandre,Ayton,0.0,5040.0,4,7.0,0.158
0022201125,1610612756,Phoenix,Suns,1629028,Deandre,Ayton,9470.0,20550.0,10,-13.0,0.182
0022201125,1610612756,Phoenix,Suns,1629028,Deandre,Ayton,25820.0,27820.0,0,3.0,0.182
0022201125,1610612756,Phoenix,Suns,1630688,Ish,Wainright,6480.0,10290.0,3,-1.0,0.063
0022201125,1610612756,Phoenix,Suns,1630688,Ish,Wainright,21600.0,28800.0,6,11.0,0.156
0022200933,1610612756,Phoenix,Suns,101108,Chris,Paul,0.0,5120.0,2,1.0,0.2
0022200933,1610612756,Phoenix,Suns,101108,Chris,Paul,9500.0,19240.0,0,4.0,0.118
0022200933,1610612756,Phoenix,Suns,101108,Chris,Paul,23950.0,28800.0,0,4.0,0.15
0022200933,1610612756,Phoenix,Suns,201142,Kevin,Durant,0.0,3450.0,5,6.0,0.286
0022200933,1610612756,Phoenix,Suns,201142,Kevin,Durant,7200.0,11330.0,7,9.0,0.357
0022200933,1610612756,Phoenix,Suns,201142,Kevin,Durant,14400.0,18010.0,2,-4.0,0.154
0022200933,1610612756,Phoenix,Suns,201142,Kevin,Durant,21600.0,24820.0,9,3.0,0.455
0022200933,1610612756,Phoenix,Suns,201142,Kevin,Durant,27110.0,28800.0,0,-1.0,0.167
0022200933,1610612756,Phoenix,Suns,203933,T.J.,Warren,8180.0,12930.0,2,9.0,0.133
0022200933,1610612756,Phoenix,Suns,203933,T.J.,Warren,24110.0,27110.0,0,6.0,0.286
0022200933,1610612756,Phoenix,Suns,1626164,Devin,Booker,0.0,6560.0,8,7.0,0.28
0022200933,1610612756,Phoenix,Suns,1626164,Devin,Booker,11330.0,20690.0,21,-3.0,0.429
0022200933,1610612756,Phoenix,Suns,1626164,Devin,Booker,24820.0,28800.0,8,5.0,0.353
0022200933,1610612756,Phoenix,Suns,1626166,Cameron,Payne,5120.0,9500.0,2,9.0,0.125
0022200933,1610612756,Phoenix,Suns,1626166,Cameron,Payne,19240.0,23950.0,3,-4.0,0.294
0022200933,1610612756,Phoenix,Suns,1627814,Damion,Lee,5120.0,10200.0,2,11.0,0.105
0022200933,1610612756,Phoenix,Suns,1627814,Damion,Lee,19240.0,21600.0,0,-8.0,0.0
0022200933,1610612756,Phoenix,Suns,1627814,Damion,Lee,22790.0,24110.0,0,0.0,0.0
0022200933,1610612756,Phoenix,Suns,1628470,Torrey,Craig,3450.0,7200.0,3,-1.0,0.133
0022200933,1610612756,Phoenix,Suns,1628470,Torrey,Craig,12930.0,14400.0,5,-1.0,0.333
0022200933,1610612756,Phoenix,Suns,1628470,Torrey,Craig,18010.0,21600.0,0,-6.0,0.071
0022200933,1610612756,Phoenix,Suns,1629006,Josh,Okogie,0.0,5120.0,0,1.0,0.15
0022200933,1610612756,Phoenix,Suns,1629006,Josh,Okogie,10200.0,19240.0,0,2.0,0.063
0022200933,1610612756,Phoenix,Suns,1629006,Josh,Okogie,21600.0,22790.0,0,3.0,0.0
0022200933,1610612756,Phoenix,Suns,1629006,Josh,Okogie,24110.0,28800.0,4,5.0,0.15
0022200933,1610612756,Phoenix,Suns,1629028,Deandre,Ayton,0.0,5120.0,4,1.0,0.2
0022200933,1610612756,Phoenix,Suns,1629028,Deandre,Ayton,9500.0,19690.0,10,3.0,0.194
0022200933,1610612756,Phoenix,Suns,1629028,Deandre,Ayton,24110.0,28800.0,2,5.0,0.05
0022200933,1610612756,Phoenix,Suns,1629111,Jock,Landale,5120.0,9500.0,5,9.0,0.25
0022200933,1610612756,Phoenix,Suns,1629111,Jock,Landale,19690.0,24110.0,1,-4.0,0.267
0022200933,1610612756,Phoenix,Suns,1630688,Ish,Wainright,6560.0,8180.0,0,1.0,0.143
0022200933,1610612756,Phoenix,Suns,1630688,Ish,Wainright,20690.0,24110.0,0,-2.0,0.091
0022200762,1610612756,Phoenix,Suns,101108,Chris,Paul,0.0,5270.0,0,1.0,0.095
0022200762,1610612756,Phoenix,Suns,101108,Chris,Paul,7048.0,9500.0,6,4.0,0.25
0022200762,1610612756,Phoenix,Suns,101108,Chris,Paul,12090.0,21110.0,6,-9.0,0.242
0022200762,1610612756,Phoenix,Suns,101108,Chris,Paul,24740.0,28800.0,7,7.0,0.222
0022200762,1610612756,Phoenix,Suns,202687,Bismack,Biyombo,4910.0,9340.0,0,1.0,0.133
0022200762,1610612756,Phoenix,Suns,203967,Dario,Saric,4310.0,7048.0,2,-5.0,0.111
0022200762,1610612756,Phoenix,Suns,203967,Dario,Saric,9340.0,12090.0,3,1.0,0.273
0022200762,1610612756,Phoenix,Suns,203967,Dario,Saric,21600.0,24740.0,6,3.0,0.364
0022200762,1610612756,Phoenix,Suns,203967,Dario,Saric,28453.0,28490.0,0,1.0,0.0
0022200762,1610612756,Phoenix,Suns,1627814,Damion,Lee,7048.0,12090.0,5,7.0,0.211
0022200762,1610612756,Phoenix,Suns,1627814,Damion,Lee,14308.0,14400.0,0,0.0,0.0
0022200762,1610612756,Phoenix,Suns,1627814,Damion,Lee,21110.0,26800.0,5,1.0,0.263
0022200762,1610612756,Phoenix,Suns,1627814,Damion,Lee,28453.0,28800.0,1,2.0,0.2
0022200762,1610612756,Phoenix,Suns,1628470,Torrey,Craig,0.0,4310.0,0,5.0,0.056
0022200762,1610612756,Phoenix,Suns,1628470,Torrey,Craig,12090.0,14308.0,0,2.0,0.125
0022200762,1610612756,Phoenix,Suns,1628470,Torrey,Craig,14400.0,21600.0,2,-11.0,0.12
0022200762,1610612756,Phoenix,Suns,1628470,Torrey,Craig,26800.0,28453.0,0,7.0,0.25
0022200762,1610612756,Phoenix,Suns,1628470,Torrey,Craig,28490.0,28800.0,0,1.0,0.0
0022200762,1610612756,Phoenix,Suns,1628969,Mikal,Bridges,0.0,7200.0,16,3.0,0.321
0022200762,1610612756,Phoenix,Suns,1628969,Mikal,Bridges,9500.0,21600.0,9,-6.0,0.196
0022200762,1610612756,Phoenix,Suns,1628969,Mikal,Bridges,24740.0,28800.0,4,7.0,0.167
0022200762,1610612756,Phoenix,Suns,1629006,Josh,Okogie,7200.0,10700.0,3,2.0,0.308
0022200762,1610612756,Phoenix,Suns,1629028,Deandre,Ayton,0.0,4910.0,8,5.0,0.4
0022200762,1610612756,Phoenix,Suns,1629028,Deandre,Ayton,11060.0,21110.0,10,-9.0,0.263
0022200762,1610612756,Phoenix,Suns,1629028,Deandre,Ayton,24740.0,28453.0,4,5.0,0.143
0022200762,1610612756,Phoenix,Suns,1629111,Jock,Landale,9340.0,11060.0,0,1.0,0.0
0022200762,1610612756,Phoenix,Suns,1629111,Jock,Landale,21110.0,24740.0,4,3.0,0.308
0022200762,1610612756,Phoenix,Suns,1629661,Cameron,Johnson,0.0,3240.0,0,6.0,0.133
0022200762,1610612756,Phoenix,Suns,1629661,Cameron,Johnson,7048.0,7200.0,0,3.0,0.0
0022200762,1610612756,Phoenix,Suns,1629661,Cameron,Johnson,10700.0,18700.0,3,-10.0,0.161
0022200762,1610612756,Phoenix,Suns,1629661,Cameron,Johnson,24740.0,28800.0,1,7.0,0.167
0022200762,1610612756,Phoenix,Suns,1630240,Saben,Lee,5270.0,7048.0,0,-1.0,0.167
0022200762,1610612756,Phoenix,Suns,1630240,Saben,Lee,21600.0,24740.0,2,3.0,0.091
0022200762,1610612756,Phoenix,Suns,1630688,Ish,Wainright,3240.0,7048.0,2,-6.0,0.083
0022200762,1610612756,Phoenix,Suns,1630688,Ish,Wainright,7200.0,9340.0,3,3.0,0.286
0022200762,1610612756,Phoenix,Suns,1630688,Ish,Wainright,18700.0,24740.0,2,6.0,0.045
0022200490,1610612756,Phoenix,Suns,101108,Chris,Paul,0.0,4610.0,6,-17.0,0.313
0022200490,1610612756,Phoenix,Suns,101108,Chris,Paul,7200.0,12560.0,0,-5.0,0.056
0022200490,1610612756,Phoenix,Suns,101108,Chris,Paul,14400.0,19170.0,4,2.0,0.176
0022200490,1610612756,Phoenix,Suns,202687,Bismack,Biyombo,4610.0,10430.0,2,-3.0,0.182
0022200490,1610612756,Phoenix,Suns,202687,Bismack,Biyombo,15620.0,22620.0,4,-14.0,0.107
0022200490,1610612756,Phoenix,Suns,203967,Dario,Saric,2860.0,5160.0,0,-11.0,0.222
0022200490,1610612756,Phoenix,Suns,1627814,Damion,Lee,8470.0,12280.0,0,-4.0,0.0
0022200490,1610612756,Phoenix,Suns,1627814,Damion,Lee,14369.0,14400.0,0,0.0,0.0
0022200490,1610612756,Phoenix,Suns,1627814,Damion,Lee,19720.0,28800.0,10,-2.0,0.186
0022200490,1610612756,Phoenix,Suns,1628470,Torrey,Craig,0.0,2860.0,0,-11.0,0.222
0022200490,1610612756,Phoenix,Suns,1628470,Torrey,Craig,5160.0,8910.0,3,3.0,0.133
0022200490,1610612756,Phoenix,Suns,1628470,Torrey,Craig,14084.0,18770.0,5,5.0,0.222
0022200490,1610612756,Phoenix,Suns,1628969,Mikal,Bridges,0.0,5630.0,0,-19.0,0.1
0022200490,1610612756,Phoenix,Suns,1628969,Mikal,Bridges,8470.0,12560.0,5,-5.0,0.429
0022200490,1610612756,Phoenix,Suns,1628969,Mikal,Bridges,14400.0,18770.0,0,2.0,0.0
0022200490,1610612756,Phoenix,Suns,1628969,Mikal,Bridges,22620.0,25440.0,0,4.0,0.143
0022200490,1610612756,Phoenix,Suns,1629006,Josh,Okogie,4610.0,7200.0,0,-2.0,0.0
0022200490,1610612756,Phoenix,Suns,1629006,Josh,Okogie,12560.0,14369.0,0,3.0,0.111
0022200490,1610612756,Phoenix,Suns,1629006,Josh,Okogie,18770.0,28800.0,7,-6.0,0.128
0022200490,1610612756,Phoenix,Suns,1629013,Landry,Shamet,0.0,4610.0,0,-17.0,0.125
0022200490,1610612756,Phoenix,Suns,1629013,Landry,Shamet,5630.0,8470.0,5,0.0,0.417
0022200490,1610612756,Phoenix,Suns,1629013,Landry,Shamet,12280.0,19720.0,8,0.0,0.2
0022200490,1610612756,Phoenix,Suns,1629013,Landry,Shamet,21600.0,25530.0,2,0.0,0.294
0022200490,1610612756,Phoenix,Suns,1629028,Deandre,Ayton,0.0,4610.0,2,-17.0,0.188
0022200490,1610612756,Phoenix,Suns,1629028,Deandre,Ayton,10430.0,15620.0,10,2.0,0.286
0022200490,1610612756,Phoenix,Suns,1629028,Deandre,Ayton,22620.0,25440.0,6,4.0,0.286
0022200490,1610612756,Phoenix,Suns,1629111,Jock,Landale,11090.0,14084.0,1,-3.0,0.308
0022200490,1610612756,Phoenix,Suns,1629111,Jock,Landale,25440.0,28800.0,3,3.0,0.313
0022200490,1610612756,Phoenix,Suns,1630613,Duane,Washington Jr.,4610.0,8470.0,4,-2.0,0.25
0022200490,1610612756,Phoenix,Suns,1630613,Duane,Washington Jr.,12560.0,14400.0,3,3.0,0.4
0022200490,1610612756,Phoenix,Suns,1630613,Duane,Washington Jr.,19170.0,21600.0,1,-9.0,0.333
0022200490,1610612756,Phoenix,Suns,1630613,Duane,Washington Jr.,25530.0,28800.0,6,3.0,0.313
0022200490,1610612756,Phoenix,Suns,1630688,Ish,Wainright,8910.0,11090.0,0,-2.0,0.143
0022200490,1610612756,Phoenix,Suns,1630688,Ish,Wainright,18770.0,22620.0,2,-13.0,0.118
0022200490,1610612756,Phoenix,Suns,1630688,Ish,Wainright,25440.0,28800.0,1,3.0,0.125
0022200531,1610612756,Phoenix,Suns,101108,Chris,Paul,0.0,4430.0,0,-6.0,0.2
0022200531,1610612756,Phoenix,Suns,101108,Chris,Paul,7760.0,20330.0,17,2.0,0.286
0022200531,1610612756,Phoenix,Suns,101108,Chris,Paul,24710.0,28800.0,3,-5.0,0.214
0022200531,1610612756,Phoenix,Suns,203967,Dario,Saric,6420.0,11780.0,3,0.0,0.25
0022200531,1610612756,Phoenix,Suns,203967,Dario,Saric,16440.0,18690.0,4,1.0,0.3
0022200531,1610612756,Phoenix,Suns,203967,Dario,Saric,21598.0,25990.0,2,9.0,0.188
0022200531,1610612756,Phoenix,Suns,1627814,Damion,Lee,4430.0,10250.0,6,8.0,0.2
0022200531,1610612756,Phoenix,Suns,1627814,Damion,Lee,12670.0,14400.0,0,5.0,0.0
0022200531,1610612756,Phoenix,Suns,1627814,Damion,Lee,19280.0,24200.0,0,4.0,0.19
0022200531,1610612756,Phoenix,Suns,1628470,Torrey,Craig,0.0,5460.0,10,-3.0,0.211
0022200531,1610612756,Phoenix,Suns,1628470,Torrey,Craig,10250.0,19280.0,2,-10.0,0.158
0022200531,1610612756,Phoenix,Suns,1628470,Torrey,Craig,25280.0,28800.0,1,-8.0,0.167
0022200531,1610612756,Phoenix,Suns,1628969,Mikal,Bridges,0.0,6420.0,0,-6.0,0.045
0022200531,1610612756,Phoenix,Suns,1628969,Mikal,Bridges,10250.0,21598.0,12,-9.0,0.163
0022200531,1610612756,Phoenix,Suns,1628969,Mikal,Bridges,24200.0,28800.0,9,-5.0,0.313
0022200531,1610612756,Phoenix,Suns,1629006,Josh,Okogie,0.0,4430.0,5,-6.0,0.267
0022200531,1610612756,Phoenix,Suns,1629006,Josh,Okogie,11780.0,12670.0,0,-1.0,0.0
0022200531,1610612756,Phoenix,Suns,1629006,Josh,Okogie,14400.0,16440.0,0,-9.0,0.222
0022200531,1610612756,Phoenix,Suns,1629028,Deandre,Ayton,0.0,5460.0,2,-3.0,0.211
0022200531,1610612756,Phoenix,Suns,1629028,Deandre,Ayton,10250.0,19280.0,2,-10.0,0.184
0022200531,1610612756,Phoenix,Suns,1629028,Deandre,Ayton,24710.0,28800.0,0,-5.0,0.071
0022200531,1610612756,Phoenix,Suns,1629111,Jock,Landale,5460.0,10250.0,2,5.0,0.063
0022200531,1610612756,Phoenix,Suns,1629111,Jock,Landale,19280.0,24710.0,4,4.0,0.087
0022200531,1610612756,Phoenix,Suns,1630613,Duane,Washington Jr.,4430.0,7760.0,2,-3.0,0.417
0022200531,1610612756,Phoenix,Suns,1630613,Duane,Washington Jr.,20330.0,24710.0,9,3.0,0.4
0022200531,1610612756,Phoenix,Suns,1630613,Duane,Washington Jr.,28673.0,28800.0,0,0.0,1.0
0022200531,1610612756,Phoenix,Suns,1630688,Ish,Wainright,5460.0,10250.0,3,5.0,0.063
0022200531,1610612756,Phoenix,Suns,1630688,Ish,Wainright,18690.0,25280.0,6,9.0,0.179
0022200531,1610612756,Phoenix,Suns,1630688,Ish,Wainright,25990.0,28673.0,0,-11.0,0.0
0022200139,1610612756,Phoenix,Suns,101108,Chris,Paul,0.0,4620.0,5,8.0,0.188
0022200139,1610612756,Phoenix,Suns,101108,Chris,Paul,9120.0,19110.0,10,8.0,0.205
0022200139,1610612756,Phoenix,Suns,202687,Bismack,Biyombo,10320.0,14400.0,0,11.0,0.133
0022200139,1610612756,Phoenix,Suns,202687,Bismack,Biyombo,24590.0,28800.0,3,-9.0,0.263
0022200139,1610612756,Phoenix,Suns,203967,Dario,Saric,6260.0,9780.0,0,0.0,0.188
0022200139,1610612756,Phoenix,Suns,203967,Dario,Saric,19720.0,28800.0,9,2.0,0.229
0022200139,1610612756,Phoenix,Suns,1626164,Devin,Booker,0.0,6601.0,7,6.0,0.304
0022200139,1610612756,Phoenix,Suns,1626164,Devin,Booker,10710.0,21600.0,17,13.0,0.372
0022200139,1610612756,Phoenix,Suns,1627814,Damion,Lee,4620.0,10710.0,6,2.0,0.167
0022200139,1610612756,Phoenix,Suns,1627814,Damion,Lee,18140.0,28800.0,3,-3.0,0.024
0022200139,1610612756,Phoenix,Suns,1628470,Torrey,Craig,0.0,4620.0,5,8.0,0.25
0022200139,1610612756,Phoenix,Suns,1628470,Torrey,Craig,9780.0,18140.0,0,14.0,0.063
0022200139,1610612756,Phoenix,Suns,1628969,Mikal,Bridges,0.0,6260.0,7,9.0,0.143
0022200139,1610612756,Phoenix,Suns,1628969,Mikal,Bridges,9780.0,19720.0,4,9.0,0.158
0022200139,1610612756,Phoenix,Suns,1629006,Josh,Okogie,6601.0,9120.0,0,5.0,0.182
0022200139,1610612756,Phoenix,Suns,1629006,Josh,Okogie,21600.0,28800.0,4,-3.0,0.25
0022200139,1610612756,Phoenix,Suns,1629013,Landry,Shamet,4620.0,9780.0,3,1.0,0.095
0022200139,1610612756,Phoenix,Suns,1629013,Landry,Shamet,19110.0,25540.0,5,10.0,0.174
0022200139,1610612756,Phoenix,Suns,1629028,Deandre,Ayton,0.0,4280.0,6,2.0,0.286
0022200139,1610612756,Phoenix,Suns,1629028,Deandre,Ayton,9780.0,10320.0,0,1.0,0.5
0022200139,1610612756,Phoenix,Suns,1629028,Deandre,Ayton,14400.0,19110.0,1,-2.0,0.15
0022200139,1610612756,Phoenix,Suns,1629111,Jock,Landale,4280.0,9780.0,3,7.0,0.174
0022200139,1610612756,Phoenix,Suns,1629111,Jock,Landale,19110.0,24590.0,2,10.0,0.167
0022200139,1610612756,Phoenix,Suns,1630613,Duane,Washington Jr.,25540.0,28800.0,2,-9.0,0.429
